0.00942477796077 4841.17431641 1343.31237793
0.0157079632679 5641.2265625 982.395874023
0.0219911485751 5237.21386719 589.480957031
0.0282743338823 4449.71728516 411.580627441
0.0345575191895 3679.56054688 257.145843506
0.0408407044967 3064.82763672 200.071304321
0.0471238898038 2666.65405273 138.935379028
0.053407075111 2391.52441406 115.035415649
0.0596902604182 2244.67944336 92.8973464966
0.0659734457254 2059.92773438 79.1374893188
0.0722566310326 1910.15527344 67.0694961548
0.0785398163397 1659.41772461 52.9437904358
0.0848230016469 1450.84472656 42.2463188171
0.0911061869541 1249.01672363 35.1240310669
0.0973893722613 1129.23901367 28.8600540161
0.103672557568 1019.85345459 25.1385593414
0.109955742876 953.317016602 21.5666027069
0.116238928183 902.616577148 19.6468906403
0.12252211349 852.918151855 17.4080963135
0.128805298797 820.539489746 16.027879715
0.135088484104 756.581726074 14.1465749741
0.141371669412 685.263305664 12.2121801376
0.147654854719 628.704101562 10.6537055969
0.153938040026 578.422912598 9.56491470337
0.160221225333 534.711730957 8.31958293915
0.16650441064 493.20892334 7.48828220367
0.172787595947 479.326904297 6.91087055206
0.179070781255 462.249969482 6.61556005478
0.185353966562 440.380493164 5.92439031601
0.191637151869 421.977416992 5.62884569168
0.197920337176 395.63067627 4.97881650925
0.204203522483 369.232208252 4.58847475052
0.210486707791 344.738250732 4.11025953293
0.216769893098 327.76171875 3.82369160652
0.223053078405 309.947509766 3.50559067726
0.229336263712 298.206878662 3.28699922562
0.235619449019 285.531402588 3.07167410851
0.241902634326 279.576751709 2.91992735863
0.248185819634 265.034545898 2.69392371178
0.254469004941 255.382278442 2.55164575577
0.260752190248 245.381439209 2.37179899216
0.267035375555 234.432510376 2.22602438927
0.273318560862 224.710998535 2.0693192482
0.279601746169 211.927825928 1.92121171951
0.285884931477 204.914520264 1.81511557102
0.292168116784 196.232147217 1.71393835545
0.298451302091 189.997146606 1.610283494
0.304734487398 184.335342407 1.53790009022
0.311017672705 177.351348877 1.44276404381
0.317300858013 171.337005615 1.37573575974
0.32358404332 165.571029663 1.29140722752
0.329867228627 159.424591064 1.23268449306
0.336150413934 155.700515747 1.17187798023
0.342433599241 150.233596802 1.12567877769
0.348716784548 144.052108765 1.04543232918
0.354999969856 142.184020996 1.02251207829
0.361283155163 136.134368896 0.963196277618
0.36756634047 131.661056519 0.9097032547
0.373849525777 129.680465698 0.886914134026
0.380132711084 125.493003845 0.838666558266
0.386415896392 121.760787964 0.805822253227
0.392699081699 117.984321594 0.76968640089
0.398982267006 113.262405396 0.719596326351
0.405265452313 110.851150513 0.705584287643
0.41154863762 108.385467529 0.668007314205
0.417831822927 105.269447327 0.649233222008
0.424115008235 102.782325745 0.619552373886
0.430398193542 99.7638626099 0.592747092247
0.436681378849 98.2273712158 0.576974213123
0.442964564156 95.2518310547 0.552632689476
0.449247749463 92.613319397 0.529874563217
0.455530934771 90.3578338623 0.509733438492
0.461814120078 88.3916702271 0.488130867481
0.468097305385 87.0114822388 0.479998528957
0.474380490692 85.2843856812 0.460413843393
0.480663675999 83.0077514648 0.445787101984
0.486946861306 81.1530456543 0.42923232913
0.493230046614 79.1411209106 0.413952171803
0.499513231921 77.4718933105 0.400096356869
0.505796417228 75.5274963379 0.38605427742
0.512079602535 74.4013977051 0.374639540911
0.518362787842 72.5283432007 0.359885901213
0.524645973149 71.4299850464 0.352332860231
0.530929158457 69.44921875 0.339194506407
0.537212343764 68.4367523193 0.328571170568
0.543495529071 67.3177337646 0.32100725174
0.549778714378 65.489616394 0.308234006166
0.556061899685 64.7997360229 0.30400454998
0.562345084993 63.1063270569 0.289223343134
0.5686282703 61.8077964783 0.28236797452
0.574911455607 60.5051956177 0.273729681969
0.581194640914 59.4922599792 0.266039043665
0.587477826221 58.738697052 0.260081589222
0.593761011528 57.6008911133 0.252788841724
0.600044196836 56.519733429 0.245091065764
0.606327382143 55.4476661682 0.239183977246
0.61261056745 54.4345664978 0.231177017093
0.618893752757 53.7699165344 0.226741060615
0.625176938064 52.8971977234 0.220887869596
0.631460123372 51.7251853943 0.214483812451
0.637743308679 51.0973587036 0.208865553141
0.644026493986 50.1438865662 0.204231664538
0.650309679293 49.0729942322 0.197289913893
0.6565928646 48.4660186768 0.19360679388
0.662876049907 47.9910354614 0.189810246229
0.669159235215 46.9901771545 0.184509888291
0.675442420522 46.0779380798 0.178687021136
0.681725605829 45.511089325 0.176232486963
0.688008791136 45.2861671448 0.172506198287
0.694291976443 43.968006134 0.167473316193
0.700575161751 43.650100708 0.16340996325
0.706858347058 42.6960601807 0.159466549754
0.713141532365 42.2068328857 0.155932217836
0.719424717672 41.6304626465 0.152679085732
0.725707902979 40.5538864136 0.147585898638
0.731991088286 40.5995025635 0.146720960736
0.738274273594 39.796875 0.142466574907
0.744557458901 39.2835006714 0.140034392476
0.750840644208 38.5988044739 0.136307060719
0.757123829515 38.2262268066 0.133786335588
0.763407014822 37.554145813 0.130492627621
0.769690200129 37.3042793274 0.128813877702
0.775973385437 36.4799728394 0.124647535384
0.782256570744 36.185256958 0.123114056885
0.788539756051 35.8108406067 0.120525881648
0.794822941358 35.0335769653 0.118191346526
0.801106126665 34.7741775513 0.115490749478
0.807389311973 34.2908325195 0.113462418318
0.81367249728 33.9225502014 0.111103385687
0.819955682587 33.4077453613 0.108945935965
0.826238867894 33.0615653992 0.106975950301
0.832522053201 32.6148910522 0.104719407856
0.838805238508 32.2905960083 0.102828554809
0.845088423816 31.789642334 0.101318262517
0.851371609123 31.2792415619 0.0985021516681
0.85765479443 31.1957149506 0.0975375324488
0.863937979737 30.5089817047 0.0950079783797
0.870221165044 30.3001918793 0.0935984179378
0.876504350352 29.9388103485 0.0920593813062
0.882787535659 29.6484394073 0.0903045684099
0.889070720966 29.333946228 0.0890289768577
0.895353906273 28.7891216278 0.086856842041
0.90163709158 28.5477161407 0.0853343084455
0.907920276887 28.1898994446 0.0840810388327
0.914203462195 27.9451313019 0.0823952257633
0.920486647502 27.683883667 0.0816003382206
0.926769832809 27.2258548737 0.0794845297933
0.933053018116 26.9893379211 0.0784656479955
0.939336203423 26.8860187531 0.0774970054626
0.945619388731 26.4524917603 0.0762260183692
0.951902574038 26.1101264954 0.0745251849294
0.958185759345 26.0321521759 0.0740211755037
0.964468944652 25.6976013184 0.0722585469484
0.970752129959 25.4207763672 0.07142162323
0.977035315266 25.0593166351 0.0699784085155
0.983318500574 24.8689575195 0.069120272994
0.989601685881 24.6110744476 0.0679253786802
0.995884871188 24.3633041382 0.0668207332492
1.0021680565 24.1708011627 0.0659787356853
1.0084512418 23.9205932617 0.0650818943977
1.01473442711 23.6455192566 0.0637083128095
1.02101761242 23.4370937347 0.0629315674305
1.02730079772 23.1966342926 0.0620347969234
1.03358398303 22.8604373932 0.0607508197427
1.03986716834 22.7277851105 0.0600796304643
1.04615035365 22.5116386414 0.0593189708889
1.05243353895 22.3987121582 0.0585500746965
1.05871672426 22.0921173096 0.0576663129032
1.06499990957 21.8823661804 0.0565789528191
1.07128309487 21.7468719482 0.0560659132898
1.07756628018 21.4350337982 0.0549689978361
1.08384946549 21.2853965759 0.0543596111238
1.0901326508 21.1688632965 0.0537605434656
1.0964158361 20.9022541046 0.0528107918799
1.10269902141 20.7874603271 0.0522284135222
1.10898220672 20.5397186279 0.051488596946
1.11526539202 20.3777065277 0.0508441701531
1.12154857733 20.2449645996 0.0501761958003
1.12783176264 20.0092563629 0.0493054203689
1.13411494795 19.8091449738 0.0486421138048
1.14039813325 19.6419029236 0.0481143631041
1.14668131856 19.4597892761 0.0473351851106
1.15296450387 19.2869338989 0.046623211354
1.15924768917 19.1004505157 0.046146903187
1.16553087448 19.0319080353 0.0456391870975
1.17181405979 18.8924102783 0.0451712198555
1.1780972451 18.609205246 0.0441661514342
1.1843804304 18.5590457916 0.0441103875637
1.19066361571 18.338098526 0.0432016253471
1.19694680102 18.1878967285 0.0428093969822
1.20322998632 18.0880832672 0.0421453863382
1.20951317163 17.9227104187 0.0418389812112
1.21579635694 17.7518920898 0.0410823561251
1.22207954225 17.6764621735 0.040824316442
1.22836272755 17.4885177612 0.0401272363961
1.23464591286 17.3769397736 0.0397480949759
1.24092909817 17.2458953857 0.0394020341337
1.24721228348 17.1088600159 0.0387896746397
1.25349546878 16.9066371918 0.0382075756788
1.25977865409 16.7895755768 0.0378152616322
1.2660618394 16.7885818481 0.03758507967
1.2723450247 16.6044464111 0.037101700902
1.27862821001 16.4775485992 0.0365576893091
1.28491139532 16.3173294067 0.0362144298851
1.29119458063 16.1977005005 0.0356268249452
1.29747776593 16.1116142273 0.0354495607316
1.30376095124 16.0104808807 0.0350232683122
1.31004413655 15.8179607391 0.03452161327
1.31632732185 15.7695331573 0.0342061445117
1.32261050716 15.6650056839 0.0338869914412
1.32889369247 15.4994716644 0.0334143489599
1.33517687778 15.4783973694 0.0332088433206
1.34146006308 15.3038702011 0.0326455719769
1.34774324839 15.2028503418 0.0324295312166
1.3540264337 15.1358165741 0.0321218632162
1.360309619 14.9749956131 0.031651943922
1.36659280431 14.872710228 0.0313509590924
1.37287598962 14.7618932724 0.0309437867254
1.37915917493 14.6580429077 0.0306941550225
1.38544236023 14.5441274643 0.0303098633885
1.39172554554 14.4517202377 0.0299771707505
1.39800873085 14.3777999878 0.0297574717551
1.40429191615 14.2963867188 0.0294298697263
1.41057510146 14.1378984451 0.0290721058846
1.41685828677 14.0935163498 0.0288041643798
1.42314147208 14.017285347 0.0286322087049
1.42942465738 13.9506521225 0.0282946545631
1.43570784269 13.8303260803 0.028015056625
1.441991028 13.7417955399 0.0276880115271
1.4482742133 13.6105928421 0.0274323131889
1.45455739861 13.5472192764 0.0271250512451
1.46084058392 13.4685201645 0.0269017405808
1.46712376923 13.3666801453 0.0265806037933
1.47340695453 13.3350038528 0.0264707747847
1.47969013984 13.2323560715 0.0261467471719
1.48597332515 13.1295986176 0.0258779842407
1.49225651046 13.0286769867 0.025605853647
1.49853969576 13.0022096634 0.0254875458777
1.50482288107 12.8758001328 0.0250808931887
1.51110606638 12.8605079651 0.0250131748617
1.51738925168 12.7706899643 0.0247211623937
1.52367243699 12.6844511032 0.0245009269565
1.5299556223 12.5924091339 0.0242246445268
1.53623880761 12.5289478302 0.0240342542529
1.54252199291 12.4234342575 0.023795992136
1.54880517822 12.4204072952 0.0236949268728
1.55508836353 12.3172941208 0.0233650263399
1.56137154883 12.2752141953 0.0232989024371
1.56765473414 12.1681127548 0.0229808203876
1.57393791945 12.0986413956 0.0227828882635
1.58022110476 12.0397186279 0.0225813016295
1.58650429006 11.9263648987 0.0223499909043
1.59278747537 11.9006910324 0.0222208369523
1.59907066068 11.8257350922 0.0219638440758
1.60535384598 11.7605752945 0.0218062698841
1.61163703129 11.9693222046 0.0220684036613
1.6179202166 11.6190700531 0.0214221514761
1.62420340191 11.6018228531 0.0213098656386
1.63048658721 11.4711427689 0.021031871438
1.63676977252 11.4362678528 0.020893316716
1.64305295783 11.4052066803 0.0207672026008
1.64933614313 11.2746925354 0.0205134060234
1.65561932844 11.2597951889 0.0203605480492
1.66190251375 11.2036294937 0.020247977227
1.66818569906 11.1224918365 0.0199926644564
1.67446888436 11.0740585327 0.0199236553162
1.68075206967 11.0202798843 0.0197247825563
1.68703525498 10.9551362991 0.0195324122906
1.69331844028 10.911444664 0.0194083917886
1.69960162559 10.8555021286 0.0193122345954
1.7058848109 10.7964801788 0.0190656315535
1.71216799621 10.7247753143 0.0189542286098
1.71845118151 10.6743297577 0.0187655575573
1.72473436682 10.6188497543 0.0186671186239
1.73101755213 10.5664672852 0.0184967815876
1.73730073744 10.5243682861 0.0183471366763
1.74358392274 10.4435472488 0.0182216297835
1.74986710805 10.3992033005 0.0180526804179
1.75615029336 10.3278541565 0.0178858917207
1.76243347866 10.310500145 0.017808817327
1.76871666397 10.220708847 0.0176060497761
1.77499984928 10.2084589005 0.0175460036844
1.78128303459 10.12296772 0.0173280499876
1.78756621989 10.1347837448 0.0173327792436
1.7938494052 10.0389995575 0.0170808378607
1.80013259051 9.95670318604 0.01697454229
1.80641577581 9.95480251312 0.0168580710888
1.81269896112 9.91980266571 0.0167929828167
1.81898214643 9.85651683807 0.0166075583547
1.82526533174 9.80514907837 0.0164996441454
1.83154851704 9.77516746521 0.0163991414011
1.83783170235 9.73276996613 0.0162862446159
1.84411488766 9.66704177856 0.0161218717694
1.85039807296 9.62666988373 0.0160466954112
1.85668125827 9.59685707092 0.015927804634
1.86296444358 9.56024646759 0.0158484242857
1.86924762889 9.50447940826 0.0156935099512
1.87553081419 9.42938232422 0.0155500303954
1.8818139995 9.43840885162 0.0155191980302
1.88809718481 9.37247562408 0.0153799438849
1.89438037011 9.33186912537 0.0152819463983
1.90066355542 9.30827236176 0.0151602486148
1.90694674073 9.24911689758 0.0150692388415
1.91322992604 9.21240997314 0.0149761764333
1.91951311134 9.15955162048 0.0148266516626
1.92579629665 9.14157295227 0.0147856529802
1.93207948196 9.09306526184 0.0146362381056
1.93836266726 9.08142662048 0.0146362232044
1.94464585257 9.00729084015 0.0144375702366
1.95092903788 8.97747612 0.0143756456673
1.95721222319 8.96004676819 0.0142900021747
1.96349540849 8.91234016418 0.0142014073208
1.9697785938 8.88214015961 0.0141149414703
1.97606177911 8.85447597504 0.0140174450353
1.98234496442 8.79604244232 0.0139146288857
1.98862814972 8.7761516571 0.0138528412208
1.99491133503 8.70117950439 0.0137064289302
2.00119452034 8.70498561859 0.0136726927012
2.00747770564 8.68166446686 0.0135965971276
2.01376089095 8.65281772614 0.0135318953544
2.02004407626 8.58252811432 0.0133838430047
2.02632726157 8.55640029907 0.0133007792756
2.03261044687 8.52198219299 0.0132312467322
2.03889363218 8.49771785736 0.0131808752194
2.04517681749 8.46388435364 0.0130678778514
2.05146000279 8.43462276459 0.013000190258
2.0577431881 8.41354656219 0.0129346866161
2.06402637341 8.38156795502 0.0128630278632
2.07030955872 8.34139633179 0.0127631062642
2.07659274402 8.30941009521 0.0126924524084
2.08287592933 8.27051258087 0.0126260863617
2.08915911464 8.24181556702 0.0125484149903
2.09544229994 8.22160434723 0.0124549707398
2.10172548525 8.18415546417 0.0124135576189
2.10800867056 8.15875339508 0.0123159978539
2.11429185587 8.1332321167 0.0122633324936
2.12057504117 8.12208747864 0.0122132766992
2.12685822648 8.106508255 0.0121523058042
2.13314141179 8.05015659332 0.0120510477573
2.13942459709 8.03607177734 0.0119948666543
2.1457077824 8.00394439697 0.011929619126
2.15199096771 7.98305702209 0.0118846511468
2.15827415302 7.94160938263 0.0117657929659
2.16455733832 7.92951202393 0.0117557672784
2.17084052363 7.90063762665 0.0116534493864
2.17712370894 7.88092947006 0.0116311619058
2.18340689424 7.86301517487 0.0115662543103
2.18969007955 7.83450460434 0.0114892348647
2.19597326486 7.79192256927 0.0114096878096
2.20225645017 7.78943395615 0.0113849323243
2.20853963547 7.75046539307 0.0113031594083
2.21482282078 7.73589038849 0.0112537639216
2.22110600609 7.70777845383 0.0111803226173
2.2273891914 7.70208883286 0.0111672077328
2.2336723767 7.66995000839 0.0110681867227
2.23995556201 7.63553667068 0.0110253477469
2.24623874732 7.6259303093 0.0109683908522
2.25252193262 7.61046886444 0.0109310224652
2.25880511793 7.58650493622 0.0108755715191
2.26508830324 7.56303358078 0.0108015611768
2.27137148855 7.55525970459 0.0107869161293
2.27765467385 7.51908397675 0.0106930257753
2.28393785916 7.51054143906 0.0106669133529
2.29022104447 7.49050235748 0.010620098561
2.29650422977 7.46766042709 0.0105447657406
2.30278741508 7.44380331039 0.0105264056474
2.30907060039 7.43441438675 0.0104523291811
2.3153537857 7.42033100128 0.0104310689494
2.321636971 7.38335180283 0.0103398524225
2.32792015631 7.39701938629 0.0103526143357
2.33420334162 7.37244462967 0.0102939093485
2.34048652692 7.34202337265 0.0102226389572
2.34676971223 7.34418964386 0.0101982662454
2.35305289754 7.32119131088 0.0101485215127
2.35933608285 7.30597543716 0.0101082315668
2.36561926815 7.30082559586 0.0100890221074
2.37190245346 7.27918958664 0.0100108785555
2.37818563877 7.27149200439 0.010000073351
2.38446882407 7.26024007797 0.00994751043618
2.39075200938 7.23356819153 0.00990456435829
2.39703519469 7.21785259247 0.00986178126186
2.40331838 7.21335554123 0.00982194393873
2.4096015653 7.19051074982 0.00977075565606
2.41588475061 7.17906522751 0.00973984133452
2.42216793592 7.17206382751 0.00969723518938
2.42845112122 7.14793395996 0.00967254675925
2.43473430653 7.14328861237 0.00961888581514
2.44101749184 7.14677095413 0.00961242429912
2.44730067715 7.12328767776 0.00954450108111
2.45358386245 7.11476802826 0.00953685399145
2.45986704776 7.0995850563 0.00947630498558
2.46615023307 7.08077526093 0.00944200344384
2.47243341838 7.07909393311 0.00941715203226
2.47871660368 7.06322908401 0.00938152056187
2.48499978899 7.06035661697 0.00934367999434
2.4912829743 7.05116033554 0.00931342598051
2.4975661596 7.03693532944 0.00928586814553
2.50384934491 7.03023719788 0.00924215558916
2.51013253022 7.03263807297 0.0092262821272
2.51641571553 7.02964019775 0.00920498091727
2.52269890083 7.01136159897 0.00914971530437
2.52898208614 7.01548576355 0.00915169063956
2.53526527145 6.99387121201 0.00909166410565
2.54154845675 7.00459003448 0.00908785685897
2.54783164206 7.00867509842 0.00906270649284
2.55411482737 6.98501968384 0.00903304386884
2.56039801268 6.97610044479 0.00899075437337
2.56668119798 6.96983194351 0.00895152706653
2.57296438329 6.97239971161 0.0089481510222
2.5792475686 6.97256660461 0.00892388541251
2.5855307539 6.95028591156 0.00887136440724
2.59181393921 6.95938444138 0.00887087639421
2.59809712452 6.95108222961 0.00883654225618
2.60438030983 6.94360303879 0.00881637725979
2.61066349513 6.95006513596 0.00878102052957
2.61694668044 6.93462276459 0.00876499712467
2.62322986575 6.93164539337 0.00873799156398
2.62951305105 6.9445271492 0.00871578138322
2.63579623636 6.94119215012 0.00870475452393
2.64207942167 6.93091249466 0.00866735912859
2.64836260698 6.92779970169 0.00864749681205
2.65464579228 6.93567705154 0.0086281215772
2.66092897759 6.93962335587 0.0086157405749
2.6672121629 6.93272447586 0.00859704054892
2.6734953482 6.93884372711 0.00856389757246
2.67977853351 6.92843866348 0.00854908209294
2.68606171882 6.92199611664 0.00851605087519
2.69234490413 6.94102716446 0.00852292403579
2.69862808943 6.94471883774 0.00850216392428
2.70491127474 6.93893146515 0.00848181731999
2.71119446005 6.9345664978 0.00845195632428
2.71747764536 6.93385219574 0.00843118596822
2.72376083066 6.93563938141 0.00841076299548
2.73004401597 6.9378361702 0.00838911347091
2.73632720128 6.9458193779 0.00839691795409
2.74261038658 6.94544458389 0.00836682878435
2.74889357189 6.96250963211 0.00835394766182
2.7551767572 6.9659614563 0.00835319049656
2.76145994251 6.95138454437 0.00830708630383
2.76774312781 6.96801710129 0.00831310078502
2.77402631312 6.96824026108 0.00828873086721
2.78030949843 6.98180055618 0.00828725006431
2.78659268373 6.98564147949 0.00827233400196
2.79287586904 6.99354219437 0.00826055649668
2.79915905435 6.99347829819 0.00823214929551
2.80544223966 6.99385738373 0.00822593364865
2.81172542496 7.01549863815 0.00821421388537
2.81800861027 7.01707458496 0.00822569150478
2.82429179558 7.02887582779 0.00818303320557
2.83057498088 7.0285949707 0.00817817077041
2.83685816619 7.04099369049 0.00817113462836
2.8431413515 7.04578304291 0.00815988983959
2.84942453681 7.0505900383 0.00814359821379
2.85570772211 7.05433893204 0.00812928564847
2.86199090742 7.07833862305 0.00813491735607
2.86827409273 7.08395004272 0.00811927113682
2.87455727803 7.08932352066 0.00810420699418
2.88084046334 7.10902452469 0.00810946524143
2.88712364865 7.10328388214 0.00808071158826
2.89340683396 7.12136077881 0.00808844063431
2.89969001926 7.13517284393 0.00807557161897
2.90597320457 7.14291906357 0.00806902721524
2.91225638988 7.14648914337 0.0080436700955
2.91853957518 7.17319250107 0.00806131027639
2.92482276049 7.17012739182 0.00803360249847
2.9311059458 7.18663644791 0.00803168304265
2.93738913111 7.19565343857 0.00802761130035
2.94367231641 7.2054309845 0.00801439397037
2.94995550172 7.23189353943 0.00801733881235
2.95623868703 7.23434352875 0.00801280979067
2.96252187234 7.25982141495 0.00800350960344
2.96880505764 7.27092266083 0.00800584256649
2.97508824295 7.28536891937 0.0079991100356
2.98137142826 7.29230594635 0.00798660889268
2.98765461356 7.30847644806 0.00798076018691
2.99393779887 7.33128738403 0.00798940192908
3.00022098418 7.33700370789 0.00797918438911
3.00650416949 7.3610367775 0.00797793269157
3.01278735479 7.38319253922 0.0079776616767
3.0190705401 7.38741159439 0.00796941295266
3.02535372541 7.39446210861 0.00794964935631
3.03163691071 7.4053068161 0.00795221515
3.03792009602 7.43070554733 0.00794507935643
3.04420328133 7.45531272888 0.00795996189117
3.05048646664 7.48158502579 0.00796268694103
3.05676965194 7.48607730865 0.00795229896903
3.06305283725 7.50784063339 0.00794562511146
3.06933602256 7.52384662628 0.00795071572065
3.07561920786 7.53757762909 0.00793477147818
3.08190239317 7.57505083084 0.00796463899314
3.08818557848 7.57730579376 0.00793678034097
3.09446876379 7.59756946564 0.00794747192413
3.10075194909 7.61939573288 0.00793598871678
3.1070351344 7.64578104019 0.00795662216842
3.11331831971 7.67104625702 0.00794881023467
3.11960150501 7.67898464203 0.00795056112111
3.12588469032 7.70275211334 0.00794072356075
3.13216787563 7.73572206497 0.00796111766249
3.13845106094 7.76302862167 0.00796425063163
3.14473424624 7.77129983902 0.00795075297356
3.15101743155 7.80551815033 0.00797263905406
3.15730061686 7.82689571381 0.00796440895647
3.16358380216 7.83627557755 0.00795629993081
3.16986698747 7.85877561569 0.00796443410218
3.17615017278 7.89977407455 0.00796811841428
3.18243335809 7.91392707825 0.00798081886023
3.18871654339 7.93233633041 0.0079640140757
3.1949997287 7.97057819366 0.00798627361655
3.20128291401 7.98758649826 0.00798095483333
3.20756609932 8.00942134857 0.00799343455583
3.21384928462 8.0400428772 0.0079846251756
3.22013246993 7.98674631119 0.00794892851263
3.22641565524 7.87731313705 0.00786697119474
3.23269884054 7.76703166962 0.0077966907993
3.23898202585 7.67693185806 0.00772444810718
3.24526521116 7.57487249374 0.0076594306156
3.25154839647 7.50225400925 0.00760763883591
3.25783158177 7.42261123657 0.00755332037807
3.26411476708 7.33582735062 0.00749069266021
3.27039795239 7.2711892128 0.00745350634679
3.27668113769 7.20967197418 0.00740405311808
3.282964323 7.14716100693 0.00736952526495
3.28924750831 7.08326721191 0.00732614146546
3.29553069362 7.0283164978 0.00729082524776
3.30181387892 6.98341274261 0.00725865829736
3.30809706423 6.92143630981 0.00722826970741
3.31438024954 6.86187124252 0.00718000857159
3.32066343484 6.83225345612 0.00717024831101
3.32694662015 6.79264736176 0.00714580575004
3.33322980546 6.74844503403 0.00711372913793
3.33951299077 6.71230173111 0.0070963120088
3.34579617607 6.66839599609 0.00707133440301
3.35207936138 6.63152933121 0.00704876240343
3.35836254669 6.61009502411 0.00704410625622
3.36464573199 6.57679414749 0.0070246537216
3.3709289173 6.55007600784 0.00700559979305
3.37721210261 6.51631307602 0.00699694547802
3.38349528792 6.49148464203 0.00697430549189
3.38977847322 6.45368528366 0.00695935124531
3.39606165853 6.44589328766 0.00696438131854
3.40234484384 6.40644073486 0.00693816831335
3.40862802914 6.38715696335 0.00693710241467
3.41491121445 6.37221336365 0.0069194030948
3.42119439976 6.35807991028 0.0069353361614
3.42747758507 6.32794332504 0.00690613361076
3.43376077037 6.30995082855 0.00690574524924
3.44004395568 6.29720878601 0.00690531218424
3.44632714099 6.2787604332 0.00690096849576
3.4526103263 6.2518658638 0.00688160117716
3.4588935116 6.25685214996 0.00690693035722
3.46517669691 6.24905776978 0.00689938105643
3.47145988222 6.2330327034 0.00690248375759
3.47774306752 6.21483802795 0.00689129298553
3.48402625283 6.19263410568 0.00688900379464
3.49030943814 6.18390417099 0.00689475284889
3.49659262345 6.18952560425 0.00689614145085
3.50287580875 6.16865539551 0.00690414151177
3.50915899406 6.1632604599 0.00690375827253
3.51544217937 6.15872144699 0.00690934434533
3.52172536467 6.14656877518 0.00691129174083
3.52800854998 6.14569664001 0.00692091323435
3.53429173529 6.13463258743 0.00692173233256
3.5405749206 6.13158845901 0.00692422268912
3.5468581059 6.11669683456 0.00693613570184
3.55314129121 6.11782455444 0.00692782737315
3.55942447652 6.11956119537 0.00695977732539
3.56570766182 6.11436510086 0.00695833237842
3.57199084713 6.10163497925 0.00696159293875
3.57827403244 6.10222673416 0.0069685340859
3.58455721775 6.10886526108 0.00699207140133
3.59084040305 6.09701347351 0.00699377898127
3.59712358836 6.10098648071 0.00700569525361
3.60340677367 6.106528759 0.00701931770891
3.60968995897 6.09623861313 0.00703255459666
3.61597314428 6.10111188889 0.0070350212045
3.62225632959 6.09971094131 0.00705767655745
3.6285395149 6.10072469711 0.00706575810909
3.6348227002 6.10590791702 0.00708165904507
3.64110588551 6.10676002502 0.00709062675014
3.64738907082 6.11870193481 0.00711828004569
3.65367225612 6.11845684052 0.00713788019493
3.65995544143 6.11943149567 0.00714305881411
3.66623862674 6.12091636658 0.00715732108802
3.67252181205 6.12908935547 0.00718591269106
3.67880499735 6.13637495041 0.00719815352932
3.68508818266 6.14994478226 0.00722806435078
3.69137136797 6.16575145721 0.00725400820374
3.69765455328 6.16266822815 0.00726412236691
3.70393773858 6.16389226913 0.00728125264868
3.71022092389 6.17573833466 0.00730309030041
3.7165041092 6.17789125443 0.00732059357688
3.7227872945 6.19221067429 0.00734978960827
3.72907047981 6.199634552 0.00736893387511
3.73535366512 6.21023893356 0.00739641208202
3.74163685043 6.22025680542 0.00741707766429
3.74792003573 6.22410821915 0.00743744987994
3.75420322104 6.22986459732 0.00745130563155
3.76048640635 6.24706220627 0.00749072991312
3.76676959165 6.2537612915 0.00751293078065
3.77305277696 6.26485490799 0.00754104368389
3.77933596227 6.28109073639 0.00755356065929
3.78561914758 6.28942680359 0.00759936356917
3.79190233288 6.32028865814 0.00762992585078
3.79818551819 6.32256269455 0.00765564665198
3.8044687035 6.33009529114 0.00767701398581
3.8107518888 6.35956001282 0.0077266767621
3.81703507411 6.36244630814 0.00774069782346
3.82331825942 6.38046884537 0.00777407502756
3.82960144473 6.39496564865 0.00780622521415
3.83588463003 6.40294551849 0.00783803034574
3.84216781534 6.42414903641 0.00786412507296
3.84845100065 6.44781827927 0.00791607797146
3.85473418595 6.45727539062 0.00793773122132
3.86101737126 6.48068332672 0.00798276439309
3.86730055657 6.48862743378 0.00800994038582
3.87358374188 6.51260185242 0.00804543308914
3.87986692718 6.52632808685 0.00808605737984
3.88615011249 6.5612988472 0.00812699273229
3.8924332978 6.56356859207 0.00816423539072
3.8987164831 6.59478759766 0.00820273067802
3.90499966841 6.61095142365 0.00824103504419
3.91128285372 6.61533641815 0.00827971007675
3.91756603903 6.65159702301 0.00832032039762
3.92384922433 6.6682639122 0.00836610607803
3.93013240964 6.69772624969 0.00841084867716
3.93641559495 6.71594285965 0.00846381764859
3.94269878026 6.73090362549 0.00848261918873
3.94898196556 6.75550794601 0.00853590946645
3.95526515087 6.7750620842 0.00858367420733
3.96154833618 6.80964040756 0.00864414125681
3.96783152148 6.82096385956 0.00866893399507
3.97411470679 6.85393047333 0.0087372334674
3.9803978921 6.86320543289 0.00876345019788
3.98668107741 6.87944078445 0.0088157383725
3.99296426271 6.940762043 0.00888271443546
3.99924744802 6.9485411644 0.0089347185567
4.00553063333 6.98194265366 0.00898553803563
4.01181381863 7.0086312294 0.00904147233814
4.01809700394 7.02968120575 0.00908912438899
4.02438018925 7.05082082748 0.0091409618035
4.03066337456 7.07532262802 0.00919726025313
4.03694655986 7.11608743668 0.00925648678094
4.04322974517 7.13483428955 0.00930620823056
4.04951293048 7.16178703308 0.00937246065587
4.05579611578 7.19966363907 0.00943663623184
4.06207930109 7.20237970352 0.00947989430279
4.0683624864 7.26200056076 0.00954885967076
4.07464567171 7.28492689133 0.00963215343654
4.08092885701 7.29927873611 0.00966094154865
4.08721204232 7.33442258835 0.00972843449563
4.09349522763 7.35874557495 0.00980214867741
4.09977841293 7.39971351624 0.00987190194428
4.10606159824 7.40843486786 0.00991372112185
4.11234478355 7.46125984192 0.0100095793605
4.11862796886 7.49341678619 0.0100699625909
4.12491115416 7.50459861755 0.0101413549855
4.13119433947 7.5329580307 0.010187799111
4.13747752478 7.58098554611 0.0102855795994
4.14376071008 7.62800931931 0.0103684272617
4.15004389539 7.62614393234 0.0104105873033
4.1563270807 7.67407035828 0.0105046564713
4.16261026601 7.70208978653 0.0105692818761
4.16889345131 7.72313928604 0.0106414314359
4.17517663662 7.78356647491 0.0107472315431
4.18145982193 7.78481435776 0.0107872225344
4.18774300724 7.83842039108 0.01089119073
4.19402619254 7.86933088303 0.0109840668738
4.20030937785 7.87919139862 0.0110386684537
4.20659256316 7.93196630478 0.0111247869208
4.21287574846 7.96083641052 0.0112374853343
4.21915893377 8.00218868256 0.011305979453
4.22544211908 8.02041816711 0.0113823032007
4.23172530439 8.06709766388 0.0114878974855
4.23800848969 8.10168743134 0.011590060778
4.244291675 8.10294628143 0.0116361845285
4.25057486031 8.17553710938 0.0117552978918
4.25685804561 8.1814031601 0.0118437120691
4.26314123092 8.23611927032 0.0119569683447
4.26942441623 8.26522636414 0.0120475012809
4.27570760154 8.28772258759 0.0121344402432
4.28199078684 8.34563446045 0.012261220254
4.28827397215 8.35276222229 0.0123361898586
4.29455715746 8.38775444031 0.0124270590022
4.30084034276 8.435795784 0.0125609003007
4.30712352807 8.44700241089 0.0126389851794
4.31340671338 8.49571037292 0.0127629199997
4.31968989869 8.47677707672 0.0128283835948
4.32597308399 8.56502056122 0.0129706598818
4.3322562693 8.56104183197 0.0130591392517
4.33853945461 8.59874820709 0.0131810754538
4.34482263991 8.6295003891 0.0132795590907
4.35110582522 8.621301651 0.0133803328499
4.35738901053 8.71847629547 0.0135439382866
4.36367219584 8.7095785141 0.0136315664276
4.36995538114 8.73810863495 0.0137434918433
4.37623856645 8.78125572205 0.0139028364792
4.38252175176 8.77669715881 0.0139864571393
4.38880493706 8.8120136261 0.0140871983021
4.39508812237 8.80866622925 0.0142173869535
4.40137130768 8.87488174438 0.0143682295457
4.40765449299 8.86745262146 0.0144711453468
4.41393767829 8.87453937531 0.0145668890327
4.4202208636 8.91538619995 0.0147189712152
4.42650404891 8.8710975647 0.0148055898026
4.43278723422 8.96832084656 0.014973889105
4.43907041952 8.90628147125 0.0150691745803
4.44535360483 8.96969032288 0.0152195561677
4.45163679014 8.95011711121 0.0153437135741
4.45791997544 8.9241027832 0.0154061149806
4.46420316075 8.9849281311 0.0156085370108
4.47048634606 8.91349220276 0.0156695432961
4.47676953137 9.00258827209 0.0158909261227
4.48305271667 8.93640708923 0.0159377492964
4.48933590198 8.9299993515 0.016070889309
4.49561908729 8.90910148621 0.0161888804287
4.50190227259 8.88051605225 0.0163067281246
4.5081854579 8.88293170929 0.0164060816169
4.51446864321 8.82824325562 0.0165174733847
4.52075182852 8.81964874268 0.016656152904
4.52703501382 8.76701164246 0.0167330596596
4.53331819913 8.70358657837 0.0167945995927
4.53960138444 8.69221019745 0.0169576779008
4.54588456974 8.60903835297 0.0170165188611
4.55216775505 8.56477642059 0.01710450463
4.55845094036 8.51403713226 0.0171839762479
4.56473412567 8.50038146973 0.0173642802984
4.57101731097 8.46072292328 0.0174426753074
4.57730049628 8.4726600647 0.0176092758775
4.58358368159 8.43872356415 0.0177291184664
4.58986686689 8.45509529114 0.0179171971977
4.5961500522 8.4574842453 0.0180832631886
4.60243323751 8.4347038269 0.018208919093
4.60871642282 8.46056556702 0.0183967445046
4.61499960812 8.44128704071 0.0185659006238
4.62128279343 8.4805355072 0.0187598299235
4.62756597874 8.5102853775 0.0190003179014
4.63384916404 8.50318527222 0.0191550645977
4.64013234935 8.55160140991 0.0194340478629
4.64641553466 8.5176525116 0.0195113569498
4.65269871997 8.53164482117 0.01970513165
4.65898190527 8.61061954498 0.0200522411615
4.66526509058 8.60248756409 0.0202097948641
4.67154827589 8.60715293884 0.0203765574843
4.6778314612 8.64437961578 0.0206277463585
4.6841146465 8.71860408783 0.0209973733872
4.69039783181 8.74527359009 0.0212050471455
4.69668101712 8.76067256927 0.0214012339711
4.70296420242 8.77909469604 0.0216922163963
4.70924738773 8.82920360565 0.0219811759889
4.71553057304 8.87553977966 0.0222147200257
4.72181375835 8.90968132019 0.0225164797157
4.72809694365 8.96191501617 0.0228372048587
4.73438012896 9.01140975952 0.0231498051435
4.74066331427 9.02929973602 0.0233486797661
4.74694649957 9.07136154175 0.0237087570131
4.75322968488 9.10413455963 0.0239666271955
4.75951287019 9.16727924347 0.0243295934051
4.7657960555 9.23688983917 0.0247163437307
4.7720792408 9.28663921356 0.02502797544
4.77836242611 9.36452293396 0.0254629123956
4.78464561142 9.37063217163 0.0257223080844
4.79092879672 9.40381240845 0.0259639248252
4.79721198203 9.47358417511 0.0264436081052
4.80349516734 9.52470111847 0.0268522445112
4.80977835265 9.58050727844 0.0271543525159
4.81606153795 9.66505241394 0.0276368670166
4.82234472326 9.73037433624 0.02807764709
4.82862790857 9.79164028168 0.0285411886871
4.83491109387 9.84109115601 0.0287986230105
4.84119427918 9.93452262878 0.0294199492782
4.84747746449 9.96069145203 0.0298045948148
4.8537606498 9.99824142456 0.0301457345486
4.8600438351 10.083439827 0.0306164789945
4.86632702041 10.1945323944 0.0313021987677
4.87261020572 10.2296772003 0.0316643938422
4.87889339102 10.3281955719 0.032221917063
4.88517657633 10.3850736618 0.032694298774
4.89145976164 10.4899625778 0.0334008224308
4.89774294695 10.5192613602 0.0337960273027
4.90402613225 10.5807571411 0.0342512503266
4.91030931756 10.6623497009 0.0348850302398
4.91659250287 10.785656929 0.0356103405356
4.92287568818 10.8287534714 0.0361214280128
4.92915887348 10.9437561035 0.0367920286953
4.93544205879 11.0445966721 0.0374229848385
4.9417252441 11.0775976181 0.0380879938602
4.9480084294 11.1814517975 0.0387789867818
4.95429161471 11.2946987152 0.0394024327397
4.96057480002 11.3531103134 0.0401647053659
4.96685798533 11.4114704132 0.0409057922661
4.97314117063 11.5416030884 0.0415195561945
4.97942435594 11.663813591 0.0423904359341
4.98570754125 11.7474374771 0.0433260276914
4.99199072655 11.7589473724 0.0439218506217
4.99827391186 11.983959198 0.0448466539383
5.00455709717 12.0257644653 0.0456998087466
5.01084028248 12.1887378693 0.0468818545341
5.01712346778 12.2632608414 0.0477629676461
5.02340665309 12.3287754059 0.0482037104666
5.0296898384 12.4843215942 0.0495771169662
5.0359730237 12.6094112396 0.0507038831711
5.04225620901 12.6572666168 0.0513868704438
5.04853939432 12.8188390732 0.0526598095894
5.05482257963 12.8826065063 0.0535314977169
5.06110576493 12.9720077515 0.054944075644
5.06738895024 13.208322525 0.0559075847268
5.07367213555 13.3115558624 0.0573141947389
5.07995532085 13.3703842163 0.0585240833461
5.08623850616 13.5488042831 0.0599457472563
5.09252169147 13.6581497192 0.0609463453293
5.09880487678 13.7102451324 0.0620390586555
5.10508806208 13.9685049057 0.0643043220043
5.11137124739 14.1037378311 0.0656519979239
5.1176544327 14.1397294998 0.0664288848639
5.123937618 14.2419719696 0.0681270882487
5.13022080331 14.3448143005 0.0696981623769
5.13650398862 14.5871305466 0.0715816542506
5.14278717393 14.6837825775 0.0728427916765
5.14907035923 14.8841314316 0.0754897147417
5.15535354454 15.1264600754 0.0781351849437
5.16163672985 15.0802698135 0.0779848247766
5.16791991516 15.3518867493 0.0808754116297
5.17420310046 15.4612751007 0.0830815732479
5.18048628577 15.4941129684 0.0849278047681
5.18676947108 15.6955270767 0.0863766297698
5.19305265638 15.9100666046 0.0895072519779
5.19933584169 16.1046390533 0.0923259407282
5.205619027 16.0414505005 0.093375056982
5.21190221231 16.3954524994 0.0965171083808
5.21818539761 16.7039699554 0.100496724248
5.22446858292 16.815568924 0.103792145848
5.23075176823 16.6483402252 0.1031441167
5.23703495353 17.2232608795 0.10860811919
5.24331813884 17.1956520081 0.111905306578
5.24960132415 17.584438324 0.116967245936
5.25588450946 17.6490936279 0.117047220469
5.26216769476 17.8197631836 0.121210984886
5.26845088007 18.1577606201 0.127929657698
5.27473406538 18.2534046173 0.131063252687
5.28101725068 18.5202999115 0.133254870772
5.28730043599 18.5389595032 0.137784600258
5.2935836213 18.8142566681 0.143836796284
5.29986680661 19.1278572083 0.149144172668
5.30614999191 19.3679885864 0.152914404869
5.31243317722 19.2047481537 0.156482070684
5.31871636253 19.7526016235 0.166805967689
5.32499954783 19.9472789764 0.168508470058
5.33128273314 20.2280368805 0.176641985774
5.33756591845 20.2881031036 0.18426707387
5.34384910376 20.5906944275 0.193372413516
5.35013228906 20.9250297546 0.193174600601
5.35641547437 21.0758323669 0.206631273031
5.36269865968 21.3548431396 0.219036132097
5.36898184498 21.6170654297 0.225524812937
5.37526503029 21.7253456116 0.224823877215
5.3815482156 22.1959323883 0.247448697686
5.38783140091 22.2403697968 0.264615476131
5.39411458621 22.765789032 0.264657706022
5.40039777152 23.187833786 0.27390947938
5.40668095683 23.0289325714 0.29616317153
5.41296414214 23.2071990967 0.328431963921
5.41924732744 23.6321582794 0.310444623232
5.42553051275 24.1373500824 0.332548946142
5.43181369806 24.0862178802 0.367395251989
5.43809688336 25.0146713257 0.429349511862
5.44438006867 25.1281776428 0.385469704866
5.45066325398 24.9624290466 0.413187325001
5.45694643929 26.2758102417 0.493149578571
5.46322962459 25.9020748138 0.549167513847
5.4695128099 25.9993686676 0.494630426168
5.47579599521 26.9155883789 0.553049087524
5.48207918051 26.3348636627 0.655844926834
5.48836236582 29.0302906036 0.779001653194
5.49464555113 27.9230709076 0.700145065784
5.50092873644 28.1858711243 0.77855181694
5.50721192174 28.2859249115 1.15502381325
5.51349510705 27.0450439453 0.905345976353
5.51977829236 29.0052852631 1.07439112663
5.52606147766 30.479724884 1.3043653965
5.53234466297 29.5133838654 2.03490066528
5.53862784828 28.7696151733 1.6236461401
5.54491103359 30.6305389404 2.17475748062
5.55119421889 33.7111129761 3.22559404373
5.5574774042 26.8252983093 5.05397558212
5.56376058951 30.3676662445 6.1561422348
5.57004377481 36.1951293945 20.5271091461
