0.00942477796077 10126.6445312 2809.23828125
0.0157079632679 11789.4228516 2052.65942383
0.0219911485751 10887.9560547 1225.23913574
0.0282743338823 9249.92871094 855.360351562
0.0345575191895 7662.92041016 535.355773926
0.0408407044967 6359.35986328 414.982879639
0.0471238898038 5565.59960938 289.848449707
0.053407075111 4955.05761719 238.230957031
0.0596902604182 4653.6875 192.497558594
0.0659734457254 4256.2734375 163.425491333
0.0722566310326 3969.66796875 139.299743652
0.0785398163397 3426.28930664 109.240997314
0.0848230016469 3018.49755859 87.8245544434
0.0911061869541 2605.12133789 73.192237854
0.0973893722613 2389.44165039 61.0043182373
0.103672557568 2147.05859375 52.8632392883
0.109955742876 2003.10595703 45.2607917786
0.116238928183 1894.6784668 41.1880226135
0.12252211349 1774.96716309 36.1785736084
0.128805298797 1721.78625488 33.5850028992
0.135088484104 1587.08837891 29.6302165985
0.141371669412 1448.71826172 25.7741374969
0.147654854719 1343.29101562 22.7203674316
0.153938040026 1246.16577148 20.5648593903
0.160221225333 1161.88696289 18.0376834869
0.16650441064 1060.18139648 16.058139801
0.172787595947 1035.81835938 14.8975067139
0.179070781255 993.659667969 14.184762001
0.185353966562 947.02331543 12.7062034607
0.191637151869 909.678894043 12.1005420685
0.197920337176 860.152160645 10.7921504974
0.204203522483 805.087158203 9.97268390656
0.210486707791 762.76159668 9.06257152557
0.216769893098 728.072937012 8.46250724792
0.223053078405 689.619506836 7.76941537857
0.229336263712 664.130004883 7.29076433182
0.235619449019 638.589172363 6.84064006805
0.241902634326 626.820251465 6.51816082001
0.248185819634 591.029785156 5.98010587692
0.254469004941 573.407775879 5.70195817947
0.260752190248 552.634460449 5.3151550293
0.267035375555 530.412719727 5.01024866104
0.273318560862 516.994018555 4.7347111702
0.279601746169 489.758850098 4.41389751434
0.285884931477 475.306152344 4.18469429016
0.292168116784 454.176727295 3.94182515144
0.298451302091 442.513397217 3.72585439682
0.304734487398 432.609710693 3.58472824097
0.311017672705 415.668945312 3.3576567173
0.317300858013 403.756988525 3.21819353104
0.32358404332 389.496032715 3.01497864723
0.329867228627 375.349578857 2.8794324398
0.336150413934 372.472961426 2.78060364723
0.342433599241 358.509063721 2.66365742683
0.348716784548 349.376312256 2.51304507256
0.354999969856 341.791778564 2.43603873253
0.361283155163 331.526031494 2.32359719276
0.36756634047 319.479736328 2.18602371216
0.373849525777 316.176269531 2.14105176926
0.380132711084 307.981689453 2.03715109825
0.386415896392 300.374847412 1.96685385704
0.392699081699 293.60055542 1.89429986477
0.398982267006 282.58493042 1.77479588985
0.405265452313 275.738677979 1.73462510109
0.41154863762 269.564422607 1.64156520367
0.417831822927 262.599395752 1.59961152077
0.424115008235 259.678588867 1.54540765285
0.430398193542 253.814910889 1.48822629452
0.436681378849 249.571716309 1.44641041756
0.442964564156 243.805206299 1.39498806
0.449247749463 236.973922729 1.33658504486
0.455530934771 233.433761597 1.29761517048
0.461814120078 228.07333374 1.24070799351
0.468097305385 225.291885376 1.2239471674
0.474380490692 220.871353149 1.17392075062
0.480663675999 216.700820923 1.14517593384
0.486946861306 212.901260376 1.10761725903
0.493230046614 207.879760742 1.06905341148
0.499513231921 203.921386719 1.03504014015
0.505796417228 201.852371216 1.01341927052
0.512079602535 198.211486816 0.980105876923
0.518362787842 195.305755615 0.951112449169
0.524645973149 190.89956665 0.923957765102
0.530929158457 187.583572388 0.898395121098
0.537212343764 184.927856445 0.870378553867
0.543495529071 181.208374023 0.84685498476
0.549778714378 179.200149536 0.825972616673
0.556061899685 176.554458618 0.811022877693
0.562345084993 174.048629761 0.780498623848
0.5686282703 170.97052002 0.763878107071
0.574911455607 167.508392334 0.74077886343
0.581194640914 165.178268433 0.721738755703
0.587477826221 163.57963562 0.707478821278
0.593761011528 160.392623901 0.687252402306
0.600044196836 157.486022949 0.666461110115
0.606327382143 155.707748413 0.65511494875
0.61261056745 153.543258667 0.635675370693
0.618893752757 152.547515869 0.626847147942
0.625176938064 150.017776489 0.610196352005
0.631460123372 147.963272095 0.597210586071
0.637743308679 146.615859985 0.583137214184
0.644026493986 144.670730591 0.572996377945
0.650309679293 142.105895996 0.555212020874
0.6565928646 141.021438599 0.547230005264
0.662876049907 138.820617676 0.533253669739
0.669159235215 136.604873657 0.52059841156
0.675442420522 135.118545532 0.508193731308
0.681725605829 133.263885498 0.500317275524
0.688008791136 133.400436401 0.492553770542
0.694291976443 130.605010986 0.481695353985
0.700575161751 128.712402344 0.466522276402
0.706858347058 127.472305298 0.460532933474
0.713141532365 126.65448761 0.452415049076
0.719424717672 124.109947205 0.439938545227
0.725707902979 122.705001831 0.431120276451
0.731991088286 121.924583435 0.425462067127
0.738274273594 119.906784058 0.414175510406
0.744557458901 119.104652405 0.409434616566
0.750840644208 117.550437927 0.400032103062
0.757123829515 116.679237366 0.393369615078
0.763407014822 115.036056519 0.38477781415
0.769690200129 114.385528564 0.38010892272
0.775973385437 112.733009338 0.370327413082
0.782256570744 111.868515015 0.365807056427
0.788539756051 111.496841431 0.360465407372
0.794822941358 109.400192261 0.354206860065
0.801106126665 108.623634338 0.346116065979
0.807389311973 107.718910217 0.341727882624
0.81367249728 105.865112305 0.332333236933
0.819955682587 105.635894775 0.329889118671
0.826238867894 104.753707886 0.32442766428
0.832522053201 103.187805176 0.316948860884
0.838805238508 102.22517395 0.311282247305
0.845088423816 101.25037384 0.308324575424
0.851371609123 100.613014221 0.302448838949
0.85765479443 99.8379440308 0.297972679138
0.863937979737 98.4342575073 0.292261093855
0.870221165044 97.5461730957 0.287217289209
0.876504350352 96.4713439941 0.282592236996
0.882787535659 95.9789199829 0.278336435556
0.889070720966 95.591255188 0.276046603918
0.895353906273 94.421913147 0.270768582821
0.90163709158 93.556312561 0.265708595514
0.907920276887 92.2666397095 0.261320739985
0.914203462195 92.1258621216 0.257775306702
0.920486647502 91.3130950928 0.255300909281
0.926769832809 89.9355392456 0.248831063509
0.933053018116 89.3931045532 0.246173486114
0.939336203423 89.0288772583 0.24302777648
0.945619388731 87.7131271362 0.239158436656
0.951902574038 87.307723999 0.235582083464
0.958185759345 87.1530303955 0.23422947526
0.964468944652 85.8837585449 0.228106483817
0.970752129959 85.5054016113 0.226745426655
0.977035315266 84.7018356323 0.223046377301
0.983318500574 84.0724716187 0.220253452659
0.989601685881 83.6224136353 0.217387273908
0.995884871188 83.1572723389 0.214676424861
1.0021680565 82.275932312 0.211313784122
1.0084512418 81.5461044312 0.208619594574
1.01473442711 80.7194137573 0.204352259636
1.02101761242 80.2329406738 0.202307552099
1.02730079772 79.7179870605 0.200054824352
1.03358398303 79.0591964722 0.196945115924
1.03986716834 78.7546005249 0.195071458817
1.04615035365 77.8206329346 0.19204454124
1.05243353895 77.7573776245 0.190274700522
1.05871672426 76.7767944336 0.187440097332
1.06499990957 76.3478851318 0.184499621391
1.07128309487 75.7250595093 0.182403028011
1.07756628018 75.2911529541 0.180184304714
1.08384946549 74.7667617798 0.178108349442
1.0901326508 74.4904174805 0.17638809979
1.0964158361 73.5376663208 0.173093691468
1.10269902141 73.1845703125 0.171237483621
1.10898220672 72.8028182983 0.169786319137
1.11526539202 72.4176254272 0.167996823788
1.12154857733 71.851776123 0.165505379438
1.12783176264 71.2602539062 0.163045808673
1.13411494795 71.1202087402 0.162004977465
1.14039813325 70.5374679565 0.160190582275
1.14668131856 69.8725662231 0.157468467951
1.15296450387 69.3520812988 0.155218273401
1.15924768917 68.8227233887 0.15383066237
1.16553087448 68.307800293 0.151522696018
1.17181405979 68.0545883179 0.15041847527
1.1780972451 67.94556427 0.148841142654
1.1843804304 67.2530975342 0.147541418672
1.19066361571 66.8217544556 0.14514875412
1.19694680102 66.5083007812 0.144232243299
1.20322998632 66.0317459106 0.141703829169
1.20951317163 65.7233734131 0.141188338399
1.21579635694 65.2172622681 0.138779789209
1.22207954225 64.8715057373 0.137721404433
1.22836272755 64.3215713501 0.135541111231
1.23464591286 63.7849884033 0.133936330676
1.24092909817 63.8718795776 0.133840605617
1.24721228348 63.5817718506 0.132112726569
1.25349546878 62.7995986938 0.129943415523
1.25977865409 62.5208969116 0.128846883774
1.2660618394 62.1418952942 0.127319410443
1.2723450247 61.6697998047 0.125981092453
1.27862821001 61.4196624756 0.124487504363
1.28491139532 60.9872817993 0.123539932072
1.29119458063 60.8751945496 0.122108377516
1.29747776593 60.3934326172 0.121139518917
1.30376095124 60.0410232544 0.119669690728
1.31004413655 59.7140274048 0.118589162827
1.31632732185 59.4487457275 0.117317244411
1.32261050716 58.976524353 0.116007007658
1.32889369247 58.7976150513 0.115120746195
1.33517687778 58.4701194763 0.113934122026
1.34146006308 58.070980072 0.112373791635
1.34774324839 57.8094940186 0.111790776253
1.3540264337 57.4786186218 0.110545352101
1.360309619 57.3730506897 0.109753213823
1.36659280431 57.0015525818 0.108678661287
1.37287598962 56.5058822632 0.107063837349
1.37915917493 56.2342147827 0.106359638274
1.38544236023 55.8924102783 0.105123788118
1.39172554554 55.5489463806 0.10392857343
1.39800873085 55.1495170593 0.10291004926
1.40429191615 54.9703216553 0.101959623396
1.41057510146 54.6083602905 0.101052954793
1.41685828677 54.4587860107 0.100129909813
1.42314147208 54.2045173645 0.099551089108
1.42942465738 53.8818016052 0.0982180461287
1.43570784269 53.5912475586 0.0974695459008
1.441991028 53.3198852539 0.0963953137398
1.4482742133 53.151348114 0.0960049852729
1.45455739861 52.8078193665 0.0947200655937
1.46084058392 52.5424842834 0.0939565375447
1.46712376923 52.2486534119 0.0929405018687
1.47340695453 51.9067344666 0.0921627879143
1.47969013984 51.6793556213 0.0912547856569
1.48597332515 51.5138320923 0.0906426161528
1.49225651046 51.2067070007 0.0897673368454
1.49853969576 50.9019050598 0.0889973267913
1.50482288107 50.618434906 0.0878399685025
1.51110606638 50.3826828003 0.0873003602028
1.51738925168 50.1362533569 0.086391851306
1.52367243699 49.9483070374 0.0858088284731
1.5299556223 49.6525535583 0.0848847478628
1.53623880761 49.3903999329 0.0841527432203
1.54252199291 49.2388496399 0.0836728662252
1.54880517822 48.9560050964 0.0828765779734
1.55508836353 48.7640342712 0.0819940418005
1.56137154883 48.472442627 0.0815304592252
1.56765473414 48.2171783447 0.0806084498763
1.57393791945 48.1115379333 0.0801340118051
1.58022110476 47.7881393433 0.0792408809066
1.58650429006 47.7271232605 0.0789616852999
1.59278747537 47.4843521118 0.0782658830285
1.59907066068 47.1784057617 0.0772950723767
1.60535384598 46.8227539062 0.0765433087945
1.61163703129 46.8826408386 0.0764160528779
1.6179202166 46.620059967 0.0756505057216
1.62420340191 46.2179374695 0.0747274383903
1.63048658721 46.0642127991 0.074220828712
1.63676977252 45.7118034363 0.0733806863427
1.64305295783 45.6184577942 0.0729617699981
1.64933614313 45.3187713623 0.0723118036985
1.65561932844 45.2704048157 0.0717792287469
1.66190251375 45.0173072815 0.0712991952896
1.66818569906 44.9217071533 0.0706852972507
1.67446888436 44.6674194336 0.0703167319298
1.68075206967 44.4095115662 0.0695132762194
1.68703525498 44.1857528687 0.0688439756632
1.69331844028 43.9949035645 0.0683523267508
1.69960162559 43.7932090759 0.0680067762733
1.7058848109 43.6095352173 0.0671738088131
1.71216799621 43.4649353027 0.0669396445155
1.71845118151 43.1595497131 0.0660879909992
1.72473436682 43.1105384827 0.0659543350339
1.73101755213 42.8043022156 0.0651770755649
1.73730073744 42.6317062378 0.0646148175001
1.74358392274 42.5758934021 0.0645023882389
1.74986710805 42.2548065186 0.0636693164706
1.75615029336 42.164806366 0.0633117109537
1.76243347866 41.9550285339 0.0628278404474
1.76871666397 41.8255615234 0.06237783283
1.77499984928 41.5687332153 0.0618634819984
1.78128303459 41.3540763855 0.0612169541419
1.78756621989 41.2224845886 0.0609902404249
1.7938494052 41.0179672241 0.0602885521948
1.80013259051 40.8172531128 0.060038626194
1.80641577581 40.6521606445 0.0594071596861
1.81269896112 40.4718284607 0.0590988695621
1.81898214643 40.3061103821 0.0585247762501
1.82526533174 40.1738128662 0.0582114197314
1.83154851704 39.9798469543 0.0577361434698
1.83783170235 39.8666152954 0.057387817651
1.84411488766 39.6360969543 0.0568100996315
1.85039807296 39.5609512329 0.0566361993551
1.85668125827 39.2956924438 0.0560006387532
1.86296444358 39.1279029846 0.0556689314544
1.86924762889 39.0243377686 0.0552484840155
1.87553081419 38.8673362732 0.054886855185
1.8818139995 38.7825965881 0.0546226464212
1.88809718481 38.4619827271 0.0540149025619
1.89438037011 38.3487854004 0.0537096858025
1.90066355542 38.2250938416 0.053228314966
1.90694674073 38.0658149719 0.0529724620283
1.91322992604 37.8738746643 0.0525628253818
1.91951311134 37.8456535339 0.05224320665
1.92579629665 37.6319084167 0.0519028045237
1.93207948196 37.5443649292 0.0514854639769
1.93836266726 37.3568534851 0.0512953773141
1.94464585257 37.1979827881 0.0507291294634
1.95092903788 37.0542984009 0.0504615157843
1.95721222319 36.8893165588 0.0500280670822
1.96349540849 36.6694412231 0.0496503971517
1.9697785938 36.5714035034 0.0493577048182
1.97606177911 36.5450553894 0.049105964601
1.98234496442 36.2958068848 0.0486894547939
1.98862814972 36.1325416565 0.0483551137149
1.99491133503 36.0624351501 0.0480847768486
2.00119452034 35.966999054 0.0478301160038
2.00747770564 35.8051185608 0.0474636517465
2.01376089095 35.7407608032 0.0472830682993
2.02004407626 35.5273590088 0.0468056946993
2.02632726157 35.3576583862 0.0464184209704
2.03261044687 35.2081794739 0.0461395457387
2.03889363218 35.1666984558 0.046016998589
2.04517681749 35.04895401 0.0456229671836
2.05146000279 34.7483940125 0.0451442971826
2.0577431881 34.7267150879 0.0449795536697
2.06402637341 34.5930366516 0.044703066349
2.07030955872 34.5660171509 0.0444920286536
2.07659274402 34.3040466309 0.0440641380847
2.08287592933 34.199760437 0.0438707917929
2.08915911464 34.1233215332 0.0436288639903
2.09544229994 34.0022277832 0.0432432740927
2.10172548525 33.9186477661 0.0431549735367
2.10800867056 33.695602417 0.0426557324827
2.11429185587 33.6682128906 0.0425456725061
2.12057504117 33.5369415283 0.0422625169158
2.12685822648 33.4327926636 0.0419923476875
2.13314141179 33.2948951721 0.0417092069983
2.13942459709 33.1378440857 0.0413879416883
2.1457077824 32.9990844727 0.041130207479
2.15199096771 32.9034805298 0.0409476608038
2.15827415302 32.8137321472 0.0405996516347
2.16455733832 32.7028808594 0.0404849126935
2.17084052363 32.5910301208 0.0401182360947
2.17712370894 32.4901123047 0.0400033779442
2.18340689424 32.3995018005 0.0397468395531
2.18969007955 32.2369804382 0.0394083186984
2.19597326486 32.1165275574 0.0391646847129
2.20225645017 31.9962005615 0.0389523990452
2.20853963547 31.9519271851 0.0387737043202
2.21482282078 31.8366737366 0.0385304093361
2.22110600609 31.697347641 0.0382303930819
2.2273891914 31.5313491821 0.0380204059184
2.2336723767 31.4645557404 0.0377310402691
2.23995556201 31.4360370636 0.0376844666898
2.24623874732 31.2647476196 0.0373353548348
2.25252193262 31.2035274506 0.0371985882521
2.25880511793 31.0015735626 0.0368761867285
2.26508830324 31.0387916565 0.0367543697357
2.27137148855 30.8288497925 0.0365018025041
2.27765467385 30.7951183319 0.0362815782428
2.28393785916 30.7406902313 0.0361650548875
2.29022104447 30.597366333 0.0359237790108
2.29650422977 30.5158996582 0.0356643758714
2.30278741508 30.363899231 0.0355245061219
2.30907060039 30.3379650116 0.0352807454765
2.3153537857 30.2383327484 0.0351525433362
2.321636971 30.110370636 0.0348415412009
2.32792015631 30.0177593231 0.0347350798547
2.33420334162 29.9557952881 0.0345601290464
2.34048652692 29.7936401367 0.0342565961182
2.34676971223 29.764295578 0.0341358408332
2.35305289754 29.6870727539 0.0339690819383
2.35933608285 29.5910110474 0.0337862707675
2.36561926815 29.434885025 0.0335746705532
2.37190245346 29.348367691 0.0332992970943
2.37818563877 29.2999706268 0.0332393087447
2.38446882407 29.1840381622 0.0329820886254
2.39075200938 29.1224937439 0.0328679010272
2.39703519469 29.064163208 0.03271946311
2.40331838 29.0161094666 0.0325527489185
2.4096015653 28.8987197876 0.0323397666216
2.41588475061 28.8233470917 0.0321985408664
2.42216793592 28.7657680511 0.0320220924914
2.42845112122 28.6797580719 0.031934030354
2.43473430653 28.5901565552 0.0316804721951
2.44101749184 28.4831619263 0.0315374583006
2.44730067715 28.3969554901 0.0313052386045
2.45358386245 28.3291931152 0.0312394220382
2.45986704776 28.2077121735 0.03096803464
2.46615023307 28.2036533356 0.03091429919
2.47243341838 28.0850200653 0.0307182166725
2.47871660368 27.9878482819 0.0305560231209
2.48499978899 27.9798812866 0.0304341707379
2.4912829743 27.8774375916 0.0302627086639
2.4975661596 27.8146915436 0.0301565676928
2.50384934491 27.7224445343 0.0299440827221
2.51013253022 27.6566410065 0.0298191830516
2.51641571553 27.6058254242 0.0297093521804
2.52269890083 27.5641384125 0.0295481607318
2.52898208614 27.4992427826 0.0294769313186
2.53526527145 27.3824119568 0.0292369369417
2.54154845675 27.3277664185 0.0291367881
2.54783164206 27.2191963196 0.0289365071803
2.55411482737 27.1557025909 0.0288536250591
2.56039801268 27.1046962738 0.0286964997649
2.56668119798 27.0592269897 0.0285464599729
2.57296438329 27.0280513763 0.0284973233938
2.5792475686 26.9085617065 0.0283033773303
2.5855307539 26.8640213013 0.028162105009
2.59181393921 26.8272724152 0.0280970446765
2.59809712452 26.7393493652 0.0279288366437
2.60438030983 26.6690502167 0.0278201457113
2.61066349513 26.6159877777 0.0276381503791
2.61694668044 26.5633201599 0.0275838188827
2.62322986575 26.4733543396 0.0274217706174
2.62951305105 26.4585094452 0.0272994413972
2.63579623636 26.3953495026 0.027214743197
2.64207942167 26.3370666504 0.027073033154
2.64836260698 26.2986927032 0.0269838701934
2.65464579228 26.1897335052 0.0267973951995
2.66092897759 26.185760498 0.0267436560243
2.6672121629 26.0729961395 0.0265996903181
2.6734953482 26.113904953 0.026517720893
2.67977853351 26.0399456024 0.0264327898622
2.68606171882 26.0004863739 0.0263124294579
2.69234490413 25.9544067383 0.0262359566987
2.69862808943 25.8520202637 0.0260663833469
2.70491127474 25.8222694397 0.0259928703308
2.71119446005 25.8092556 0.0259016957134
2.71747764536 25.7263908386 0.0257636364549
2.72376083066 25.6669483185 0.025641521439
2.73004401597 25.6087017059 0.0255159474909
2.73632720128 25.5887985229 0.0254991482943
2.74261038658 25.5179424286 0.025344049558
2.74889357189 25.5146331787 0.0252549238503
2.7551767572 25.5159072876 0.0252442937344
2.76145994251 25.4734649658 0.0251064226031
2.76774312781 25.3706436157 0.024985903874
2.77402631312 25.2963562012 0.0248449426144
2.78030949843 25.3430557251 0.0248459670693
2.78659268373 25.2650051117 0.0247206483036
2.79287586904 25.2199745178 0.0246238298714
2.79915905435 25.193145752 0.0245153196156
2.80544223966 25.1424980164 0.0244505181909
2.81172542496 25.1404514313 0.0243565719575
2.81800861027 25.1183776855 0.0243667569011
2.82429179558 25.015165329 0.0241179782897
2.83057498088 25.0388851166 0.0241253804415
2.83685816619 24.9732723236 0.0240143425763
2.8431413515 24.9584388733 0.0239558033645
2.84942453681 24.9596557617 0.0238966327161
2.85570772211 24.8965816498 0.0237896163017
2.86199090742 24.897151947 0.0237450692803
2.86827409273 24.8569869995 0.023649988696
2.87455727803 24.8360824585 0.023574244231
2.88084046334 24.826292038 0.023531133309
2.88712364865 24.753118515 0.0233986508101
2.89340683396 24.7470321655 0.0233703739941
2.89969001926 24.769701004 0.0233182869852
2.90597320457 24.6666755676 0.0231911782175
2.91225638988 24.6996154785 0.0231378022581
2.91853957518 24.6222801208 0.0230560805649
2.92482276049 24.6228618622 0.0229848418385
2.9311059458 24.6463260651 0.0229590255767
2.93738913111 24.6562271118 0.022933838889
2.94367231641 24.6039066315 0.0228277463466
2.94995550172 24.590927124 0.0227610915899
2.95623868703 24.5754699707 0.0227292142808
2.96252187234 24.5515632629 0.0226215254515
2.96880505764 24.5528907776 0.0226027406752
2.97508824295 24.5084171295 0.0225118864328
2.98137142826 24.5293636322 0.022477902472
2.98765461356 24.509771347 0.0224068444222
2.99393779887 24.5215702057 0.0223873443902
3.00022098418 24.5084915161 0.0223343931139
3.00650416949 24.4997272491 0.0222674943507
3.01278735479 24.4815654755 0.0222001913935
3.0190705401 24.491563797 0.0221757888794
3.02535372541 24.500082016 0.0221116058528
3.03163691071 24.4592685699 0.022060027346
3.03792009602 24.4916324615 0.0220088269562
3.04420328133 24.4802761078 0.0219845473766
3.05048646664 24.527589798 0.021971328184
3.05676965194 24.5045433044 0.021913588047
3.06305283725 24.4656791687 0.0218143630773
3.06933602256 24.5203151703 0.0218370761722
3.07561920786 24.5181865692 0.0217608455569
3.08190239317 24.5038146973 0.021747386083
3.08818557848 24.5473995209 0.0217016730458
3.09446876379 24.5377826691 0.0216782055795
3.10075194909 24.5538349152 0.021611765027
3.1070351344 24.5872974396 0.0216369535774
3.11331831971 24.6302547455 0.0215949937701
3.11960150501 24.6354045868 0.0215865466744
3.12588469032 24.6451377869 0.0215159319341
3.13216787563 24.6458301544 0.021500216797
3.13845106094 24.6613883972 0.0214621983469
3.14473424624 24.7022018433 0.0214405879378
3.15101743155 24.7206802368 0.0214408449829
3.15730061686 24.7430915833 0.0213908702135
3.16358380216 24.7778205872 0.0213766470551
3.16986698747 24.76612854 0.0213414244354
3.17615017278 24.8330059052 0.0213174093515
3.18243335809 24.87981987 0.0213584434241
3.18871654339 24.9088935852 0.0212976075709
3.1949997287 24.9228534698 0.0212878491729
3.20128291401 24.9962997437 0.0212956722826
3.20756609932 24.9838008881 0.0212736129761
3.21384928462 25.0373916626 0.0212284252048
3.22013246993 25.0228290558 0.0212326534092
3.22641565524 24.9248523712 0.0211653281003
3.23269884054 24.8654155731 0.0211617071182
3.23898202585 24.7753677368 0.0210863612592
3.24526521116 24.7072257996 0.0210736617446
3.25154839647 24.6236000061 0.0210221856833
3.25783158177 24.5006351471 0.0209482554346
3.26411476708 24.4109287262 0.0208930689842
3.27039795239 24.3456363678 0.0208797752857
3.27668113769 24.3201770782 0.0208567138761
3.282964323 24.230096817 0.020827209577
3.28924750831 24.1983280182 0.0208219345659
3.29553069362 24.1158618927 0.0207797493786
3.30181387892 24.0564575195 0.0207422301173
3.30809706423 23.9561462402 0.0207161940634
3.31438024954 23.9061775208 0.0206734668463
3.32066343484 23.8401222229 0.0206606164575
3.32694662015 23.7907142639 0.0206415653229
3.33322980546 23.7214164734 0.0205952841789
3.33951299077 23.6601390839 0.0205793548375
3.34579617607 23.6397171021 0.0205920916051
3.35207936138 23.5850811005 0.0205684006214
3.35836254669 23.5380916595 0.0205672439188
3.36464573199 23.4430580139 0.020512200892
3.3709289173 23.3892402649 0.020475924015
3.37721210261 23.3463039398 0.0204953402281
3.38349528792 23.2890968323 0.0204414632171
3.38977847322 23.2308387756 0.0204398427159
3.39606165853 23.2010116577 0.0204490274191
3.40234484384 23.1653499603 0.0204366426915
3.40862802914 23.1388454437 0.0204579569399
3.41491121445 23.0629520416 0.0203800946474
3.42119439976 23.0167865753 0.0204233508557
3.42747758507 22.9877128601 0.0203856341541
3.43376077037 22.9779262543 0.0204196125269
3.44004395568 22.8970355988 0.0203832499683
3.44632714099 22.8525791168 0.0203785579652
3.4526103263 22.8037643433 0.0203462652862
3.4588935116 22.7608089447 0.020374070853
3.46517669691 22.7448577881 0.0203575436026
3.47145988222 22.6941757202 0.0203639231622
3.47774306752 22.6672744751 0.0203528162092
3.48402625283 22.6365909576 0.0203746724874
3.49030943814 22.5885791779 0.0203734394163
3.49659262345 22.5907840729 0.0203657131642
3.50287580875 22.5504798889 0.0204069186002
3.50915899406 22.4717159271 0.0203539766371
3.51544217937 22.4394340515 0.0203548409045
3.52172536467 22.4519500732 0.0204005483538
3.52800854998 22.3817119598 0.0203728880733
3.53429173529 22.4394950867 0.0204502642155
3.5405749206 22.3338737488 0.0203773900867
3.5468581059 22.3108329773 0.0204297695309
3.55314129121 22.329662323 0.0204182025045
3.55942447652 22.2814426422 0.0204677861184
3.56570766182 22.2554645538 0.0204545948654
3.57199084713 22.2008037567 0.0204497352242
3.57827403244 22.1575317383 0.0204323772341
3.58455721775 22.1716213226 0.020496873185
3.59084040305 22.1397266388 0.0205042771995
3.59712358836 22.1345233917 0.0205250047147
3.60340677367 22.0993022919 0.0205214694142
3.60968995897 22.1049213409 0.0205904059112
3.61597314428 22.0089759827 0.0205043107271
3.62225632959 22.0654277802 0.0206217709929
3.6285395149 22.0363464355 0.0206181332469
3.6348227002 21.9819564819 0.0206053182483
3.64110588551 22.0092754364 0.0206525940448
3.64738907082 21.9851951599 0.0206828135997
3.65367225612 21.961057663 0.0207196827978
3.65995544143 21.9382476807 0.0207127202302
3.66623862674 21.907119751 0.0207236278802
3.67252181205 21.9258518219 0.020802160725
3.67880499735 21.8717727661 0.0207727476954
3.68508818266 21.8875350952 0.0208388306201
3.69137136797 21.8620471954 0.0208520665765
3.69765455328 21.85978508 0.0208868682384
3.70393773858 21.8389282227 0.0209149252623
3.71022092389 21.8396911621 0.0209486745298
3.7165041092 21.8067150116 0.0209647025913
3.7227872945 21.7927455902 0.0210002083331
3.72907047981 21.7768230438 0.0210223570466
3.73535366512 21.7898197174 0.0210855863988
3.74163685043 21.78840065 0.021118119359
3.74792003573 21.7948951721 0.0211721807718
3.75420322104 21.7714042664 0.0211764033884
3.76048640635 21.7714710236 0.0212452020496
3.76676959165 21.7395076752 0.0212629195303
3.77305277696 21.7346343994 0.0213101990521
3.77933596227 21.7226848602 0.0212941132486
3.78561914758 21.7410926819 0.0214186832309
3.79190233288 21.7589607239 0.0214429814368
3.79818551819 21.7571964264 0.0215079449117
3.8044687035 21.7039031982 0.0215010289103
3.8107518888 21.7444019318 0.021602217108
3.81703507411 21.7349491119 0.021625591442
3.82331825942 21.7936115265 0.0217263605446
3.82960144473 21.7696113586 0.0217576716095
3.83588463003 21.7526035309 0.0218105930835
3.84216781534 21.7657241821 0.0218414012343
3.84845100065 21.736989975 0.0218992941082
3.85473418595 21.7534275055 0.0219502877444
3.86101737126 21.7400379181 0.022003037855
3.86730055657 21.7600326538 0.0220761969686
3.87358374188 21.7666320801 0.0221191439778
3.87986692718 21.7620220184 0.0221916232258
3.88615011249 21.7731399536 0.0222253203392
3.8924332978 21.7846393585 0.0223320964724
3.8987164831 21.7918605804 0.0223645474762
3.90499966841 21.7996349335 0.0224350634962
3.91128285372 21.8230438232 0.0225511137396
3.91756603903 21.8680706024 0.0226112585515
3.92384922433 21.8170948029 0.022644944489
3.93013240964 21.8203868866 0.0226938426495
3.93641559495 21.8456306458 0.0228140875697
3.94269878026 21.8528499603 0.0228333435953
3.94898196556 21.8713283539 0.0229313150048
3.95526515087 21.9004764557 0.0230372864753
3.96154833618 21.9071445465 0.0231170020998
3.96783152148 21.9018135071 0.0231491047889
3.97411470679 21.9809474945 0.0233229119331
3.9803978921 21.9298419952 0.0233196038753
3.98668107741 21.967338562 0.0234532020986
3.99296426271 22.0436840057 0.0235471148044
3.99924744802 22.0512771606 0.0236722566187
4.00553063333 22.0528430939 0.0237219035625
4.01181381863 22.0814170837 0.0238284803927
4.01809700394 22.0834064484 0.0239014383405
4.02438018925 22.1327610016 0.0240315943956
4.03066337456 22.1424102783 0.0241253431886
4.03694655986 22.118139267 0.0241504441947
4.04322974517 22.2176437378 0.0243305638433
4.04951293048 22.1877098083 0.0244033448398
4.05579611578 22.2164535522 0.0245003458112
4.06207930109 22.2307281494 0.0246199313551
4.0683624864 22.3308563232 0.0247438699007
4.07464567171 22.3652801514 0.0249343588948
4.08092885701 22.3732814789 0.0249792579561
4.08721204232 22.3811378479 0.0250691305846
4.09349522763 22.4640407562 0.0252798125148
4.09977841293 22.4383735657 0.0253247655928
4.10606159824 22.4835071564 0.0254555102438
4.11234478355 22.5560684204 0.0256363432854
4.11862796886 22.5913391113 0.0257421191782
4.12491115416 22.6262874603 0.0259312670678
4.13119433947 22.6732387543 0.0260232854635
4.13747752478 22.6806144714 0.0261518936604
4.14376071008 22.7734603882 0.0263343751431
4.15004389539 22.7183933258 0.0263881720603
4.1563270807 22.7953586578 0.0265792924911
4.16261026601 22.78465271 0.0266557764262
4.16889345131 22.8764877319 0.0268792603165
4.17517663662 22.9259433746 0.0270355157554
4.18145982193 22.9125804901 0.0271183047444
4.18774300724 23.0119590759 0.0273413117975
4.19402619254 23.0935001373 0.0275787655264
4.20030937785 23.0996551514 0.0276955012232
4.20659256316 23.1469097137 0.0278181377798
4.21287574846 23.2271270752 0.0281088203192
4.21915893377 23.2824363708 0.028226852417
4.22544211908 23.3119029999 0.0283995419741
4.23172530439 23.3483562469 0.0285735465586
4.23800848969 23.4640522003 0.0288610011339
4.244291675 23.4119110107 0.0289134718478
4.25057486031 23.5610179901 0.0291740484536
4.25685804561 23.5538311005 0.0293686836958
4.26314123092 23.609046936 0.0295573994517
4.26942441623 23.629529953 0.0297219846398
4.27570760154 23.6521053314 0.0298984050751
4.28199078684 23.7349720001 0.0301412753761
4.28827397215 23.8308544159 0.0304171126336
4.29455715746 23.9159946442 0.0306398235261
4.30084034276 23.9457130432 0.030865104869
4.30712352807 23.996799469 0.0310849137604
4.31340671338 24.0886688232 0.0313564278185
4.31968989869 24.0759944916 0.0315578877926
4.32597308399 24.1473636627 0.0317324511707
4.3322562693 24.2217636108 0.0320509448647
4.33853945461 24.2396564484 0.0322591550648
4.34482263991 24.2926177979 0.0324728526175
4.35110582522 24.3465843201 0.0328107364476
4.35738901053 24.4810199738 0.0330831892788
4.36367219584 24.4711322784 0.0333120301366
4.36995538114 24.5011291504 0.0335356630385
4.37623856645 24.632598877 0.0339576117694
4.38252175176 24.649307251 0.0341973081231
4.38880493706 24.7348079681 0.0344425402582
4.39508812237 24.7194766998 0.0347516201437
4.40137130768 24.758102417 0.0349605642259
4.40765449299 24.7902812958 0.0352766439319
4.41393767829 24.8774490356 0.0356019102037
4.4202208636 24.9211711884 0.0358993522823
4.42650404891 24.8784198761 0.0361978374422
4.43278723422 25.0637226105 0.0365391112864
4.43907041952 24.998418808 0.036888346076
4.44535360483 25.0950756073 0.0371767245233
4.45163679014 25.1619586945 0.0376377291977
4.45791997544 25.088476181 0.0377774126828
4.46420316075 25.2241230011 0.038254942745
4.47048634606 25.2010421753 0.0386186316609
4.47676953137 25.2673549652 0.0389469787478
4.48305271667 25.2255268097 0.0392338931561
4.48933590198 25.3333015442 0.0397399179637
4.49561908729 25.2734413147 0.040019761771
4.50190227259 25.1641902924 0.0402543470263
4.5081854579 25.2409572601 0.0406043455005
4.51446864321 25.1955966949 0.0410147234797
4.52075182852 25.1881084442 0.04138000682
4.52703501382 25.1621227264 0.0417308360338
4.53331819913 25.1347122192 0.0420855917037
4.53960138444 25.0523529053 0.0424104630947
4.54588456974 24.9107246399 0.042662050575
4.55216775505 24.9123077393 0.0430613569915
4.55845094036 24.9654808044 0.0435513816774
4.56473412567 24.9211082458 0.0439925156534
4.57101731097 24.8112297058 0.0441757515073
4.57730049628 24.9261856079 0.044737379998
4.58358368159 24.7980480194 0.0449720397592
4.58986686689 24.807138443 0.0453946180642
4.5961500522 24.7764110565 0.0457529947162
4.60243323751 24.8319606781 0.046264577657
4.60871642282 24.9035377502 0.0467519201338
4.61499960812 24.8472442627 0.0471690706909
4.62128279343 24.790353775 0.0473868958652
4.62756597874 24.9128665924 0.0480783432722
4.63384916404 24.9063873291 0.0484904497862
4.64013234935 24.8273429871 0.0488325245678
4.64641553466 24.9025630951 0.0493188090622
4.65269871997 24.9093208313 0.0497561134398
4.65898190527 24.9622802734 0.0503611192107
4.66526509058 25.0242023468 0.0509107559919
4.67154827589 25.0148639679 0.0512911193073
4.6778314612 25.0092468262 0.0517346039414
4.6841146465 25.0383319855 0.0523597896099
4.69039783181 25.1353702545 0.0529367551208
4.69668101712 25.0807132721 0.0532448664308
4.70296420242 25.1714706421 0.0540575124323
4.70924738773 25.2464923859 0.05467832461
4.71553057304 25.2701854706 0.0550757274032
4.72181375835 25.3251495361 0.0557637512684
4.72809694365 25.3565120697 0.0563576817513
4.73438012896 25.4006786346 0.0569682195783
4.74066331427 25.4277038574 0.0574222952127
4.74694649957 25.5652980804 0.0583796314895
4.75322968488 25.5684242249 0.0588502399623
4.75951287019 25.6556129456 0.0595963597298
4.7657960555 25.6571331024 0.0601787529886
4.7720792408 25.7715148926 0.0609228052199
4.77836242611 25.8435058594 0.0617227815092
4.78464561142 25.9538516998 0.0625638067722
4.79092879672 26.0483055115 0.0631822347641
4.79721198203 26.1265926361 0.0641423910856
4.80349516734 26.0894126892 0.0647647082806
4.80977835265 26.1660327911 0.0653598085046
4.81606153795 26.2551612854 0.0662549808621
4.82234472326 26.3566837311 0.0671821460128
4.82862790857 26.4965763092 0.0682753324509
4.83491109387 26.451839447 0.0685014799237
4.84119427918 26.6250534058 0.0698606073856
4.84747746449 26.7596149445 0.070951372385
4.8537606498 26.869852066 0.0718149617314
4.8600438351 26.6935405731 0.0719916298985
4.86632702041 26.8256320953 0.0732781067491
4.87261020572 26.949754715 0.0742325559258
4.87889339102 27.0860176086 0.0752961784601
4.88517657633 27.0913276672 0.0760687366128
4.89145976164 27.423992157 0.0779457092285
4.89774294695 27.431427002 0.0787061452866
4.90402613225 27.5157299042 0.0796085298061
4.91030931756 27.6751365662 0.0809996277094
4.91659250287 27.7732219696 0.0821678712964
4.92287568818 27.9274997711 0.0834991037846
4.92915887348 27.8322944641 0.0840392112732
4.93544205879 27.984621048 0.085260130465
4.9417252441 28.1174221039 0.0869403928518
4.9480084294 28.1123657227 0.0878164172173
4.95429161471 28.2934093475 0.0890081822872
4.96057480002 28.4798793793 0.0908916071057
4.96685798533 28.6549186707 0.0926977321506
4.97314117063 28.6808166504 0.0932762846351
4.97942435594 28.8901195526 0.0950333550572
4.98570754125 29.0303573608 0.0969841703773
4.99199072655 29.1557922363 0.098631337285
4.99827391186 29.3405075073 0.0996950417757
5.00455709717 29.3626823425 0.101364433765
5.01084028248 29.7457675934 0.104056626558
5.01712346778 29.8642845154 0.105857536197
5.02340665309 29.8959159851 0.106457740068
5.0296898384 30.0197849274 0.108749695122
5.0359730237 30.2633724213 0.111115910113
5.04225620901 30.3265209198 0.112468406558
5.04853939432 30.5759372711 0.114889234304
5.05482257963 30.8266906738 0.117187023163
5.06110576493 31.1957778931 0.120906889439
5.06738895024 30.8576030731 0.119914777577
5.07367213555 31.2191371918 0.123449228704
5.07995532085 31.4639434814 0.126498878002
5.08623850616 31.7582378387 0.129224210978
5.09252169147 31.8469810486 0.130816623569
5.09880487678 31.8151626587 0.132602229714
5.10508806208 32.2862167358 0.13712221384
5.11137124739 32.3833084106 0.139226093888
5.1176544327 32.8271903992 0.142367184162
5.123937618 32.6301078796 0.144282966852
5.13022080331 33.0853652954 0.148610115051
5.13650398862 33.0513839722 0.150279164314
5.14278717393 33.4794311523 0.153897687793
5.14907035923 33.6787414551 0.158500701189
5.15535354454 34.1312141418 0.163801297545
5.16163672985 34.3842468262 0.165064349771
5.16791991516 34.4082527161 0.168645262718
5.17420310046 34.9062042236 0.174514502287
5.18048628577 35.131401062 0.179142057896
5.18676947108 35.0089569092 0.179557606578
5.19305265638 35.5065040588 0.186320230365
5.19933584169 35.6908111572 0.191074877977
5.205619027 36.1499595642 0.196264520288
5.21190221231 36.1400642395 0.198957026005
5.21818539761 36.5758323669 0.206096589565
5.22446858292 36.7204360962 0.21239502728
5.23075176823 37.057636261 0.214785397053
5.23703495353 37.3530883789 0.221123203635
5.24331813884 37.4160575867 0.228523552418
5.24960132415 37.6543045044 0.235576480627
5.25588450946 38.0271530151 0.237167775631
5.26216769476 38.6723594666 0.24741666019
5.26845088007 38.936882019 0.258458584547
5.27473406538 39.7927894592 0.269034206867
5.28101725068 39.9547729492 0.271052271128
5.28730043599 39.7545089722 0.278684079647
5.2935836213 40.4332466125 0.291759461164
5.29986680661 40.8635063171 0.301086008549
5.30614999191 41.2506523132 0.308005332947
5.31243317722 41.287902832 0.317866563797
5.31871636253 42.3660430908 0.338573992252
5.32499954783 42.35754776 0.338959574699
5.33128273314 42.7461585999 0.353933572769
5.33756591845 42.790512085 0.368589252234
5.34384910376 43.2565917969 0.385622054338
5.35013228906 44.0715408325 0.386465281248
5.35641547437 44.6169166565 0.415549308062
5.36269865968 44.9356765747 0.438243418932
5.36898184498 45.9995613098 0.456330269575
5.37526503029 46.1435813904 0.4542067945
5.3815482156 46.3425292969 0.492292314768
5.38783140091 47.1277542114 0.533987283707
5.39411458621 47.8334579468 0.530314803123
5.40039777152 48.1092033386 0.54270607233
5.40668095683 48.0413208008 0.589696228504
5.41296414214 48.8484382629 0.6597905159
5.41924732744 48.4384689331 0.608473479748
5.42553051275 49.6228637695 0.654249608517
5.43181369806 50.9829711914 0.743215382099
5.43809688336 52.3421134949 0.86035823822
5.44438006867 52.9909057617 0.778370380402
5.45066325398 52.5143852234 0.832183003426
5.45694643929 52.8566665649 0.953359603882
5.46322962459 52.051651001 1.06004178524
5.4695128099 53.6338005066 0.979221343994
5.47579599521 56.5412483215 1.11564040184
5.48207918051 57.5096054077 1.37217450142
5.48836236582 56.825668335 1.47215545177
5.49464555113 58.0080986023 1.39922988415
5.50092873644 57.8594703674 1.53866398335
5.50721192174 59.1134605408 2.32270026207
5.51349510705 59.9371147156 1.92333006859
5.51977829236 59.2340011597 2.11490654945
5.52606147766 59.9910240173 2.48199462891
5.53234466297 57.9901123047 3.8616836071
5.53862784828 55.1152687073 3.00453352928
5.54491103359 58.4734573364 4.01870012283
5.55119421889 62.7181930542 5.83050727844
5.5574774042 76.8408508301 13.7605648041
5.56376058951 49.4633293152 9.76488399506
5.57004377481 111.197418213 60.6175193787
