0.00942477796077 53946.5273438 15685.2148438
0.0157079632679 62387.765625 11314.1923828
0.0219911485751 58879.1953125 6917.77294922
0.0282743338823 49376.2304688 4805.88085938
0.0345575191895 43106.6289062 3192.80029297
0.0408407044967 35390.0585938 2478.67553711
0.0471238898038 30146.8515625 1705.1138916
0.053407075111 25998.3164062 1374.69909668
0.0596902604182 24807.4648438 1133.46166992
0.0659734457254 22946.890625 980.680480957
0.0722566310326 22593.6914062 883.83782959
0.0785398163397 18999.1894531 688.440551758
0.0848230016469 16515.9609375 555.993774414
0.0911061869541 14641.7490234 484.211120605
0.0973893722613 13507.859375 411.053314209
0.103672557568 12311.1113281 366.932891846
0.109955742876 11197.4414062 311.579345703
0.116238928183 10857.5126953 292.368469238
0.12252211349 10071.3535156 258.104156494
0.128805298797 9933.66992188 244.310073853
0.135088484104 8913.23339844 214.784683228
0.141371669412 8230.7109375 192.525909424
0.147654854719 7643.38867188 173.095535278
0.153938040026 7251.14453125 162.401626587
0.160221225333 6805.31347656 145.849014282
0.16650441064 6105.62011719 131.697128296
0.172787595947 6230.65234375 126.840484619
0.179070781255 5920.60839844 121.468597412
0.185353966562 5663.94140625 110.717330933
0.191637151869 5447.12890625 106.880813599
0.197920337176 5073.00390625 96.1167068481
0.204203522483 4772.97363281 91.1703033447
0.210486707791 4435.57910156 83.4370269775
0.216769893098 4343.95410156 80.5514831543
0.223053078405 4107.35839844 75.4077224731
0.229336263712 4049.81030273 72.8392791748
0.235619449019 3812.04858398 68.5280761719
0.241902634326 3727.90844727 65.6473617554
0.248185819634 3607.40112305 62.6472206116
0.254469004941 3403.86987305 59.5458946228
0.260752190248 3377.42358398 57.3313140869
0.267035375555 3144.26879883 54.1039810181
0.273318560862 3117.90551758 52.2095413208
0.279601746169 3015.57397461 50.4482879639
0.285884931477 2867.11645508 47.9752311707
0.292168116784 2691.74194336 45.7683601379
0.298451302091 2629.31616211 43.872303009
0.304734487398 2587.19262695 42.8246650696
0.311017672705 2516.23657227 41.1679878235
0.317300858013 2429.06860352 39.9248199463
0.32358404332 2317.71655273 37.9084358215
0.329867228627 2257.39526367 37.1006317139
0.336150413934 2252.22485352 36.063949585
0.342433599241 2133.16333008 35.0053596497
0.348716784548 2085.38891602 33.5424385071
0.354999969856 2036.21801758 32.8832893372
0.361283155163 1988.12036133 31.9954185486
0.36756634047 1893.12915039 30.5827445984
0.373849525777 1929.13549805 30.5065097809
0.380132711084 1808.65161133 29.0016345978
0.386415896392 1768.40307617 28.4431667328
0.392699081699 1694.77661133 27.5498046875
0.398982267006 1670.95678711 26.6617355347
0.405265452313 1614.07885742 26.3451633453
0.41154863762 1558.70874023 25.1637496948
0.417831822927 1518.6418457 24.9235553741
0.424115008235 1520.6862793 24.359621048
0.430398193542 1487.03735352 23.7999629974
0.436681378849 1447.10742188 23.2916755676
0.442964564156 1406.89379883 22.7621364594
0.449247749463 1351.90063477 22.1247520447
0.455530934771 1323.31884766 21.6449832916
0.461814120078 1294.2668457 21.0209636688
0.468097305385 1296.85766602 21.0044593811
0.474380490692 1256.48681641 20.3327121735
0.480663675999 1215.09082031 19.9961681366
0.486946861306 1178.13378906 19.4916706085
0.493230046614 1182.22241211 19.2835025787
0.499513231921 1129.28662109 18.7626953125
0.505796417228 1113.14282227 18.476852417
0.512079602535 1109.55102539 18.1765365601
0.518362787842 1066.45117188 17.6907901764
0.524645973149 1043.31542969 17.4671421051
0.530929158457 1024.62475586 17.192155838
0.537212343764 991.621826172 16.7388877869
0.543495529071 983.009033203 16.5769958496
0.549778714378 974.042236328 16.3063869476
0.556061899685 921.664306641 16.0105857849
0.562345084993 950.666992188 15.7554826736
0.5686282703 911.478027344 15.5211925507
0.574911455607 906.784179688 15.3384017944
0.581194640914 884.962646484 15.0581064224
0.587477826221 853.976074219 14.770690918
0.593761011528 825.3046875 14.5084552765
0.600044196836 782.409667969 14.1465988159
0.606327382143 797.440429688 14.1247062683
0.61261056745 778.145996094 13.8172950745
0.618893752757 781.018554688 13.7247085571
0.625176938064 762.998535156 13.5099344254
0.631460123372 725.879150391 13.2557010651
0.637743308679 741.200195312 13.120549202
0.644026493986 720.354248047 12.9817905426
0.650309679293 713.981445312 12.7779111862
0.6565928646 704.596679688 12.653711319
0.662876049907 672.088867188 12.4000387192
0.669159235215 656.895996094 12.2420148849
0.675442420522 657.47265625 12.0817899704
0.681725605829 649.219970703 12.0268993378
0.688008791136 647.743896484 11.8229923248
0.694291976443 631.280029297 11.7460031509
0.700575161751 602.447509766 11.4377250671
0.706858347058 597.895996094 11.382692337
0.713141532365 582.041992188 11.1973524094
0.719424717672 566.443847656 11.0535707474
0.725707902979 557.334472656 10.9224014282
0.731991088286 561.487792969 10.8610553741
0.738274273594 516.598632812 10.5953903198
0.744557458901 531.510498047 10.5936937332
0.750840644208 499.140625 10.3766145706
0.757123829515 498.524414062 10.2765283585
0.763407014822 498.212890625 10.1919307709
0.769690200129 508.787597656 10.1589126587
0.775973385437 474.581298828 9.92957782745
0.782256570744 501.999267578 9.97062397003
0.788539756051 494.235107422 9.83253192902
0.794822941358 456.199462891 9.72260761261
0.801106126665 454.944335938 9.56317138672
0.807389311973 445.004638672 9.48873615265
0.81367249728 435.000732422 9.35540008545
0.819955682587 440.093994141 9.32191562653
0.826238867894 425.402099609 9.19863510132
0.832522053201 421.814941406 9.10931682587
0.838805238508 397.562255859 8.95663070679
0.845088423816 394.591796875 8.94626617432
0.851371609123 412.90234375 8.88403606415
0.85765479443 381.606445312 8.72764873505
0.863937979737 375.608886719 8.66233348846
0.870221165044 367.881835938 8.56637954712
0.876504350352 363.943359375 8.50896167755
0.882787535659 343.062011719 8.36365413666
0.889070720966 366.349121094 8.39345741272
0.895353906273 354.376220703 8.29905509949
0.90163709158 353.622802734 8.21548843384
0.907920276887 328.567138672 8.1208114624
0.914203462195 324.434326172 8.01129627228
0.920486647502 329.628662109 8.01753234863
0.926769832809 305.244140625 7.86532592773
0.933053018116 308.07421875 7.8350071907
0.939336203423 307.895996094 7.76529216766
0.945619388731 301.951660156 7.73766326904
0.951902574038 305.958984375 7.66702032089
0.958185759345 306.294921875 7.63707637787
0.964468944652 278.735839844 7.47323608398
0.970752129959 283.022216797 7.47177028656
0.977035315266 264.173095703 7.36946058273
0.983318500574 272.940185547 7.35264444351
0.989601685881 269.959228516 7.28746747971
0.995884871188 277.447265625 7.25463485718
1.0021680565 256.049804688 7.16197633743
1.0084512418 249.129394531 7.11503791809
1.01473442711 245.880371094 7.0309715271
1.02101761242 240.253173828 6.98788642883
1.02730079772 247.494873047 6.9711933136
1.03358398303 238.458740234 6.89656591415
1.03986716834 234.057373047 6.84604883194
1.04615035365 234.689208984 6.81999254227
1.05243353895 234.397460938 6.76179075241
1.05871672426 204.682128906 6.67323684692
1.06499990957 209.622314453 6.61601686478
1.07128309487 213.861328125 6.60302877426
1.07756628018 208.501953125 6.54677009583
1.08384946549 214.440185547 6.52916955948
1.0901326508 209.407958984 6.47783231735
1.0964158361 190.295410156 6.39312791824
1.10269902141 198.706054688 6.37329387665
1.10898220672 192.364501953 6.33709001541
1.11526539202 196.604003906 6.31220769882
1.12154857733 187.677978516 6.24616146088
1.12783176264 179.951660156 6.18573474884
1.13411494795 185.930664062 6.17119407654
1.14039813325 174.267333984 6.1252784729
1.14668131856 173.7734375 6.07565450668
1.15296450387 170.595458984 6.02550077438
1.15924768917 167.453857422 6.00933456421
1.16553087448 163.269042969 5.95340633392
1.17181405979 167.697265625 5.94079828262
1.1780972451 161.641113281 5.87478876114
1.1843804304 155.798339844 5.86913394928
1.19066361571 146.291503906 5.79004335403
1.19694680102 163.678222656 5.81622314453
1.20322998632 142.861816406 5.71094226837
1.20951317163 147.800292969 5.72626113892
1.21579635694 144.174316406 5.66336393356
1.22207954225 141.731445312 5.64412593842
1.22836272755 138.723632812 5.59456157684
1.23464591286 124.53125 5.54446935654
1.24092909817 142.479492188 5.56957483292
1.24721228348 146.260009766 5.52950525284
1.25349546878 126.834472656 5.46531963348
1.25977865409 122.803955078 5.43451118469
1.2660618394 133.629882812 5.42313289642
1.2723450247 124.578369141 5.38793468475
1.27862821001 119.669189453 5.33538341522
1.28491139532 118.54296875 5.32879590988
1.29119458063 118.378173828 5.27608728409
1.29747776593 122.757568359 5.28298091888
1.30376095124 116.064697266 5.2355594635
1.31004413655 113.22265625 5.21024179459
1.31632732185 108.76171875 5.16804838181
1.32261050716 104.673583984 5.14202070236
1.32889369247 106.730957031 5.1215839386
1.33517687778 108.66015625 5.09977293015
1.34146006308 101.797119141 5.05044269562
1.34774324839 105.091796875 5.05226707458
1.3540264337 91.7607421875 4.99898672104
1.360309619 105.908691406 4.99802112579
1.36659280431 100.264892578 4.9697804451
1.37287598962 92.3662109375 4.92286539078
1.37915917493 93.2639160156 4.91485309601
1.38544236023 89.8171386719 4.88008642197
1.39172554554 83.6088867188 4.84212112427
1.39800873085 83.5153808594 4.82788896561
1.40429191615 88.6870117188 4.80751466751
1.41057510146 75.6684570312 4.77196407318
1.41685828677 79.8803710938 4.74829864502
1.42314147208 75.0612792969 4.73362445831
1.42942465738 74.7741699219 4.69660663605
1.43570784269 77.0004882812 4.68897342682
1.441991028 73.6948242188 4.65421867371
1.4482742133 82.7297363281 4.66515398026
1.45455739861 73.9880371094 4.61640548706
1.46084058392 72.4970703125 4.59882688522
1.46712376923 67.4860839844 4.56508922577
1.47340695453 65.7646484375 4.55256032944
1.47969013984 72.1005859375 4.53745746613
1.48597332515 68.7583007812 4.51526641846
1.49225651046 63.15625 4.48796224594
1.49853969576 64.5627441406 4.47735738754
1.50482288107 68.0297851562 4.44861125946
1.51110606638 68.9333496094 4.44260215759
1.51738925168 63.9724121094 4.40887928009
1.52367243699 62.2170410156 4.3920173645
1.5299556223 56.7783203125 4.36059570312
1.53623880761 58.7685546875 4.34820079803
1.54252199291 59.9802246094 4.33811235428
1.54880517822 59.7368164062 4.32018756866
1.55508836353 63.2399902344 4.29591608047
1.56137154883 61.2788085938 4.29304981232
1.56765473414 56.1096191406 4.25772428513
1.57393791945 51.6875 4.23450803757
1.58022110476 55.3923339844 4.22027015686
1.58650429006 53.525390625 4.20758724213
1.59278747537 53.3012695312 4.19053220749
1.59907066068 48.7722167969 4.15710306168
1.60535384598 49.3762207031 4.14747524261
1.61163703129 54.0383300781 4.142786026
1.6179202166 57.4760742188 4.12866449356
1.62420340191 43.4165039062 4.0904583931
1.63048658721 52.5866699219 4.08976411819
1.63676977252 49.8669433594 4.06904220581
1.64305295783 52.5375976562 4.05778360367
1.64933614313 41.0451660156 4.0295085907
1.65561932844 41.5925292969 4.00473403931
1.66190251375 46.2658691406 4.00632715225
1.66818569906 48.9848632812 3.98396635056
1.67446888436 47.2556152344 3.98209857941
1.68075206967 42.5122070312 3.95130443573
1.68703525498 36.8220214844 3.92369008064
1.69331844028 38.3618164062 3.91403841972
1.69960162559 36.9831542969 3.90928816795
1.7058848109 48.2216796875 3.89336252213
1.71216799621 45.564453125 3.88817977905
1.71845118151 37.8930664062 3.85337638855
1.72473436682 38.4958496094 3.85061955452
1.73101755213 36.6906738281 3.82851552963
1.73730073744 33.7102050781 3.80580306053
1.74358392274 43.6596679688 3.81824636459
1.74986710805 40.0180664062 3.79093551636
1.75615029336 42.0625 3.78020572662
1.76243347866 37.005859375 3.76194024086
1.76871666397 38.3571777344 3.74789118767
1.77499984928 41.9833984375 3.7439186573
1.78128303459 36.6259765625 3.715518713
1.78756621989 37.0954589844 3.71363401413
1.7938494052 42.236328125 3.69544768333
1.80013259051 31.4379882812 3.68222808838
1.80641577581 35.7316894531 3.6634850502
1.81269896112 33.943359375 3.65739607811
1.81898214643 37.6669921875 3.64111185074
1.82526533174 37.9038085938 3.63324689865
1.83154851704 40.9772949219 3.62435746193
1.83783170235 38.375 3.60863685608
1.84411488766 38.5871582031 3.59227705002
1.85039807296 33.8383789062 3.58128476143
1.85668125827 32.4450683594 3.56184864044
1.86296444358 34.9997558594 3.55856370926
1.86924762889 34.2084960938 3.53949761391
1.87553081419 39.6901855469 3.53709554672
1.8818139995 40.8215332031 3.5288541317
1.88809718481 35.6186523438 3.51019048691
1.89438037011 36.0300292969 3.50064277649
1.90066355542 38.5893554688 3.48325037956
1.90694674073 39.89453125 3.48193454742
1.91322992604 33.0749511719 3.46261072159
1.91951311134 42.8029785156 3.45666885376
1.92579629665 36.9873046875 3.44499468803
1.93207948196 40.2546386719 3.42905116081
1.93836266726 37.2143554688 3.42864108086
1.94464585257 36.9233398438 3.40408802032
1.95092903788 42.8393554688 3.40612602234
1.95721222319 35.7834472656 3.38208985329
1.96349540849 34.3547363281 3.37371706963
1.9697785938 34.9663085938 3.36308550835
1.97606177911 43.6491699219 3.3592107296
1.98234496442 37.4001464844 3.34437704086
1.98862814972 43.4748535156 3.34321713448
1.99491133503 47.7568359375 3.33599662781
2.00119452034 45.3288574219 3.32358288765
2.00747770564 44.8820800781 3.31160545349
2.01376089095 46.4677734375 3.30657696724
2.02004407626 47.4379882812 3.29290747643
2.02632726157 42.9272460938 3.27484083176
2.03261044687 45.40234375 3.27122282982
2.03889363218 50.6240234375 3.27258443832
2.04517681749 49.3203125 3.25321960449
2.05146000279 44.806640625 3.23975396156
2.0577431881 48.611328125 3.2344596386
2.06402637341 51.5812988281 3.2298617363
2.07030955872 49.1433105469 3.21402645111
2.07659274402 49.4541015625 3.20633029938
2.08287592933 51.4968261719 3.2038667202
2.08915911464 55.4301757812 3.19762611389
2.09544229994 55.6010742188 3.18016862869
2.10172548525 55.599609375 3.1810157299
2.10800867056 57.4541015625 3.1659526825
2.11429185587 62.0124511719 3.16560053825
2.12057504117 58.8273925781 3.15231466293
2.12685822648 61.5593261719 3.14453482628
2.13314141179 63.3498535156 3.13756728172
2.13942459709 59.4689941406 3.12268948555
2.1457077824 55.0505371094 3.11031270027
2.15199096771 60.564453125 3.11137008667
2.15827415302 63.9711914062 3.09678220749
2.16455733832 65.1572265625 3.09921121597
2.17084052363 67.6184082031 3.08385014534
2.17712370894 67.5249023438 3.08385682106
2.18340689424 73.8249511719 3.07933831215
2.18969007955 67.955078125 3.06080198288
2.19597326486 67.1916503906 3.05168271065
2.20225645017 74.2219238281 3.05382561684
2.20853963547 74.0678710938 3.04358148575
2.21482282078 79.8669433594 3.04128623009
2.22110600609 79.3083496094 3.02937531471
2.2273891914 70.5073242188 3.01764082909
2.2336723767 78.0610351562 3.00907874107
2.23995556201 84.8359375 3.0155005455
2.24623874732 82.9086914062 3.00070405006
2.25252193262 79.447265625 2.99133610725
2.25880511793 82.5053710938 2.98683905602
2.26508830324 87.2541503906 2.97888946533
2.27137148855 86.2258300781 2.97608375549
2.27765467385 96.6826171875 2.97264742851
2.28393785916 94.7644042969 2.96588945389
2.29022104447 95.3872070312 2.95965600014
2.29650422977 97.392578125 2.94778513908
2.30278741508 94.5788574219 2.94685816765
2.30907060039 99.3957519531 2.93419122696
2.3153537857 99.681640625 2.93281602859
2.321636971 100.704589844 2.91948151588
2.32792015631 101.035644531 2.91928195953
2.33420334162 102.912841797 2.91219115257
2.34048652692 104.705322266 2.90316033363
2.34676971223 108.680664062 2.89982581139
2.35305289754 111.202636719 2.89533233643
2.35933608285 111.203857422 2.88845133781
2.36561926815 113.236572266 2.88668060303
2.37190245346 115.234130859 2.87296199799
2.37818563877 119.036132812 2.87620282173
2.38446882407 122.513916016 2.86813879013
2.39075200938 124.05859375 2.86544442177
2.39703519469 131.2578125 2.86535668373
2.40331838 129.849365234 2.8536760807
2.4096015653 131.201660156 2.84711027145
2.41588475061 136.299560547 2.84685182571
2.42216793592 136.073242188 2.83628058434
2.42845112122 139.715087891 2.84012174606
2.43473430653 135.553710938 2.82148790359
2.44101749184 138.413085938 2.82148098946
2.44730067715 142.424804688 2.81269860268
2.45358386245 147.028564453 2.81772327423
2.45986704776 151.239746094 2.80868864059
2.46615023307 153.033203125 2.80601215363
2.47243341838 162.392578125 2.808624506
2.47871660368 157.565917969 2.79790139198
2.48499978899 160.651611328 2.79059028625
2.4912829743 165.768554688 2.78946447372
2.4975661596 166.897949219 2.78662490845
2.50384934491 168.0546875 2.77667546272
2.51013253022 173.615966797 2.7767393589
2.51641571553 181.529785156 2.77911353111
2.52269890083 178.256347656 2.76465630531
2.52898208614 182.935546875 2.76865983009
2.53526527145 184.834472656 2.75883698463
2.54154845675 189.534912109 2.75911021233
2.54783164206 190.356689453 2.75106263161
2.55411482737 193.079589844 2.75179052353
2.56039801268 196.578613281 2.744992733
2.56668119798 205.599609375 2.74368214607
2.57296438329 206.948974609 2.74319553375
2.5792475686 206.469726562 2.73524093628
2.5855307539 212.167724609 2.73127818108
2.59181393921 221.289306641 2.73724412918
2.59809712452 224.125976562 2.7318584919
2.60438030983 219.978759766 2.72385621071
2.61066349513 227.390869141 2.71812558174
2.61694668044 233.486816406 2.7235929966
2.62322986575 234.541748047 2.71709465981
2.62951305105 238.224121094 2.70988082886
2.63579623636 246.5390625 2.71535015106
2.64207942167 243.946777344 2.70426774025
2.64836260698 252.871582031 2.7074379921
2.65464579228 253.370605469 2.69951534271
2.66092897759 258.243408203 2.69906830788
2.6672121629 260.227050781 2.69710874557
2.6734953482 269.469482422 2.693567276
2.67977853351 275.210693359 2.69734239578
2.68606171882 283.239990234 2.69630599022
2.69234490413 283.561767578 2.69316864014
2.69862808943 287.175537109 2.68888235092
2.70491127474 290.119384766 2.68687486649
2.71119446005 297.258789062 2.68529391289
2.71747764536 302.927001953 2.68413233757
2.72376083066 301.919433594 2.67617988586
2.73004401597 309.899658203 2.67597055435
2.73632720128 313.51953125 2.67944455147
2.74261038658 319.602294922 2.67551255226
2.74889357189 321.697998047 2.66833162308
2.7551767572 332.924072266 2.67730760574
2.76145994251 334.288574219 2.6680059433
2.76774312781 335.86328125 2.66652488708
2.77402631312 343.409423828 2.66545987129
2.78030949843 355.042480469 2.67154192924
2.78659268373 356.305175781 2.66675567627
2.79287586904 362.064697266 2.66584300995
2.79915905435 369.612304688 2.66344666481
2.80544223966 377.774902344 2.668623209
2.81172542496 378.323974609 2.65905761719
2.81800861027 388.711181641 2.67158055305
2.82429179558 389.372070312 2.65491533279
2.83057498088 396.844726562 2.66003513336
2.83685816619 401.695556641 2.65846920013
2.8431413515 407.742919922 2.65876960754
2.84942453681 419.452880859 2.66238379478
2.85570772211 422.798828125 2.65956544876
2.86199090742 428.177490234 2.65924143791
2.86827409273 433.610595703 2.65727186203
2.87455727803 441.348144531 2.65755343437
2.88084046334 445.517822266 2.65728378296
2.88712364865 451.577636719 2.65475344658
2.89340683396 460.241210938 2.65965557098
2.89969001926 466.845947266 2.65720677376
2.90597320457 477.632568359 2.66216230392
2.91225638988 483.852783203 2.65813207626
2.91853957518 487.153564453 2.65921497345
2.92482276049 495.493896484 2.65808606148
2.9311059458 506.584472656 2.66226243973
2.93738913111 515.23828125 2.66574954987
2.94367231641 517.776855469 2.66075706482
2.94995550172 524.160644531 2.65969491005
2.95623868703 535.494384766 2.66712093353
2.96252187234 542.458251953 2.66274309158
2.96880505764 552.945068359 2.66925764084
2.97508824295 554.586669922 2.66433691978
2.98137142826 569.078613281 2.67041444778
2.98765461356 576.6484375 2.67027306557
2.99393779887 586.365478516 2.67491030693
3.00022098418 595.475585938 2.67750573158
3.00650416949 600.748046875 2.67475771904
3.01278735479 613.850097656 2.67938613892
3.0190705401 617.212158203 2.67823123932
3.02535372541 629.099121094 2.679469347
3.03163691071 639.034179688 2.68552923203
3.03792009602 646.610595703 2.68229389191
3.04420328133 655.170166016 2.68752598763
3.05048646664 668.039794922 2.69173312187
3.05676965194 675.21875 2.69286489487
3.06305283725 686.846435547 2.6940870285
3.06933602256 691.516601562 2.69519495964
3.07561920786 702.423339844 2.69488072395
3.08190239317 718.016113281 2.70735788345
3.08818557848 726.786132812 2.70437979698
3.09446876379 737.548583984 2.71114993095
3.10075194909 746.548339844 2.70848751068
3.1070351344 757.453857422 2.71706366539
3.11331831971 774.015136719 2.7207801342
3.11960150501 780.217285156 2.72418212891
3.12588469032 794.375488281 2.72563052177
3.13216787563 801.785400391 2.7295024395
3.13845106094 812.047363281 2.73129534721
3.14473424624 826.917236328 2.73625421524
3.15101743155 835.948242188 2.74160051346
3.15730061686 851.19140625 2.74503350258
3.16358380216 866.657958984 2.75193023682
3.16986698747 872.798339844 2.75344491005
3.17615017278 889.670166016 2.75684523582
3.18243335809 906.666748047 2.7707798481
3.18871654339 915.980224609 2.76724052429
3.1949997287 926.653564453 2.7729241848
3.20128291401 942.046386719 2.77850389481
3.20756609932 958.784179688 2.78999662399
3.21384928462 970.387451172 2.78763508797
3.22013246993 983.309326172 2.79975700378
3.22641565524 978.626953125 2.79730463028
3.23269884054 988.968505859 2.8110499382
3.23898202585 987.9765625 2.8096139431
3.24526521116 998.552978516 2.82331180573
3.25154839647 1000.60839844 2.82680392265
3.25783158177 999.761962891 2.82916760445
3.26411476708 999.234863281 2.83081007004
3.27039795239 1010.38110352 2.84472990036
3.27668113769 1017.05322266 2.84956073761
3.282964323 1027.16650391 2.86319184303
3.28924750831 1030.39233398 2.86845469475
3.29553069362 1033.88305664 2.87436676025
3.30181387892 1035.72387695 2.87712025642
3.30809706423 1036.22607422 2.88492393494
3.31438024954 1046.32006836 2.89247369766
3.32066343484 1044.54174805 2.89659523964
3.32694662015 1058.00732422 2.91011500359
3.33322980546 1059.87988281 2.91283798218
3.33951299077 1062.6262207 2.91966485977
3.34579617607 1079.34741211 2.93710136414
3.35207936138 1076.45483398 2.93762993813
3.35836254669 1087.68139648 2.95179462433
3.36464573199 1086.04467773 2.95349311829
3.3709289173 1088.50878906 2.95643925667
3.37721210261 1096.18041992 2.9703681469
3.38349528792 1108.02026367 2.97869944572
3.38977847322 1105.95874023 2.98362803459
3.39606165853 1117.87915039 2.99806642532
3.40234484384 1118.74536133 3.00115942955
3.40862802914 1126.0078125 3.01329278946
3.41491121445 1132.97045898 3.01645493507
3.42119439976 1137.78637695 3.03228878975
3.42747758507 1144.78588867 3.03584527969
3.43376077037 1145.03808594 3.0422911644
3.44004395568 1155.70898438 3.05532217026
3.44632714099 1163.91503906 3.06671118736
3.4526103263 1163.11254883 3.06717467308
3.4588935116 1173.94311523 3.08548784256
3.46517669691 1178.22021484 3.08844566345
3.47145988222 1182.42114258 3.09913659096
3.47774306752 1192.46166992 3.10901117325
3.48402625283 1200.53100586 3.12281155586
3.49030943814 1200.30883789 3.12848615646
3.49659262345 1210.47509766 3.13537073135
3.50287580875 1214.93579102 3.15050578117
3.50915899406 1223.27539062 3.15923905373
3.51544217937 1230.90966797 3.16981577873
3.52172536467 1238.53759766 3.18163180351
3.52800854998 1242.58813477 3.18974995613
3.53429173529 1248.23632812 3.19904446602
3.5405749206 1260.12890625 3.21123838425
3.5468581059 1265.56225586 3.22704529762
3.55314129121 1277.4152832 3.23260641098
3.55942447652 1278.17382812 3.24747157097
3.56570766182 1285.55029297 3.25499224663
3.57199084713 1293.88305664 3.2684879303
3.57827403244 1298.75976562 3.27560329437
3.58455721775 1308.55004883 3.29227495193
3.59084040305 1321.17797852 3.30841326714
3.59712358836 1330.21557617 3.32008600235
3.60340677367 1330.30517578 3.32439994812
3.60968995897 1340.81030273 3.3436934948
3.61597314428 1348.57910156 3.34948205948
3.62225632959 1360.28930664 3.37078404427
3.6285395149 1369.25830078 3.38185977936
3.6348227002 1372.28295898 3.38993382454
3.64110588551 1382.05761719 3.40221452713
3.64738907082 1389.68115234 3.41710162163
3.65367225612 1397.20629883 3.43306326866
3.65995544143 1409.15869141 3.44540452957
3.66623862674 1415.22070312 3.45687794685
3.67252181205 1429.37646484 3.47948646545
3.67880499735 1437.70507812 3.48955512047
3.68508818266 1446.67138672 3.50612092018
3.69137136797 1446.04199219 3.51151776314
3.69765455328 1458.09106445 3.52816557884
3.70393773858 1471.34594727 3.54749822617
3.71022092389 1476.8815918 3.55793142319
3.7165041092 1490.06958008 3.57705640793
3.7227872945 1497.58862305 3.59177947044
3.72907047981 1506.06079102 3.60538101196
3.73535366512 1520.17260742 3.62666559219
3.74163685043 1524.95092773 3.63668084145
3.74792003573 1536.44018555 3.65513896942
3.75420322104 1549.82202148 3.67126727104
3.76048640635 1559.17797852 3.69147396088
3.76676959165 1568.67163086 3.70791292191
3.77305277696 1578.7902832 3.72592043877
3.77933596227 1590.61450195 3.73548865318
3.78561914758 1592.65014648 3.75627350807
3.79190233288 1616.23608398 3.77883386612
3.79818551819 1623.62475586 3.79719281197
3.8044687035 1632.60327148 3.81250500679
3.8107518888 1641.15649414 3.83168530464
3.81703507411 1663.21166992 3.85726666451
3.82331825942 1664.13549805 3.86660504341
3.82960144473 1682.32836914 3.89256191254
3.83588463003 1690.24047852 3.91200137138
3.84216781534 1705.6003418 3.92937779427
3.84845100065 1713.45776367 3.95170640945
3.85473418595 1724.70678711 3.96849584579
3.86101737126 1744.0769043 3.99805521965
3.86730055657 1754.13452148 4.01726531982
3.87358374188 1760.13110352 4.02950525284
3.87986692718 1777.8815918 4.05992031097
3.88615011249 1793.85717773 4.07900667191
3.8924332978 1800.16967773 4.10251379013
3.8987164831 1818.88208008 4.12467670441
3.90499966841 1826.0246582 4.14301681519
3.91128285372 1846.39233398 4.17950534821
3.91756603903 1865.28100586 4.20055437088
3.92384922433 1860.32788086 4.21106958389
3.93013240964 1874.6628418 4.23312330246
3.93641559495 1894.02075195 4.26944732666
3.94269878026 1913.73461914 4.29047727585
3.94898196556 1929.85131836 4.32092857361
3.95526515087 1934.5480957 4.34013652802
3.96154833618 1958.41186523 4.37682723999
3.96783152148 1970.95043945 4.39591360092
3.97411470679 1991.04711914 4.43380737305
3.9803978921 2006.89526367 4.4578742981
3.98668107741 2010.04370117 4.47951459885
3.99296426271 2040.38110352 4.5127491951
3.99924744802 2049.27416992 4.5439915657
4.00553063333 2072.90649414 4.57633447647
4.01181381863 2088.64575195 4.60692882538
4.01809700394 2096.87817383 4.62875556946
4.02438018925 2124.62963867 4.67192411423
4.03066337456 2139.23120117 4.70275783539
4.03694655986 2145.06665039 4.71814107895
4.04322974517 2162.1394043 4.7509727478
4.04951293048 2177.08227539 4.7859787941
4.05579611578 2195.43432617 4.81775760651
4.06207930109 2216.89575195 4.86006641388
4.0683624864 2242.2175293 4.8901348114
4.07464567171 2252.3527832 4.93116188049
4.08092885701 2277.85571289 4.9643497467
4.08721204232 2287.53295898 4.99048566818
4.09349522763 2318.93969727 5.04769611359
4.09977841293 2327.36499023 5.07059526443
4.10606159824 2338.90991211 5.09935998917
4.11234478355 2379.13012695 5.16217517853
4.11862796886 2387.23266602 5.18451118469
4.12491115416 2403.69116211 5.23244285583
4.13119433947 2421.39868164 5.25962114334
4.13747752478 2443.96118164 5.30775737762
4.14376071008 2475.8137207 5.35850763321
4.15004389539 2475.73217773 5.38122940063
4.1563270807 2502.46508789 5.43193864822
4.16261026601 2528.26782227 5.4774222374
4.16889345131 2556.95727539 5.53386640549
4.17517663662 2565.80688477 5.56460285187
4.18145982193 2588.96606445 5.60961341858
4.18774300724 2616.42456055 5.66322565079
4.19402619254 2637.08227539 5.71651792526
4.20030937785 2665.63842773 5.77056980133
4.20659256316 2692.06518555 5.81431341171
4.21287574846 2713.0144043 5.87969207764
4.21915893377 2731.1159668 5.91161441803
4.22544211908 2747.05053711 5.95864725113
4.23172530439 2790.26147461 6.03491783142
4.23800848969 2814.19799805 6.09506940842
4.244291675 2810.28051758 6.11415624619
4.25057486031 2857.42749023 6.18693828583
4.25685804561 2876.3034668 6.25147199631
4.26314123092 2886.64916992 6.29003095627
4.26942441623 2914.22192383 6.35175943375
4.27570760154 2941.84399414 6.41581964493
4.28199078684 2979.65356445 6.49120569229
4.28827397215 2978.31860352 6.52492809296
4.29455715746 3016.53295898 6.59610319138
4.30084034276 3044.36303711 6.66989517212
4.30712352807 3053.27856445 6.71487522125
4.31340671338 3090.32641602 6.79403924942
4.31968989869 3116.80200195 6.87277555466
4.32597308399 3146.91577148 6.92833614349
4.3322562693 3172.18334961 7.00881767273
4.33853945461 3183.92016602 7.0638923645
4.34482263991 3219.60620117 7.14020442963
4.35110582522 3234.90209961 7.21873617172
4.35738901053 3270.61987305 7.2862906456
4.36367219584 3294.96948242 7.36981344223
4.36995538114 3304.81079102 7.42331409454
4.37623856645 3344.4128418 7.52999925613
4.38252175176 3378.4909668 7.62182664871
4.38880493706 3404.60766602 7.68550872803
4.39508812237 3420.35522461 7.77921581268
4.40137130768 3449.96899414 7.85317230225
4.40765449299 3461.14575195 7.92933273315
4.41393767829 3488.47045898 8.01260662079
4.4202208636 3521.09301758 8.10969829559
4.42650404891 3527.8605957 8.19907665253
4.43278723422 3562.38208008 8.26639461517
4.43907041952 3584.75366211 8.39576816559
4.44535360483 3616.23266602 8.47431087494
4.45163679014 3629.32397461 8.57643222809
4.45791997544 3646.87719727 8.65572929382
4.46420316075 3691.09838867 8.78346920013
4.47048634606 3683.85375977 8.86423397064
4.47676953137 3728.01733398 8.98062705994
4.48305271667 3729.0378418 9.06203937531
4.48933590198 3772.86645508 9.20624065399
4.49561908729 3768.45288086 9.28483772278
4.50190227259 3777.37475586 9.38965988159
4.5081854579 3794.23168945 9.46974658966
4.51446864321 3798.79321289 9.58811664581
4.52075182852 3810.88598633 9.69441986084
4.52703501382 3822.81567383 9.80408191681
4.53331819913 3830.31616211 9.90888309479
4.53960138444 3847.37719727 10.0420856476
4.54588456974 3846.69458008 10.1533403397
4.55216775505 3855.77856445 10.2621994019
4.55845094036 3887.5402832 10.4095745087
4.56473412567 3879.35620117 10.5189399719
4.57101731097 3874.42797852 10.597653389
4.57730049628 3910.2253418 10.7459383011
4.58358368159 3896.84985352 10.8312854767
4.58986686689 3940.6706543 11.0030174255
4.5961500522 3961.08911133 11.1371326447
4.60243323751 3974.17456055 11.2609148026
4.60871642282 3989.02954102 11.3751077652
4.61499960812 4006.37036133 11.5307168961
4.62128279343 4026.30981445 11.6433725357
4.62756597874 4035.94506836 11.7769832611
4.63384916404 4057.9934082 11.9201993942
4.64013234935 4101.57324219 12.118106842
4.64641553466 4124.4296875 12.2464027405
4.65269871997 4118.67675781 12.3413562775
4.65898190527 4166.58105469 12.5558652878
4.66526509058 4164.75488281 12.6606216431
4.67154827589 4207.13769531 12.8394412994
4.6778314612 4257.46582031 13.0487957001
4.6841146465 4231.07421875 13.1416664124
4.69039783181 4299.11914062 13.3710641861
4.69668101712 4298.58789062 13.4747886658
4.70296420242 4308.63671875 13.6549386978
4.70924738773 4358.30566406 13.8729352951
4.71553057304 4363.58105469 13.9722890854
4.72181375835 4416.80566406 14.2263936996
4.72809694365 4433.27636719 14.3952331543
4.73438012896 4487.56152344 14.63991642
4.74066331427 4489.53710938 14.7462806702
4.74694649957 4559.96582031 15.0658960342
4.75322968488 4558.68945312 15.1829328537
4.75951287019 4573.05761719 15.3580465317
4.7657960555 4620.27441406 15.6092557907
4.7720792408 4657.8046875 15.8193683624
4.77836242611 4689.47851562 16.0556526184
4.78464561142 4731.97363281 16.3050670624
4.79092879672 4742.17480469 16.4340057373
4.79721198203 4778.2578125 16.7193317413
4.80349516734 4812.62109375 16.9823760986
4.80977835265 4822.66992188 17.1152877808
4.81606153795 4891.64648438 17.4559326172
4.82234472326 4943.88671875 17.7601661682
4.82862790857 4980.71679688 18.0487995148
4.83491109387 5004.08789062 18.1927108765
4.84119427918 5041.08203125 18.5318412781
4.84747746449 5091.87109375 18.8581600189
4.8537606498 5150.3984375 19.1598777771
4.8600438351 5167.72851562 19.3673534393
4.86632702041 5207.08398438 19.7230873108
4.87261020572 5256.92578125 20.021818161
4.87889339102 5241.69628906 20.1750812531
4.88517657633 5294.34179688 20.5150718689
4.89145976164 5379.48730469 21.0092506409
4.89774294695 5370.61523438 21.1853370667
4.90402613225 5421.5390625 21.5038433075
4.91030931756 5526.93457031 22.048576355
4.91659250287 5570.61425781 22.4131164551
4.92287568818 5590.92871094 22.7159252167
4.92915887348 5654.76464844 23.113904953
4.93544205879 5672.09179688 23.3803272247
4.9417252441 5765.53710938 24.0045871735
4.9480084294 5794.5390625 24.3345050812
4.95429161471 5808.96582031 24.5604515076
4.96057480002 5921.21679688 25.260225296
4.96685798533 5885.75878906 25.509563446
4.97314117063 5968.08984375 25.8958759308
4.97942435594 6043.21191406 26.4356803894
4.98570754125 6102.19921875 27.0403652191
4.99199072655 6173.21289062 27.6129589081
4.99827391186 6295.31445312 28.1331882477
5.00455709717 6249.26074219 28.4363193512
5.01084028248 6370.11132812 29.2351512909
5.01712346778 6381.57714844 29.6690616608
5.02340665309 6423.86621094 29.9481182098
5.0296898384 6507.984375 30.7591495514
5.0359730237 6544.22851562 31.3166770935
5.04225620901 6649.1796875 31.9991455078
5.04853939432 6637.96777344 32.3999290466
5.05482257963 6745.95605469 33.1801567078
5.06110576493 6885.24023438 34.359287262
5.06738895024 6875.2421875 34.3896179199
5.07367213555 6937.36914062 35.2497749329
5.07995532085 7027.64257812 36.1971054077
5.08623850616 7169.08105469 37.1946716309
5.09252169147 7219.26269531 37.7476577759
5.09880487678 7268.4921875 38.4905548096
5.10508806208 7405.73828125 39.8046112061
5.11137124739 7395.98632812 40.2626495361
5.1176544327 7531.90625 41.2017211914
5.123937618 7485.671875 41.8008880615
5.13022080331 7744.27441406 43.5880661011
5.13650398862 7697.09082031 43.9189796448
5.14278717393 7821.91796875 44.9753341675
5.14907035923 7993.85253906 46.8226547241
5.15535354454 7977.6640625 47.7130241394
5.16163672985 8060.30761719 48.1212463379
5.16791991516 8163.94140625 49.6102752686
5.17420310046 8312.22949219 51.34532547
5.18048628577 8374.54199219 52.6879081726
5.18676947108 8462.38476562 53.4076881409
5.19305265638 8604.24902344 55.3888969421
5.19933584169 8723.62597656 57.1279792786
5.205619027 8823.71289062 58.4893035889
5.21190221231 8838.54492188 59.3839492798
5.21818539761 8888.62402344 61.089881897
5.22446858292 9052.9609375 63.6196098328
5.23075176823 9129.95214844 64.2042617798
5.23703495353 9254.53808594 66.3014984131
5.24331813884 9400.88671875 69.255569458
5.24960132415 9440.35742188 71.1995697021
5.25588450946 9623.99414062 72.0987319946
5.26216769476 9880.61816406 75.5804138184
5.26845088007 9717.62109375 77.4219894409
5.27473406538 9999.48144531 80.7531051636
5.28101725068 10116.6894531 81.7997665405
5.28730043599 10164.3623047 84.8209381104
5.2935836213 10417.2216797 89.1172409058
5.29986680661 10478.9736328 91.4789657593
5.30614999191 10736.609375 94.5735778809
5.31243317722 10851.8457031 98.3600463867
5.31871636253 10959.1142578 103.048416138
5.32499954783 11013.7832031 103.601242065
5.33128273314 11316.6728516 109.6275177
5.33756591845 11282.7441406 113.776542664
5.34384910376 11532.3740234 119.931289673
5.35013228906 11740.7138672 119.816802979
5.35641547437 11829.2958984 128.119369507
5.36269865968 11962.9658203 135.445251465
5.36898184498 12068.0019531 138.917022705
5.37526503029 12352.7558594 140.533676147
5.3815482156 12433.5380859 152.512466431
5.38783140091 12736.5498047 166.076293945
5.39411458621 12863.9677734 163.958450317
5.40039777152 13295.6738281 171.526245117
5.40668095683 13065.3369141 183.926513672
5.41296414214 13347.2734375 206.179168701
5.41924732744 13749.5097656 196.514724731
5.42553051275 13839.6220703 207.607788086
5.43181369806 13934.8076172 231.138092041
5.43809688336 14432.4404297 268.751159668
5.44438006867 14231.2177734 237.445236206
5.45066325398 14504.4384766 260.226654053
5.45694643929 14413.9150391 294.698547363
5.46322962459 14843.9990234 340.93963623
5.4695128099 15494.8642578 317.43560791
5.47579599521 16019.0634766 353.715057373
5.48207918051 15466.2255859 415.291748047
5.48836236582 15964.8779297 463.1484375
5.49464555113 16787.6621094 450.680541992
5.50092873644 16676.8554688 493.979034424
5.50721192174 17063.9648438 745.102966309
5.51349510705 16783.8886719 600.142700195
5.51977829236 16669.875 663.548339844
5.52606147766 17881.8769531 817.607849121
5.53234466297 17455.0898438 1287.00402832
5.53862784828 15792.2998047 964.402038574
5.54491103359 15807.1904297 1219.53051758
5.55119421889 17528.0917969 1808.21313477
5.5574774042 22358.0449219 4345.91162109
5.56376058951 24811.7421875 5181.71484375
5.57004377481 37508.765625 21442.9492188
