0.00942477796077 37116.4375 10791.7910156
0.0157079632679 45081.3632812 8159.93994141
0.0219911485751 45591.9804688 5331.33056641
0.0282743338823 39852.1875 3850.18432617
0.0345575191895 31975.6015625 2358.56591797
0.0408407044967 27769.3925781 1928.49804688
0.0471238898038 23999.0292969 1342.72741699
0.053407075111 22786.390625 1181.25439453
0.0596902604182 21381.8339844 958.199584961
0.0659734457254 19768.7246094 827.498413086
0.0722566310326 17687.9121094 683.25769043
0.0785398163397 16037.3496094 568.151550293
0.0848230016469 13654.8603516 449.160797119
0.0911061869541 11964.8886719 386.233612061
0.0973893722613 10580.1728516 315.628723145
0.103672557568 9894.66699219 287.491912842
0.109955742876 9306.8125 250.548339844
0.116238928183 8688.05371094 227.600296021
0.12252211349 8478.35449219 209.116348267
0.128805298797 7776.68701172 186.444366455
0.135088484104 7473.82373047 172.784240723
0.141371669412 6854.34228516 153.627090454
0.147654854719 6391.25 138.216506958
0.153938040026 5873.61572266 126.309829712
0.160221225333 5297.02587891 109.874458313
0.16650441064 5119.97949219 104.504470825
0.172787595947 4784.72558594 94.4152069092
0.179070781255 4803.76513672 93.9749832153
0.185353966562 4531.23242188 84.667175293
0.191637151869 4256.83203125 80.2922286987
0.197920337176 3964.46777344 72.0643615723
0.204203522483 3825.58837891 69.4189910889
0.210486707791 3678.02685547 64.8260498047
0.216769893098 3481.33935547 61.1298408508
0.223053078405 3315.92724609 57.3850593567
0.229336263712 3183.93505859 54.4654502869
0.235619449019 3103.578125 52.2818412781
0.241902634326 2902.63378906 48.6670036316
0.248185819634 2892.38183594 47.2400932312
0.254469004941 2730.65869141 44.8198013306
0.260752190248 2609.12792969 42.1793708801
0.267035375555 2455.46826172 39.9731292725
0.273318560862 2309.22265625 37.4174499512
0.279601746169 2314.56103516 36.8610916138
0.285884931477 2260.13769531 35.5277671814
0.292168116784 2132.26367188 33.9107475281
0.298451302091 2045.02648926 32.1625518799
0.304734487398 2032.28356934 31.5440616608
0.311017672705 1914.16052246 29.7946071625
0.317300858013 1943.51452637 29.6276874542
0.32358404332 1811.28430176 27.7495994568
0.329867228627 1759.14685059 27.09740448
0.336150413934 1714.11315918 26.0340557098
0.342433599241 1660.59606934 25.5093631744
0.348716784548 1593.29943848 24.2111148834
0.354999969856 1620.50061035 24.1793022156
0.361283155163 1528.37902832 23.1312904358
0.36756634047 1460.90124512 22.1181221008
0.373849525777 1404.00964355 21.5052890778
0.380132711084 1380.09899902 20.845205307
0.386415896392 1386.7779541 20.6752624512
0.392699081699 1314.76599121 19.9074516296
0.398982267006 1274.52209473 19.1222057343
0.405265452313 1259.89025879 19.0584259033
0.41154863762 1204.9498291 18.1138687134
0.417831822927 1158.06555176 17.8319797516
0.424115008235 1158.46789551 17.4222450256
0.430398193542 1117.52746582 16.9238834381
0.436681378849 1109.42004395 16.6789855957
0.442964564156 1071.55432129 16.2483615875
0.449247749463 1047.64099121 15.8791122437
0.455530934771 1028.57971191 15.5427742004
0.461814120078 1000.56750488 15.0561542511
0.468097305385 989.160522461 14.9729814529
0.474380490692 949.717163086 14.4380044937
0.480663675999 928.816040039 14.2434606552
0.486946861306 918.336303711 13.9656906128
0.493230046614 884.637329102 13.630150795
0.499513231921 883.239868164 13.4428911209
0.505796417228 856.177124023 13.1611366272
0.512079602535 814.885131836 12.7578010559
0.518362787842 798.179077148 12.4820890427
0.524645973149 790.337280273 12.3648748398
0.530929158457 769.698120117 12.1351470947
0.537212343764 755.594848633 11.8579587936
0.543495529071 744.083862305 11.7182950974
0.549778714378 730.059936523 11.4920110703
0.556061899685 699.815551758 11.3137989044
0.562345084993 700.525024414 11.0459194183
0.5686282703 678.860717773 10.9072933197
0.574911455607 665.715454102 10.7358598709
0.581194640914 629.793579102 10.4506397247
0.587477826221 633.762573242 10.3598766327
0.593761011528 626.450561523 10.2300395966
0.600044196836 611.213012695 10.0375270844
0.606327382143 615.955688477 9.99742412567
0.61261056745 576.713745117 9.67541790009
0.618893752757 566.406616211 9.56068611145
0.625176938064 568.030639648 9.46790122986
0.631460123372 554.484985352 9.33931732178
0.637743308679 536.994262695 9.13326358795
0.644026493986 532.724487305 9.07662677765
0.650309679293 503.216918945 8.83769798279
0.6565928646 495.127075195 8.74568557739
0.662876049907 521.157348633 8.75374031067
0.669159235215 480.275756836 8.52908611298
0.675442420522 469.788208008 8.377161026
0.681725605829 468.444946289 8.35527229309
0.688008791136 480.168823242 8.25992298126
0.694291976443 448.665161133 8.13359260559
0.700575161751 451.530883789 8.00148010254
0.706858347058 434.625610352 7.91425180435
0.713141532365 425.65222168 7.79258441925
0.719424717672 418.094604492 7.70400714874
0.725707902979 403.824829102 7.58524751663
0.731991088286 399.751586914 7.51879787445
0.738274273594 396.773071289 7.43018245697
0.744557458901 379.350952148 7.33489847183
0.750840644208 373.335327148 7.23936700821
0.757123829515 378.252319336 7.18723297119
0.763407014822 378.576782227 7.12984657288
0.769690200129 364.627075195 7.03715276718
0.775973385437 341.105834961 6.87885093689
0.782256570744 352.650756836 6.88339853287
0.788539756051 328.727905273 6.72921705246
0.794822941358 337.596801758 6.76474809647
0.801106126665 315.563110352 6.58773374557
0.807389311973 319.71081543 6.57063770294
0.81367249728 325.807250977 6.51835584641
0.819955682587 312.91394043 6.44473028183
0.826238867894 298.499389648 6.34658718109
0.832522053201 293.03894043 6.27598381042
0.838805238508 297.014526367 6.23244380951
0.845088423816 281.496704102 6.18514537811
0.851371609123 292.450561523 6.1371049881
0.85765479443 283.24230957 6.0653128624
0.863937979737 270.990600586 5.99644708633
0.870221165044 258.004272461 5.90803337097
0.876504350352 267.360473633 5.90300607681
0.882787535659 259.591430664 5.82124185562
0.889070720966 253.018432617 5.77768421173
0.895353906273 247.126464844 5.71928548813
0.90163709158 256.320678711 5.68864631653
0.907920276887 243.499023438 5.6356139183
0.914203462195 238.596557617 5.55405378342
0.920486647502 227.954833984 5.51949453354
0.926769832809 229.483154297 5.46417284012
0.933053018116 230.432983398 5.44037818909
0.939336203423 216.272827148 5.35458135605
0.945619388731 217.004760742 5.34837818146
0.951902574038 208.595092773 5.27012729645
0.958185759345 211.415161133 5.25633049011
0.964468944652 208.846557617 5.18603038788
0.970752129959 198.124267578 5.14960575104
0.977035315266 190.990234375 5.09412479401
0.983318500574 199.225708008 5.08805370331
0.989601685881 187.933837891 5.01957511902
0.995884871188 185.540527344 4.97797107697
1.0021680565 172.225219727 4.91781044006
1.0084512418 189.72277832 4.94100093842
1.01473442711 179.703125 4.86349010468
1.02101761242 180.494873047 4.84518241882
1.02730079772 170.836303711 4.79776096344
1.03358398303 166.103515625 4.75000238419
1.03986716834 169.74621582 4.73128986359
1.04615035365 160.863647461 4.69091844559
1.05243353895 155.349121094 4.63824224472
1.05871672426 146.459716797 4.6047744751
1.06499990957 153.692993164 4.57427310944
1.07128309487 146.612548828 4.54186201096
1.07756628018 149.016357422 4.51732397079
1.08384946549 143.222167969 4.48229217529
1.0901326508 139.063476562 4.4454293251
1.0964158361 136.559692383 4.41155195236
1.10269902141 137.170898438 4.38607168198
1.10898220672 139.872924805 4.37715101242
1.11526539202 131.513793945 4.33455467224
1.12154857733 130.730224609 4.30114746094
1.12783176264 130.44519043 4.2707118988
1.13411494795 126.111206055 4.24197769165
1.14039813325 122.002075195 4.21902179718
1.14668131856 125.688720703 4.19363832474
1.15296450387 117.601196289 4.146235466
1.15924768917 118.637451172 4.1420378685
1.16553087448 101.686767578 4.07326316833
1.17181405979 105.778442383 4.06691074371
1.1780972451 103.265991211 4.02518749237
1.1843804304 115.251342773 4.0552740097
1.19066361571 109.349853516 4.00202989578
1.19694680102 104.040527344 3.98375606537
1.20322998632 97.9663085938 3.92863965034
1.20951317163 96.9643554688 3.93003511429
1.21579635694 107.409301758 3.91348767281
1.22207954225 99.0327148438 3.88646149635
1.22836272755 90.7790527344 3.83973622322
1.23464591286 86.9184570312 3.81729078293
1.24092909817 89.5806884766 3.81493878365
1.24721228348 94.5964355469 3.79236507416
1.25349546878 92.1531982422 3.77009129524
1.25977865409 84.4671630859 3.73907351494
1.2660618394 83.7430419922 3.71507501602
1.2723450247 84.7530517578 3.70518422127
1.27862821001 78.3026123047 3.66303014755
1.28491139532 82.0393066406 3.66732430458
1.29119458063 78.5373535156 3.6244904995
1.29747776593 77.150390625 3.62072038651
1.30376095124 82.3913574219 3.60711359978
1.31004413655 68.2489013672 3.5663356781
1.31632732185 69.9122314453 3.54643011093
1.32261050716 66.2780761719 3.52699804306
1.32889369247 69.3415527344 3.51609754562
1.33517687778 66.0045166016 3.49237084389
1.34146006308 67.9227294922 3.47092700005
1.34774324839 64.5628662109 3.46170496941
1.3540264337 64.6754150391 3.44232439995
1.360309619 63.6669921875 3.42185521126
1.36659280431 65.2924804688 3.41259670258
1.37287598962 61.9677734375 3.38420939445
1.37915917493 66.5358886719 3.38589143753
1.38544236023 62.4366455078 3.35881972313
1.39172554554 55.3857421875 3.32769060135
1.39800873085 54.9613037109 3.31726336479
1.40429191615 55.447265625 3.29779410362
1.41057510146 56.6683349609 3.29146313667
1.41685828677 51.4938964844 3.26086330414
1.42314147208 54.4302978516 3.26180791855
1.42942465738 51.6488037109 3.23177528381
1.43570784269 55.2349853516 3.23011183739
1.441991028 53.3427734375 3.20683836937
1.4482742133 46.3927001953 3.19152379036
1.45455739861 54.1674804688 3.18185639381
1.46084058392 40.9780273438 3.14886975288
1.46712376923 46.6403808594 3.14128828049
1.47340695453 49.0576171875 3.13880157471
1.47969013984 42.9195556641 3.1105966568
1.48597332515 40.7707519531 3.09562444687
1.49225651046 43.1837158203 3.08741474152
1.49853969576 42.8930664062 3.07801127434
1.50482288107 47.6833496094 3.06225085258
1.51110606638 34.7924804688 3.03568339348
1.51738925168 39.9079589844 3.02667737007
1.52367243699 40.400390625 3.01789522171
1.5299556223 35.7486572266 2.99480700493
1.53623880761 38.1405029297 2.98796653748
1.54252199291 38.5421142578 2.98033285141
1.54880517822 38.2197265625 2.96776652336
1.55508836353 35.0512695312 2.94212555885
1.56137154883 39.7235107422 2.94983935356
1.56765473414 39.2355957031 2.93046450615
1.57393791945 33.6396484375 2.9104206562
1.58022110476 36.7252197266 2.90148949623
1.58650429006 30.7497558594 2.88535046577
1.59278747537 34.5319824219 2.87985420227
1.59907066068 34.5687255859 2.86180949211
1.60535384598 33.8287353516 2.85337710381
1.61163703129 29.8449707031 2.83895683289
1.6179202166 30.7362060547 2.82701086998
1.62420340191 32.5670166016 2.81853103638
1.63048658721 25.8663330078 2.79803490639
1.63676977252 31.8341064453 2.79584527016
1.64305295783 30.8544921875 2.78381586075
1.64933614313 28.2880859375 2.77250981331
1.65561932844 24.4719238281 2.74912428856
1.66190251375 33.7342529297 2.75935840607
1.66818569906 29.1298828125 2.73424291611
1.67446888436 29.1502685547 2.73477220535
1.68075206967 29.3409423828 2.71876573563
1.68703525498 20.4393310547 2.69236564636
1.69331844028 27.9261474609 2.69525623322
1.69960162559 28.6685791016 2.69448590279
1.7058848109 20.5599365234 2.6602640152
1.71216799621 21.8909912109 2.66133475304
1.71845118151 26.1496582031 2.65136528015
1.72473436682 25.2510986328 2.64755749702
1.73101755213 25.3107910156 2.63424277306
1.73730073744 27.1362304688 2.62420129776
1.74358392274 22.6728515625 2.61647129059
1.74986710805 28.5274658203 2.60971331596
1.75615029336 26.0447998047 2.59677672386
1.76243347866 24.8819580078 2.58751702309
1.76871666397 23.3248291016 2.57433104515
1.77499984928 20.5830078125 2.56420779228
1.78128303459 25.4431152344 2.55674290657
1.78756621989 24.9832763672 2.55434679985
1.7938494052 24.3094482422 2.53596591949
1.80013259051 20.4384765625 2.53183269501
1.80641577581 27.1375732422 2.52413892746
1.81269896112 21.1619873047 2.51337552071
1.81898214643 22.5257568359 2.50053954124
1.82526533174 22.7230224609 2.49518609047
1.83154851704 24.9743652344 2.48927307129
1.83783170235 24.8872070312 2.48079490662
1.84411488766 24.1522216797 2.46835279465
1.85039807296 24.9029541016 2.46624159813
1.85668125827 25.0942382812 2.45440983772
1.86296444358 21.1564941406 2.44447231293
1.86924762889 25.5979003906 2.43805527687
1.87553081419 22.5817871094 2.42732453346
1.8818139995 27.9555664062 2.42779493332
1.88809718481 22.4284667969 2.412368536
1.89438037011 27.2718505859 2.41184639931
1.90066355542 25.0806884766 2.39465785027
1.90694674073 28.3181152344 2.39683103561
1.91322992604 23.7103271484 2.38364267349
1.91951311134 23.1879882812 2.37013626099
1.92579629665 26.9078369141 2.37217283249
1.93207948196 23.7189941406 2.35415077209
1.93836266726 26.6251220703 2.36034274101
1.94464585257 25.0322265625 2.34164714813
1.95092903788 25.5784912109 2.33852100372
1.95721222319 28.4067382812 2.3318362236
1.96349540849 26.3997802734 2.32475829124
1.9697785938 25.1501464844 2.31530570984
1.97606177911 26.1066894531 2.30627512932
1.98234496442 29.8645019531 2.3062684536
1.98862814972 27.2081298828 2.29683494568
1.99491133503 29.2807617188 2.29078269005
2.00119452034 27.0045166016 2.28149485588
2.00747770564 31.4099121094 2.27915668488
2.01376089095 28.5606689453 2.27078557014
2.02004407626 27.5808105469 2.25935673714
2.02632726157 28.0045166016 2.25130820274
2.03261044687 33.8009033203 2.25387096405
2.03889363218 31.8917236328 2.24802875519
2.04517681749 32.1428222656 2.23612999916
2.05146000279 30.3070068359 2.22842216492
2.0577431881 29.5032958984 2.22061443329
2.06402637341 31.6920166016 2.2176399231
2.07030955872 34.3117675781 2.21196198463
2.07659274402 34.9855957031 2.20722055435
2.08287592933 35.2768554688 2.20418143272
2.08915911464 34.9195556641 2.19620895386
2.09544229994 33.9359130859 2.18290424347
2.10172548525 33.9827880859 2.18354272842
2.10800867056 39.87109375 2.17868614197
2.11429185587 39.2684326172 2.1740090847
2.12057504117 38.8289794922 2.16695141792
2.12685822648 43.572265625 2.16497945786
2.13314141179 40.3001708984 2.15489006042
2.13942459709 40.4643554688 2.14798521996
2.1457077824 39.4106445312 2.14179134369
2.15199096771 42.9566650391 2.14222693443
2.15827415302 43.4382324219 2.13002204895
2.16455733832 42.4533691406 2.12960457802
2.17084052363 46.85546875 2.12217473984
2.17712370894 47.2438964844 2.12270140648
2.18340689424 48.0130615234 2.11549401283
2.18969007955 42.9171142578 2.10154294968
2.19597326486 49.1220703125 2.10295963287
2.20225645017 49.7857666016 2.09967517853
2.20853963547 55.2725830078 2.09897971153
2.21482282078 51.2962646484 2.08837032318
2.22110600609 48.9197998047 2.0779440403
2.2273891914 50.3298339844 2.07828712463
2.2336723767 53.6545410156 2.07028651237
2.23995556201 56.8638916016 2.07307839394
2.24623874732 56.2341308594 2.06368136406
2.25252193262 58.6107177734 2.06253528595
2.25880511793 60.2098388672 2.05886912346
2.26508830324 56.595703125 2.04577445984
2.27137148855 61.2205810547 2.0497379303
2.27765467385 58.9255371094 2.03693079948
2.28393785916 63.0798339844 2.03830265999
2.29022104447 64.2145996094 2.0347931385
2.29650422977 62.0502929688 2.0227701664
2.30278741508 63.2869873047 2.02558851242
2.30907060039 72.47265625 2.023250103
2.3153537857 66.4234619141 2.01553440094
2.321636971 68.6380615234 2.00800013542
2.32792015631 69.7775878906 2.00884580612
2.33420334162 74.7524414062 2.00792384148
2.34048652692 75.1623535156 2.00081300735
2.34676971223 73.033203125 1.99331641197
2.35305289754 77.4296875 1.9930639267
2.35933608285 80.3497314453 1.9914290905
2.36561926815 75.1920166016 1.983248353
2.37190245346 81.6944580078 1.9792368412
2.37818563877 82.1837158203 1.97922217846
2.38446882407 84.7604980469 1.97386622429
2.39075200938 85.9847412109 1.97218084335
2.39703519469 85.7819824219 1.96672391891
2.40331838 88.6368408203 1.96269094944
2.4096015653 90.6544189453 1.95930564404
2.41588475061 91.1831054688 1.95603621006
2.42216793592 92.1599121094 1.94994354248
2.42845112122 95.2260742188 1.95316576958
2.43473430653 97.1945800781 1.94532001019
2.44101749184 96.9349365234 1.94302248955
2.44730067715 99.9063720703 1.93718791008
2.45358386245 102.829223633 1.94039487839
2.45986704776 102.749511719 1.93113958836
2.46615023307 102.305541992 1.9275945425
2.47243341838 107.906982422 1.92854940891
2.47871660368 109.197387695 1.92584598064
2.48499978899 110.143554688 1.91962611675
2.4912829743 117.891601562 1.92310500145
2.4975661596 116.265014648 1.91873133183
2.50384934491 116.760375977 1.91157948971
2.51013253022 121.438232422 1.91247117519
2.51641571553 118.586914062 1.90583360195
2.52269890083 121.708129883 1.90124499798
2.52898208614 121.48046875 1.90057945251
2.53526527145 130.24206543 1.90120542049
2.54154845675 133.35144043 1.90126562119
2.54783164206 128.590209961 1.89048159122
2.55411482737 135.347290039 1.89578270912
2.56039801268 131.021728516 1.88450503349
2.56668119798 135.210693359 1.88165044785
2.57296438329 137.80090332 1.88293933868
2.5792475686 141.641967773 1.88153290749
2.5855307539 145.466308594 1.87871468067
2.59181393921 143.885620117 1.87521719933
2.59809712452 151.891479492 1.87737667561
2.60438030983 149.869384766 1.87267518044
2.61066349513 158.275024414 1.87190890312
2.61694668044 156.878173828 1.87030994892
2.62322986575 160.236816406 1.86836624146
2.62951305105 160.245849609 1.86100280285
2.63579623636 167.308959961 1.86604619026
2.64207942167 162.836547852 1.85587787628
2.64836260698 170.895141602 1.85988390446
2.65464579228 172.743041992 1.85586178303
2.66092897759 175.544433594 1.85503792763
2.6672121629 175.046020508 1.85194003582
2.6734953482 180.506469727 1.84867870808
2.67977853351 180.561645508 1.84763431549
2.68606171882 186.629394531 1.84745383263
2.69234490413 192.027709961 1.85012793541
2.69862808943 194.129516602 1.84682965279
2.70491127474 193.607055664 1.84309136868
2.71119446005 203.190795898 1.84633946419
2.71747764536 200.485961914 1.83945155144
2.72376083066 205.140136719 1.83891832829
2.73004401597 209.482299805 1.83772754669
2.73632720128 213.381103516 1.8414093256
2.74261038658 214.40625 1.8358232975
2.74889357189 221.6796875 1.83621180058
2.7551767572 223.28515625 1.83681619167
2.76145994251 228.921386719 1.83469772339
2.76774312781 232.335327148 1.83579111099
2.77402631312 236.890136719 1.83447909355
2.78030949843 237.254638672 1.83177363873
2.78659268373 242.309082031 1.83226084709
2.79287586904 247.154052734 1.83243072033
2.79915905435 250.577758789 1.82920539379
2.80544223966 254.55456543 1.83130395412
2.81172542496 255.12902832 1.82491564751
2.81800861027 262.185913086 1.83344602585
2.82429179558 265.673461914 1.82469713688
2.83057498088 271.977416992 1.82925021648
2.83685816619 271.741088867 1.82501745224
2.8431413515 280.395874023 1.82919478416
2.84942453681 284.349487305 1.8280724287
2.85570772211 287.582641602 1.82695865631
2.86199090742 294.195678711 1.82929253578
2.86827409273 296.709350586 1.82686817646
2.87455727803 298.434448242 1.82392835617
2.88084046334 304.626342773 1.82664215565
2.88712364865 307.076538086 1.8234140873
2.89340683396 314.486938477 1.82804656029
2.89969001926 316.671020508 1.82432770729
2.90597320457 324.740356445 1.82830262184
2.91225638988 332.332397461 1.82838988304
2.91853957518 335.545776367 1.82994508743
2.92482276049 336.452758789 1.82502830029
2.9311059458 343.406616211 1.82733082771
2.93738913111 348.134643555 1.8286896944
2.94367231641 353.193237305 1.82808935642
2.94995550172 359.863647461 1.82929980755
2.95623868703 368.737915039 1.83532297611
2.96252187234 372.784790039 1.83168053627
2.96880505764 374.07800293 1.83116102219
2.97508824295 383.096313477 1.83443593979
2.98137142826 387.564086914 1.83398747444
2.98765461356 392.775756836 1.83390128613
2.99393779887 399.162719727 1.836845994
3.00022098418 402.982055664 1.83659148216
3.00650416949 407.655395508 1.83558762074
3.01278735479 416.14465332 1.83834636211
3.0190705401 423.318237305 1.84159624577
3.02535372541 426.924438477 1.83866608143
3.03163691071 435.081176758 1.84393203259
3.03792009602 443.216918945 1.84412896633
3.04420328133 448.668579102 1.84736943245
3.05048646664 454.713500977 1.84795892239
3.05676965194 462.143676758 1.85078811646
3.06305283725 468.253295898 1.85008907318
3.06933602256 478.366088867 1.85649168491
3.07561920786 484.999633789 1.85555958748
3.08190239317 489.73815918 1.85926735401
3.08818557848 497.237670898 1.85842013359
3.09446876379 503.117553711 1.86184370518
3.10075194909 510.916625977 1.86132228374
3.1070351344 520.87487793 1.8692060709
3.11331831971 526.962280273 1.86749303341
3.11960150501 536.787475586 1.87430560589
3.12588469032 540.785522461 1.87070047855
3.13216787563 550.468139648 1.87703859806
3.13845106094 555.753051758 1.87685596943
3.14473424624 569.689575195 1.88322603703
3.15101743155 572.205444336 1.88396012783
3.15730061686 583.465942383 1.88694310188
3.16358380216 590.215209961 1.88860833645
3.16986698747 601.565795898 1.89529407024
3.17615017278 608.849487305 1.89422130585
3.18243335809 616.637573242 1.90072834492
3.18871654339 624.366577148 1.89935302734
3.1949997287 638.409057617 1.90852403641
3.20128291401 643.005737305 1.9076693058
3.20756609932 653.015258789 1.91440021992
3.21384928462 664.810668945 1.915766716
3.22013246993 669.56628418 1.92088139057
3.22641565524 672.310913086 1.92384588718
3.23269884054 673.787963867 1.92889428139
3.23898202585 677.827270508 1.93159735203
3.24526521116 684.506225586 1.94055068493
3.25154839647 687.463745117 1.94416129589
3.25783158177 687.717895508 1.94644296169
3.26411476708 693.838745117 1.95266187191
3.27039795239 691.25402832 1.95418536663
3.27668113769 699.735717773 1.96056878567
3.282964323 700.762084961 1.96527457237
3.28924750831 700.97644043 1.96730971336
3.29553069362 708.54284668 1.97544765472
3.30181387892 712.73815918 1.97965419292
3.30809706423 714.936401367 1.98649048805
3.31438024954 718.190551758 1.98876273632
3.32066343484 723.241333008 1.99657285213
3.32694662015 725.079711914 1.99998211861
3.33322980546 727.446411133 2.00271105766
3.33951299077 732.397827148 2.00984191895
3.34579617607 735.603393555 2.01522827148
3.35207936138 741.48034668 2.02186059952
3.35836254669 738.405395508 2.02298021317
3.36464573199 746.651977539 2.03163576126
3.3709289173 751.183227539 2.0359313488
3.37721210261 753.833374023 2.0434114933
3.38349528792 757.30065918 2.04539275169
3.38977847322 758.405639648 2.05080246925
3.39606165853 761.291870117 2.05645513535
3.40234484384 765.036254883 2.06111431122
3.40862802914 772.721069336 2.0716240406
3.41491121445 776.085083008 2.07265043259
3.42119439976 775.756958008 2.08058524132
3.42747758507 785.092407227 2.08669281006
3.43376077037 787.146362305 2.09264826775
3.44004395568 790.407348633 2.09830021858
3.44632714099 794.998657227 2.10527253151
3.4526103263 802.319458008 2.11199378967
3.4588935116 802.48840332 2.11865663528
3.46517669691 810.362426758 2.1247150898
3.47145988222 814.587768555 2.13316226006
3.47774306752 816.272583008 2.13568282127
3.48402625283 819.962280273 2.14364266396
3.49030943814 826.982788086 2.1534318924
3.49659262345 830.404663086 2.15523386002
3.50287580875 835.021606445 2.16691589355
3.50915899406 838.149780273 2.17077183723
3.51544217937 845.787475586 2.18001484871
3.52172536467 852.43737793 2.18930268288
3.52800854998 853.536743164 2.1934902668
3.53429173529 856.916870117 2.1994638443
3.5405749206 866.26574707 2.20882081985
3.5468581059 867.745239258 2.21781229973
3.55314129121 875.822143555 2.22157669067
3.55942447652 878.217895508 2.23335933685
3.56570766182 879.503051758 2.23536396027
3.57199084713 889.557250977 2.24826145172
3.57827403244 893.329467773 2.25350618362
3.58455721775 897.01965332 2.26241517067
3.59084040305 904.140991211 2.27219486237
3.59712358836 907.395141602 2.27772164345
3.60340677367 918.361450195 2.28988790512
3.60968995897 919.444458008 2.29796624184
3.61597314428 927.038208008 2.30385375023
3.62225632959 932.478637695 2.31628489494
3.6285395149 936.001586914 2.32165026665
3.6348227002 942.985961914 2.33137369156
3.64110588551 953.317016602 2.34289717674
3.64738907082 954.323120117 2.34952092171
3.65367225612 962.97644043 2.36347842216
3.65995544143 967.756469727 2.36901664734
3.66623862674 968.993774414 2.37438702583
3.67252181205 977.034545898 2.38846588135
3.67880499735 982.268920898 2.39496088028
3.68508818266 993.535766602 2.41075205803
3.69137136797 996.104125977 2.4170627594
3.69765455328 1003.92272949 2.42810988426
3.70393773858 1011.03894043 2.43966960907
3.71022092389 1016.12780762 2.44796180725
3.7165041092 1022.35925293 2.4586391449
3.7227872945 1024.03015137 2.46569895744
3.72907047981 1036.7845459 2.48111748695
3.73535366512 1042.8494873 2.49256110191
3.74163685043 1047.28308105 2.50045609474
3.74792003573 1059.2935791 2.51677322388
3.75420322104 1060.05456543 2.52041316032
3.76048640635 1070.48449707 2.53783559799
3.76676959165 1081.36340332 2.55300140381
3.77305277696 1087.45080566 2.5646173954
3.77933596227 1095.96350098 2.57153606415
3.78561914758 1099.30334473 2.58757805824
3.79190233288 1108.13537598 2.5964846611
3.79818551819 1115.4979248 2.61115074158
3.8044687035 1123.32897949 2.62316989899
3.8107518888 1133.11022949 2.63988089561
3.81703507411 1142.47351074 2.65223765373
3.82331825942 1146.67590332 2.66188812256
3.82960144473 1154.68713379 2.67566204071
3.83588463003 1165.31140137 2.69374513626
3.84216781534 1169.95007324 2.70029997826
3.84845100065 1178.24279785 2.71829009056
3.85473418595 1191.41589355 2.73481845856
3.86101737126 1196.87561035 2.7479403019
3.86730055657 1204.98669434 2.76224780083
3.87358374188 1214.34631348 2.77549481392
3.87986692718 1224.95397949 2.7949461937
3.88615011249 1231.12194824 2.80360913277
3.8924332978 1237.63635254 2.82179164886
3.8987164831 1251.63830566 2.83808946609
3.90499966841 1259.36291504 2.85333514214
3.91128285372 1264.87487793 2.87047386169
3.91756603903 1278.91052246 2.88592839241
3.92384922433 1284.02502441 2.90118074417
3.93013240964 1298.92126465 2.92111587524
3.93641559495 1304.50695801 2.93881011009
3.94269878026 1308.38049316 2.94408392906
3.94898196556 1324.59313965 2.96988749504
3.95526515087 1334.24694824 2.98922991753
3.96154833618 1350.10876465 3.01394915581
3.96783152148 1349.99084473 3.01868915558
3.97411470679 1365.63000488 3.04648375511
3.9803978921 1376.82897949 3.06331968307
3.98668107741 1385.33996582 3.08434820175
3.99296426271 1399.97717285 3.10116219521
3.99924744802 1413.99377441 3.13034534454
4.00553063333 1423.67102051 3.14617013931
4.01181381863 1428.84265137 3.16166090965
4.01809700394 1443.63220215 3.18563389778
4.02438018925 1458.44519043 3.2111120224
4.03066337456 1471.04846191 3.23484826088
4.03694655986 1476.88659668 3.2472410202
4.04322974517 1495.78479004 3.27695727348
4.04951293048 1499.39245605 3.29440116882
4.05579611578 1523.0501709 3.32733535767
4.06207930109 1524.28479004 3.342867136
4.0683624864 1541.99182129 3.36384105682
4.07464567171 1549.97937012 3.39309382439
4.08092885701 1564.70690918 3.41306424141
4.08721204232 1578.56359863 3.43837666512
4.09349522763 1593.19616699 3.47061491013
4.09977841293 1603.6204834 3.49111890793
4.10606159824 1611.10314941 3.51044225693
4.11234478355 1634.96447754 3.54972362518
4.11862796886 1642.19665527 3.56680727005
4.12491115416 1650.03942871 3.59614825249
4.13119433947 1668.36730957 3.62126874924
4.13747752478 1678.96765137 3.6492254734
4.14376071008 1696.98474121 3.68002414703
4.15004389539 1710.70349121 3.71021223068
4.1563270807 1731.52233887 3.74771213531
4.16261026601 1737.20275879 3.76616501808
4.16889345131 1754.58825684 3.80246591568
4.17517663662 1774.56555176 3.83853435516
4.18145982193 1784.74377441 3.86332440376
4.18774300724 1803.84118652 3.90044975281
4.19402619254 1810.39294434 3.92878651619
4.20030937785 1827.28723145 3.96294569969
4.20659256316 1845.47521973 3.99303030968
4.21287574846 1854.03601074 4.03149080276
4.21915893377 1875.54382324 4.06345129013
4.22544211908 1883.68151855 4.09264755249
4.23172530439 1910.03942871 4.14131975174
4.23800848969 1921.53259277 4.17705154419
4.244291675 1943.75817871 4.21824550629
4.25057486031 1954.10168457 4.24334383011
4.25685804561 1972.84094238 4.29420804977
4.26314123092 1995.74304199 4.33877897263
4.26942441623 2003.29504395 4.36816692352
4.27570760154 2020.07824707 4.40966367722
4.28199078684 2041.55407715 4.45623588562
4.28827397215 2046.86950684 4.48666620255
4.29455715746 2068.35205078 4.52998399734
4.30084034276 2090.21289062 4.58390522003
4.30712352807 2106.32226562 4.62666034698
4.31340671338 2124.21826172 4.67210674286
4.31968989869 2130.79296875 4.71228599548
4.32597308399 2152.63964844 4.75182437897
4.3322562693 2178.95214844 4.81791591644
4.33853945461 2193.00732422 4.86307764053
4.34482263991 2209.93652344 4.90625429153
4.35110582522 2226.84033203 4.96811532974
4.35738901053 2252.98193359 5.01654148102
4.36367219584 2259.23095703 5.0609164238
4.36995538114 2285.76269531 5.12248325348
4.37623856645 2298.12011719 5.17716264725
4.38252175176 2323.36279297 5.24260520935
4.38880493706 2329.95068359 5.27186489105
4.39508812237 2349.13476562 5.34696054459
4.40137130768 2366.72753906 5.39421367645
4.40765449299 2392.95703125 5.47076749802
4.41393767829 2399.83251953 5.5124797821
4.4202208636 2418.71240234 5.57455968857
4.42650404891 2431.38085938 5.64671087265
4.43278723422 2458.81591797 5.69797706604
4.43907041952 2467.24707031 5.77767658234
4.44535360483 2489.31298828 5.8322763443
4.45163679014 2497.04394531 5.90080118179
4.45791997544 2510.96240234 5.95790719986
4.46420316075 2534.85839844 6.0367102623
4.47048634606 2525.8671875 6.08656406403
4.47676953137 2560.61181641 6.17275094986
4.48305271667 2570.14355469 6.24133729935
4.48933590198 2585.85742188 6.31977033615
4.49561908729 2591.64892578 6.38657093048
4.50190227259 2605.72021484 6.47034072876
4.5081854579 2613.02197266 6.51914691925
4.51446864321 2623.86523438 6.61216402054
4.52075182852 2637.88232422 6.69404840469
4.52703501382 2645.02490234 6.76810264587
4.53331819913 2639.96191406 6.82468748093
4.53960138444 2651.84521484 6.91663599014
4.54588456974 2655.74755859 7.00014305115
4.55216775505 2655.33056641 7.06458806992
4.55845094036 2655.51513672 7.13129472733
4.56473412567 2656.00097656 7.21609783173
4.57101731097 2659.14794922 7.28076839447
4.57730049628 2683.05322266 7.38150835037
4.58358368159 2700.90917969 7.48517036438
4.58986686689 2720.64941406 7.58613204956
4.5961500522 2722.62158203 7.65807342529
4.60243323751 2731.60742188 7.74316835403
4.60871642282 2754.92333984 7.84428167343
4.61499960812 2765.47851562 7.94914293289
4.62128279343 2768.140625 8.00735282898
4.62756597874 2779.63330078 8.10786533356
4.63384916404 2802.11376953 8.21952056885
4.64013234935 2823.24511719 8.33987617493
4.64641553466 2840.84082031 8.43156528473
4.65269871997 2860.32617188 8.53996086121
4.65898190527 2877.8828125 8.65949630737
4.66526509058 2883.10351562 8.74385929108
4.67154827589 2885.54443359 8.81680679321
4.6778314612 2899.26074219 8.92094898224
4.6841146465 2901.4609375 9.02334308624
4.69039783181 2942.91796875 9.1706609726
4.69668101712 2955.40673828 9.2668800354
4.70296420242 2984.51123047 9.43459224701
4.70924738773 2995.64990234 9.53904819489
4.71553057304 2994.78173828 9.59835338593
4.72181375835 3004.42333984 9.71838569641
4.72809694365 3052.24462891 9.90849685669
4.73438012896 3073.46386719 10.0435991287
4.74066331427 3085.94628906 10.1396894455
4.74694649957 3105.28466797 10.2983150482
4.75322968488 3141.21582031 10.4562921524
4.75951287019 3157.05419922 10.5896015167
4.7657960555 3175.95898438 10.7333316803
4.7720792408 3208.31005859 10.8920612335
4.77836242611 3247.34033203 11.0926437378
4.78464561142 3237.26611328 11.1773538589
4.79092879672 3251.83349609 11.2826795578
4.79721198203 3288.79296875 11.5061578751
4.80349516734 3299.01513672 11.6564531326
4.80977835265 3348.55908203 11.8459205627
4.81606153795 3377.82617188 12.0386867523
4.82234472326 3383.1484375 12.1762866974
4.82862790857 3422.18164062 12.406955719
4.83491109387 3440.88134766 12.512178421
4.84119427918 3478.37646484 12.7746200562
4.84747746449 3473.93896484 12.9029388428
4.8537606498 3520.53173828 13.1255483627
4.8600438351 3530.04589844 13.2618074417
4.86632702041 3607.12744141 13.6319284439
4.87261020572 3602.01074219 13.7376708984
4.87889339102 3646.16503906 13.9831819534
4.88517657633 3660.08105469 14.1602230072
4.89145976164 3705.39501953 14.4659261703
4.89774294695 3726.45019531 14.6593017578
4.90402613225 3752.10009766 14.8540182114
4.91030931756 3778.08642578 15.1033983231
4.91659250287 3809.16113281 15.3562726974
4.92287568818 3842.81787109 15.6184329987
4.92915887348 3897.12988281 15.9212207794
4.93544205879 3929.44091797 16.1622753143
4.9417252441 3973.13964844 16.5338993073
4.9480084294 3990.35302734 16.7531375885
4.95429161471 4025.48925781 16.9822406769
4.96057480002 4070.78759766 17.3703784943
4.96685798533 4096.06787109 17.6910057068
4.97314117063 4166.67773438 17.9997234344
4.97942435594 4181.58349609 18.2609100342
4.98570754125 4225.44726562 18.6882858276
4.99199072655 4248.93212891 19.0035305023
4.99827391186 4277.42138672 19.1860370636
5.00455709717 4303.46826172 19.5772361755
5.01084028248 4395.47900391 20.1558876038
5.01712346778 4383.44775391 20.3892459869
5.02340665309 4480.46582031 20.8063659668
5.0296898384 4483.87353516 21.1841182709
5.0359730237 4533.88330078 21.6538085938
5.04225620901 4568.09863281 21.9931163788
5.04853939432 4620.07177734 22.4777202606
5.05482257963 4698.97949219 23.0331630707
5.06110576493 4701.23974609 23.5099029541
5.06738895024 4751.06591797 23.7361698151
5.07367213555 4776.39160156 24.2650260925
5.07995532085 4829.20458984 24.8820953369
5.08623850616 4906.0078125 25.4901294708
5.09252169147 4945.7734375 25.8897514343
5.09880487678 5012.06689453 26.5260562897
5.10508806208 5028.79296875 27.1221389771
5.11137124739 5108.69287109 27.7825775146
5.1176544327 5196.27880859 28.4053611755
5.123937618 5214.59863281 29.0263252258
5.13022080331 5324.17822266 29.9726066589
5.13650398862 5335.87158203 30.3882827759
5.14278717393 5380.72265625 30.9401397705
5.14907035923 5452.24951172 32.0044822693
5.15535354454 5528.7890625 33.0079612732
5.16163672985 5550.41943359 33.1300392151
5.16791991516 5623.47753906 34.163066864
5.17420310046 5699.63427734 35.2358093262
5.18048628577 5721.97998047 36.0592079163
5.18676947108 5791.74804688 36.5983734131
5.19305265638 5892.51953125 37.9735946655
5.19933584169 5997.35302734 39.2817955017
5.205619027 6009.56201172 39.928188324
5.21190221231 6135.74169922 41.1410446167
5.21818539761 6144.84130859 42.1869010925
5.22446858292 6176.43554688 43.4870376587
5.23075176823 6299.48535156 44.2718963623
5.23703495353 6367.52197266 45.6181526184
5.24331813884 6445.76416016 47.5211830139
5.24960132415 6568.81884766 49.4222831726
5.25588450946 6632.13037109 49.6682357788
5.26216769476 6721.00927734 51.534702301
5.26845088007 6759.64404297 53.7312278748
5.27473406538 6876.30810547 55.5373306274
5.28101725068 6975.25732422 56.3750801086
5.28730043599 6999.81005859 58.4020690918
5.2935836213 7087.60595703 60.7696914673
5.29986680661 7198.52587891 62.8611984253
5.30614999191 7249.65771484 64.0953521729
5.31243317722 7414.31396484 67.2941207886
5.31871636253 7525.98876953 70.7925262451
5.32499954783 7654.70166016 71.8656311035
5.33128273314 7703.22509766 74.773727417
5.33756591845 7878.45556641 79.2285614014
5.34384910376 7881.47998047 82.0656814575
5.35013228906 8010.48095703 81.8740997314
5.35641547437 7987.49169922 86.8062667847
5.36269865968 8268.76367188 93.5426559448
5.36898184498 8335.08398438 95.881477356
5.37526503029 8472.92285156 96.4458770752
5.3815482156 8551.19628906 104.898269653
5.38783140091 8654.58105469 113.090698242
5.39411458621 8798.00195312 112.248947144
5.40039777152 8973.63574219 116.136550903
5.40668095683 9263.32226562 129.76234436
5.41296414214 9041.47070312 140.024414062
5.41924732744 9319.59179688 133.520339966
5.42553051275 8999.56738281 136.244934082
5.43181369806 9566.48535156 158.735519409
5.43809688336 9741.07714844 181.930084229
5.44438006867 10011.3691406 166.469955444
5.45066325398 9899.34375 177.825057983
5.45694643929 10225.3564453 208.096786499
5.46322962459 10249.6230469 235.290100098
5.4695128099 10062.0478516 207.903503418
5.47579599521 10780.7294922 238.792678833
5.48207918051 10141.5742188 274.252441406
5.48836236582 10847.6318359 315.251708984
5.49464555113 11445.5283203 307.644683838
5.50092873644 11170.6992188 332.098815918
5.50721192174 12362.9130859 536.228393555
5.51349510705 12197.5644531 433.025604248
5.51977829236 11338.2548828 452.028198242
5.52606147766 11571.8642578 533.352905273
5.53234466297 12810.0185547 936.843200684
5.53862784828 13459.4238281 799.492492676
5.54491103359 11838.6875 902.841491699
5.55119421889 14443.0146484 1458.11999512
5.5574774042 11124.6298828 2248.83129883
5.56376058951 12609.7763672 2722.04296875
5.57004377481 2789.17919922 2449.77026367
