0.00942477796077 125721.984375 41207.1289062
0.0157079632679 141819.640625 28665.7304688
0.0219911485751 137628.078125 18055.46875
0.0282743338823 119589.84375 13168.7939453
0.0345575191895 89711.046875 7861.77490234
0.0408407044967 83429.921875 6933.09667969
0.0471238898038 72677.515625 4973.09130859
0.053407075111 64108.9804688 4179.09912109
0.0596902604182 62712.9570312 3537.69384766
0.0659734457254 62854.9882812 3289.14916992
0.0722566310326 54797.7382812 2723.31054688
0.0785398163397 45437.6367188 2175.90307617
0.0848230016469 44428.6210938 1956.14233398
0.0911061869541 38931.078125 1734.37036133
0.0973893722613 36264.5625 1507.91027832
0.103672557568 32134.1210938 1352.44665527
0.109955742876 31392.8984375 1224.34069824
0.116238928183 29762.0117188 1142.44348145
0.12252211349 29209.6132812 1059.84558105
0.128805298797 27872.140625 988.162109375
0.135088484104 26959.7460938 928.679138184
0.141371669412 23569.6875 824.639221191
0.147654854719 21988.3398438 757.190795898
0.153938040026 21296.6679688 727.282653809
0.160221225333 20347.1171875 669.378662109
0.16650441064 19852.5703125 645.491638184
0.172787595947 18612.7109375 595.098266602
0.179070781255 17889.7890625 580.317138672
0.185353966562 17571.4453125 541.105651855
0.191637151869 16329.1875 519.932067871
0.197920337176 16075.9296875 487.17590332
0.204203522483 14932.8125 466.769256592
0.210486707791 14870.6015625 446.904083252
0.216769893098 14113.9648438 428.367553711
0.223053078405 13408.1953125 407.217315674
0.229336263712 14065.359375 403.937866211
0.235619449019 13366.3789062 386.643554688
0.241902634326 13117.890625 372.734558105
0.248185819634 12341.6875 354.773010254
0.254469004941 12075.03125 345.986206055
0.260752190248 11380.3164062 327.93548584
0.267035375555 11184.421875 320.177734375
0.273318560862 10986.234375 308.582183838
0.279601746169 10237.2890625 296.879364014
0.285884931477 10597.75 293.140930176
0.292168116784 9969.01171875 283.481323242
0.298451302091 9852.99609375 274.004852295
0.304734487398 9895.64648438 269.982330322
0.311017672705 9278.40234375 258.172790527
0.317300858013 8823.39257812 251.103103638
0.32358404332 8888.55664062 244.313369751
0.329867228627 8418.91210938 238.490371704
0.336150413934 8462.55273438 232.396896362
0.342433599241 8646.74414062 232.600967407
0.348716784548 8124.734375 221.418106079
0.354999969856 8183.64648438 219.782699585
0.361283155163 7421.53320312 210.780471802
0.36756634047 7764.36914062 208.056289673
0.373849525777 7376.80078125 203.284103394
0.380132711084 7447.54882812 198.993545532
0.386415896392 6829.70898438 192.940658569
0.392699081699 6854.97851562 190.240768433
0.398982267006 6856.48828125 185.142807007
0.405265452313 6489.5546875 183.119445801
0.41154863762 6504.48242188 177.322555542
0.417831822927 6483.546875 177.209014893
0.424115008235 5991.2890625 170.208755493
0.430398193542 5917.95898438 167.238677979
0.436681378849 5876.54882812 165.041015625
0.442964564156 5958.1171875 163.367080688
0.449247749463 5724.17382812 159.69078064
0.455530934771 5726.23828125 157.375320435
0.461814120078 5427.97070312 152.369293213
0.468097305385 5546.03320312 152.783782959
0.474380490692 5292.56445312 148.109054565
0.480663675999 5250.4765625 147.014846802
0.486946861306 5225.0859375 144.574035645
0.493230046614 5127.96289062 142.381484985
0.499513231921 5055.90820312 140.13684082
0.505796417228 4989.19335938 138.26940918
0.512079602535 4826.19726562 135.356384277
0.518362787842 4658.6796875 132.477996826
0.524645973149 4534.70117188 131.038970947
0.530929158457 4643.43945312 130.154464722
0.537212343764 4492.86523438 127.18473053
0.543495529071 4451.16601562 126.064254761
0.549778714378 4497.39648438 124.527313232
0.556061899685 4250.88476562 122.964698792
0.562345084993 4232.9296875 119.939559937
0.5686282703 4264.43945312 119.610931396
0.574911455607 3950.83007812 116.991325378
0.581194640914 4130.6015625 116.346214294
0.587477826221 4038.21484375 114.752944946
0.593761011528 3756.3984375 112.46598053
0.600044196836 3773.83789062 111.121437073
0.606327382143 3557.18359375 109.560874939
0.61261056745 3730.94140625 108.496368408
0.618893752757 3791.21484375 107.922142029
0.625176938064 3468.22460938 105.506584167
0.631460123372 3638.2578125 105.35017395
0.637743308679 3536.67382812 103.400894165
0.644026493986 3551.71289062 103.006942749
0.650309679293 3507.06835938 101.411987305
0.6565928646 3345.80859375 100.094726562
0.662876049907 3077.97851562 98.0477142334
0.669159235215 3245.078125 97.8754119873
0.675442420522 3085.04492188 95.9851455688
0.681725605829 3332.3515625 96.704536438
0.688008791136 3279.47851562 94.9160385132
0.694291976443 2975.6328125 93.6753234863
0.700575161751 2993.65625 92.1003952026
0.706858347058 3049.86523438 91.9870147705
0.713141532365 2984.83203125 90.7107162476
0.719424717672 3114.65625 90.4381790161
0.725707902979 2948.96875 89.0503692627
0.731991088286 2792.1015625 87.8964920044
0.738274273594 2788.26953125 86.9656448364
0.744557458901 2763.47460938 86.4549484253
0.750840644208 2632.70703125 85.1289825439
0.757123829515 2628.34375 84.3101730347
0.763407014822 2612.50976562 83.5725402832
0.769690200129 2637.72460938 83.10131073
0.775973385437 2522.48242188 81.7555541992
0.782256570744 2486.33789062 81.253692627
0.788539756051 2483.80273438 80.3208999634
0.794822941358 2504.18359375 80.4737091064
0.801106126665 2488.33203125 79.1370010376
0.807389311973 2260.60546875 78.0687942505
0.81367249728 2408.49609375 77.679649353
0.819955682587 2265.57617188 76.835067749
0.826238867894 2318.9765625 76.3482208252
0.832522053201 2194.05859375 75.3207550049
0.838805238508 2091.58984375 74.3505706787
0.845088423816 2205.81445312 74.6784286499
0.851371609123 2141.29882812 73.5195846558
0.85765479443 2066.953125 72.7645645142
0.863937979737 2049.07421875 72.3133087158
0.870221165044 2141.18359375 71.963218689
0.876504350352 2119.96289062 71.5148391724
0.882787535659 2050.19921875 70.5933227539
0.889070720966 2019.40234375 70.2031707764
0.895353906273 1845.93945312 69.2081298828
0.90163709158 1873.3203125 68.6046447754
0.907920276887 2016.1640625 68.7878952026
0.914203462195 1846.76171875 67.492980957
0.920486647502 1847.84765625 67.4290161133
0.926769832809 1708.68359375 66.3269348145
0.933053018116 1846.59375 66.3777542114
0.939336203423 1824.76953125 65.7330245972
0.945619388731 1775.69921875 65.5024642944
0.951902574038 1668.63476562 64.5333938599
0.958185759345 1720.34960938 64.4094924927
0.964468944652 1653.9921875 63.4577331543
0.970752129959 1620.359375 63.2642555237
0.977035315266 1567.84375 62.6728057861
0.983318500574 1544.76367188 62.2805404663
0.989601685881 1619.10351562 61.9806976318
0.995884871188 1535.86523438 61.3319702148
1.0021680565 1578.33984375 61.1073226929
1.0084512418 1548.1171875 60.778629303
1.01473442711 1500.828125 60.0123748779
1.02101761242 1453.56054688 59.6464996338
1.02730079772 1453.81640625 59.3536872864
1.03358398303 1460.61914062 58.9212379456
1.03986716834 1494.91210938 58.6628684998
1.04615035365 1405.71289062 58.2125434875
1.05243353895 1516.46679688 57.9852333069
1.05871672426 1328.88867188 57.3854179382
1.06499990957 1403.26171875 56.9682617188
1.07128309487 1448.14257812 56.8760490417
1.07756628018 1349.69921875 56.2699012756
1.08384946549 1331.41015625 55.9582061768
1.0901326508 1306.2421875 55.5595283508
1.0964158361 1216.14257812 55.0017356873
1.10269902141 1285.74414062 54.824836731
1.10898220672 1243.78125 54.5418930054
1.11526539202 1126.31640625 53.9811668396
1.12154857733 1253.70898438 53.8716239929
1.12783176264 1243.01367188 53.4745979309
1.13411494795 1213.203125 53.1688537598
1.14039813325 1281.00976562 53.1438484192
1.14668131856 1227.68359375 52.6061668396
1.15296450387 1083.5078125 51.9188652039
1.15924768917 1166.13476562 52.0171470642
1.16553087448 979.267578125 51.2093238831
1.17181405979 1039.12695312 51.1474838257
1.1780972451 1051.02734375 50.7150421143
1.1843804304 1026.19140625 50.7206077576
1.19066361571 1014.88867188 50.1861038208
1.19694680102 1131.984375 50.3424758911
1.20322998632 967.892578125 49.4646186829
1.20951317163 1030.65429688 49.6388511658
1.21579635694 1021.01171875 49.1384620667
1.22207954225 910.3984375 48.7879562378
1.22836272755 963.8203125 48.5213279724
1.23464591286 923.955078125 48.2557907104
1.24092909817 1023.07226562 48.3586540222
1.24721228348 874.59765625 47.6466789246
1.25349546878 955.05859375 47.5890274048
1.25977865409 888.455078125 47.2580413818
1.2660618394 973.3046875 47.140712738
1.2723450247 982.1015625 47.0072822571
1.27862821001 906.39453125 46.4844665527
1.28491139532 862.77734375 46.3609924316
1.29119458063 744.09765625 45.6754684448
1.29747776593 858.556640625 45.8832740784
1.30376095124 863.515625 45.5926933289
1.31004413655 900.392578125 45.4902458191
1.31632732185 831.609375 45.0650901794
1.32261050716 831.421875 44.9053611755
1.32889369247 736.396484375 44.5136642456
1.33517687778 782.62890625 44.3794212341
1.34146006308 805.88671875 44.1048355103
1.34774324839 762.203125 43.9858093262
1.3540264337 687.1875 43.5979614258
1.360309619 840.568359375 43.6447906494
1.36659280431 704.685546875 43.2392272949
1.37287598962 759.2890625 43.0559272766
1.37915917493 775.33984375 43.0007743835
1.38544236023 665.720703125 42.552822113
1.39172554554 757.537109375 42.4844017029
1.39800873085 691.97265625 42.2433662415
1.40429191615 676.330078125 41.9565048218
1.41057510146 711.529296875 41.9109344482
1.41685828677 733.591796875 41.6767120361
1.42314147208 727.861328125 41.6124382019
1.42942465738 595.96484375 41.0604743958
1.43570784269 648.265625 41.0511054993
1.441991028 610.671875 40.7318115234
1.4482742133 634.974609375 40.7325286865
1.45455739861 687.962890625 40.5295333862
1.46084058392 683.865234375 40.3906402588
1.46712376923 612.833984375 40.0482063293
1.47340695453 659.666015625 40.0437774658
1.47969013984 648.4453125 39.7975540161
1.48597332515 562.982421875 39.5081863403
1.49225651046 626.083984375 39.4577026367
1.49853969576 637.4375 39.3627700806
1.50482288107 606.33984375 39.0076522827
1.51110606638 553.845703125 38.854675293
1.51738925168 589.521484375 38.6902236938
1.52367243699 604.908203125 38.592918396
1.5299556223 649.49609375 38.4680099487
1.53623880761 598.34375 38.2466087341
1.54252199291 589.630859375 38.1263656616
1.54880517822 586.779296875 37.9676780701
1.55508836353 575.501953125 37.6866989136
1.56137154883 570.8046875 37.6816749573
1.56765473414 629.271484375 37.5376014709
1.57393791945 479.513671875 37.1565170288
1.58022110476 577.984375 37.1361351013
1.58650429006 545.78515625 36.9995880127
1.59278747537 526.087890625 36.8216972351
1.59907066068 503.806640625 36.5553703308
1.60535384598 617.736328125 36.6402740479
1.61163703129 531.775390625 36.4009284973
1.6179202166 599.0546875 36.3342895508
1.62420340191 560.177734375 36.128993988
1.63048658721 503.974609375 35.9119186401
1.63676977252 498.55859375 35.7582321167
1.64305295783 511.9765625 35.6439628601
1.64933614313 574.4296875 35.6442146301
1.65561932844 547.064453125 35.3763656616
1.66190251375 488.189453125 35.2392272949
1.66818569906 493.365234375 35.0144348145
1.67446888436 478.236328125 34.9981231689
1.68075206967 462.81640625 34.7666511536
1.68703525498 484.9921875 34.6308746338
1.69331844028 507.15234375 34.5583763123
1.69960162559 509.529296875 34.5379371643
1.7058848109 512.212890625 34.2555999756
1.71216799621 466.3046875 34.1769790649
1.71845118151 477.388671875 33.9854393005
1.72473436682 400.228515625 33.841091156
1.73101755213 458.259765625 33.7538261414
1.73730073744 500.25390625 33.651966095
1.74358392274 520.06640625 33.6638145447
1.74986710805 559.3671875 33.5252799988
1.75615029336 493.30859375 33.3103408813
1.76243347866 488.71875 33.2062568665
1.76871666397 465.2421875 33.0320892334
1.77499984928 505.658203125 33.009021759
1.78128303459 501.16796875 32.8186988831
1.78756621989 500.90625 32.7958641052
1.7938494052 487.951171875 32.5538635254
1.80013259051 558.66015625 32.6688232422
1.80641577581 479.13671875 32.3395004272
1.81269896112 478.046875 32.3061065674
1.81898214643 501.890625 32.1498146057
1.82526533174 468.853515625 32.0321159363
1.83154851704 510.314453125 31.973400116
1.83783170235 529.40625 31.8920688629
1.84411488766 537.947265625 31.7565422058
1.85039807296 488.921875 31.6498088837
1.85668125827 524.134765625 31.5421695709
1.86296444358 513.77734375 31.4686641693
1.86924762889 545.4140625 31.3518314362
1.87553081419 487.3125 31.1880302429
1.8818139995 556.361328125 31.1940784454
1.88809718481 544.34375 31.074224472
1.89438037011 522.5234375 30.9559841156
1.90066355542 571.046875 30.8362674713
1.90694674073 497.171875 30.7122516632
1.91322992604 504.568359375 30.6303901672
1.91951311134 557.521484375 30.53465271
1.92579629665 559.642578125 30.5012187958
1.93207948196 597.353515625 30.3714370728
1.93836266726 553.3984375 30.3457260132
1.94464585257 567.349609375 30.1496906281
1.95092903788 531.353515625 30.0541343689
1.95721222319 536.0 29.9276599884
1.96349540849 579.53515625 29.9253120422
1.9697785938 579.451171875 29.8240032196
1.97606177911 616.08984375 29.7384910583
1.98234496442 567.955078125 29.6162605286
1.98862814972 594.8046875 29.5720081329
1.99491133503 572.134765625 29.4320659637
2.00119452034 685.271484375 29.4911384583
2.00747770564 562.626953125 29.2366714478
2.01376089095 586.712890625 29.2048435211
2.02004407626 610.24609375 29.1026706696
2.02632726157 648.42578125 29.039434433
2.03261044687 639.513671875 28.9692993164
2.03889363218 663.935546875 28.9544906616
2.04517681749 678.4453125 28.8150482178
2.05146000279 656.900390625 28.7182998657
2.0577431881 690.65625 28.6714057922
2.06402637341 674.03515625 28.5784797668
2.07030955872 723.271484375 28.5240345001
2.07659274402 692.41015625 28.4151611328
2.08287592933 700.18359375 28.3808822632
2.08915911464 676.310546875 28.2550849915
2.09544229994 683.892578125 28.1080818176
2.10172548525 722.982421875 28.1622772217
2.10800867056 704.4921875 27.9874477386
2.11429185587 661.51171875 27.8855743408
2.12057504117 726.685546875 27.8787670135
2.12685822648 758.654296875 27.8191604614
2.13314141179 740.50390625 27.717590332
2.13942459709 797.451171875 27.6929893494
2.1457077824 773.0546875 27.6005001068
2.15199096771 783.80859375 27.5653629303
2.15827415302 829.93359375 27.4546031952
2.16455733832 775.349609375 27.4006443024
2.17084052363 792.013671875 27.2589607239
2.17712370894 844.794921875 27.3208255768
2.18340689424 819.55859375 27.187707901
2.18969007955 849.58984375 27.1176967621
2.19597326486 779.181640625 26.9642887115
2.20225645017 849.40625 26.9924545288
2.20853963547 838.48046875 26.8910484314
2.21482282078 867.4765625 26.8455963135
2.22110600609 856.794921875 26.7339763641
2.2273891914 884.271484375 26.7489051819
2.2336723767 907.32421875 26.6238136292
2.23995556201 955.271484375 26.6671962738
2.24623874732 942.669921875 26.5412960052
2.25252193262 971.896484375 26.5250663757
2.25880511793 940.517578125 26.4202346802
2.26508830324 994.416015625 26.3630638123
2.27137148855 999.73046875 26.3541564941
2.27765467385 1008.75976562 26.2318572998
2.28393785916 1026.29101562 26.2100467682
2.29022104447 1005.16992188 26.1258087158
2.29650422977 1035.83789062 26.0351486206
2.30278741508 1031.02539062 26.0488128662
2.30907060039 1073.2890625 25.936504364
2.3153537857 1084.27539062 25.9335136414
2.321636971 1074.97460938 25.7958221436
2.32792015631 1150.54882812 25.8723678589
2.33420334162 1111.94921875 25.7501716614
2.34048652692 1149.97070312 25.6940498352
2.34676971223 1160.49609375 25.638217926
2.35305289754 1208.32421875 25.6256809235
2.35933608285 1190.08789062 25.5453910828
2.36561926815 1270.63867188 25.5961227417
2.37190245346 1268.96875 25.4540328979
2.37818563877 1280.359375 25.4592208862
2.38446882407 1281.68945312 25.3568954468
2.39075200938 1272.80664062 25.309431076
2.39703519469 1310.390625 25.2814483643
2.40331838 1371.75 25.2553138733
2.4096015653 1355.45898438 25.1678237915
2.41588475061 1413.28125 25.1787815094
2.42216793592 1395.09765625 25.0685558319
2.42845112122 1436.78710938 25.112329483
2.43473430653 1399.19921875 24.9467525482
2.44101749184 1480.54882812 25.0043048859
2.44730067715 1446.0546875 24.8548202515
2.45358386245 1510.20117188 24.9232273102
2.45986704776 1538.26367188 24.8339614868
2.46615023307 1622.65039062 24.8799629211
2.47243341838 1554.16015625 24.7495193481
2.47871660368 1603.94726562 24.7484474182
2.48499978899 1638.83789062 24.6914386749
2.4912829743 1649.62695312 24.6467876434
2.4975661596 1700.03125 24.6623039246
2.50384934491 1646.52929688 24.5104808807
2.51013253022 1767.25585938 24.5825691223
2.51641571553 1738.00585938 24.5046253204
2.52269890083 1798.3515625 24.4656887054
2.52898208614 1787.06445312 24.4488296509
2.53526527145 1825.65625 24.3836536407
2.54154845675 1851.0078125 24.370092392
2.54783164206 1883.43945312 24.3237667084
2.55411482737 1919.57226562 24.342048645
2.56039801268 1952.12890625 24.2834911346
2.56668119798 1990.62890625 24.2316074371
2.57296438329 1964.49804688 24.1902198792
2.5792475686 2027.5859375 24.1855125427
2.5855307539 2081.4453125 24.153837204
2.59181393921 2104.5 24.150850296
2.59809712452 2122.9453125 24.0969772339
2.60438030983 2155.90625 24.0933914185
2.61066349513 2178.22851562 24.001241684
2.61694668044 2194.94921875 24.0139389038
2.62322986575 2257.51953125 24.0075759888
2.62951305105 2291.41015625 23.9451255798
2.63579623636 2315.328125 23.9463043213
2.64207942167 2299.91015625 23.8556289673
2.64836260698 2359.05273438 23.8650550842
2.65464579228 2432.63085938 23.8605003357
2.66092897759 2435.22070312 23.8184242249
2.6672121629 2488.89648438 23.835149765
2.6734953482 2547.23632812 23.7820034027
2.67977853351 2580.078125 23.7986297607
2.68606171882 2591.04492188 23.7336349487
2.69234490413 2704.25 23.8088436127
2.69862808943 2670.23632812 23.7096729279
2.70491127474 2730.49609375 23.7237815857
2.71119446005 2787.56445312 23.7043037415
2.71747764536 2767.61328125 23.6294994354
2.72376083066 2784.18554688 23.5828990936
2.73004401597 2860.19335938 23.5862674713
2.73632720128 2924.68359375 23.6467781067
2.74261038658 2967.91015625 23.6025218964
2.74889357189 3010.01171875 23.5606842041
2.7551767572 3079.73632812 23.6131744385
2.76145994251 3048.27148438 23.4916801453
2.76774312781 3134.86914062 23.5445346832
2.77402631312 3160.81054688 23.4983730316
2.78030949843 3248.3359375 23.538438797
2.78659268373 3312.91992188 23.5443725586
2.79287586904 3334.19726562 23.509765625
2.79915905435 3383.35546875 23.4730644226
2.80544223966 3396.515625 23.466135025
2.81172542496 3459.27929688 23.4336223602
2.81800861027 3507.84960938 23.5056667328
2.82429179558 3583.9609375 23.4213180542
2.83057498088 3606.86523438 23.4283924103
2.83685816619 3662.36132812 23.4258880615
2.8431413515 3747.83398438 23.4569168091
2.84942453681 3792.7421875 23.4374294281
2.85570772211 3838.6484375 23.4270591736
2.86199090742 3883.17382812 23.4217033386
2.86827409273 3935.86328125 23.40858078
2.87455727803 3983.1953125 23.3929042816
2.88084046334 4056.43164062 23.4223308563
2.88712364865 4133.33398438 23.4204139709
2.89340683396 4163.25195312 23.4233341217
2.89969001926 4264.73242188 23.4392051697
2.90597320457 4256.81835938 23.3939781189
2.91225638988 4389.81445312 23.4259281158
2.91853957518 4456.65820312 23.467912674
2.92482276049 4504.2734375 23.4356880188
2.9311059458 4548.91992188 23.4270801544
2.93738913111 4669.078125 23.4953327179
2.94367231641 4733.40039062 23.4870471954
2.94995550172 4768.828125 23.4598999023
2.95623868703 4807.73632812 23.4735832214
2.96252187234 4854.83789062 23.4230594635
2.96880505764 4972.44921875 23.5017852783
2.97508824295 5068.25585938 23.5270137787
2.98137142826 5085.7734375 23.4878177643
2.98765461356 5147.578125 23.4825725555
2.99393779887 5248.421875 23.5362434387
3.00022098418 5392.8515625 23.6128120422
3.00650416949 5445.1640625 23.5934257507
3.01278735479 5510.94726562 23.59283638
3.0190705401 5571.9140625 23.6087188721
3.02535372541 5595.02539062 23.5520133972
3.03163691071 5758.75 23.6684761047
3.03792009602 5820.40039062 23.6357402802
3.04420328133 5911.1953125 23.6945075989
3.05048646664 5971.73046875 23.6881008148
3.05676965194 6087.49804688 23.7412014008
3.06305283725 6131.65820312 23.704252243
3.06933602256 6241.79101562 23.7704086304
3.07561920786 6323.7578125 23.7560558319
3.08190239317 6373.42382812 23.7945728302
3.08818557848 6512.49023438 23.8186759949
3.09446876379 6572.890625 23.8504333496
3.10075194909 6735.90429688 23.8947143555
3.1070351344 6790.23046875 23.9365596771
3.11331831971 6903.30664062 23.9428863525
3.11960150501 6978.27929688 23.9892215729
3.12588469032 7011.79101562 23.9289283752
3.13216787563 7150.2265625 24.0216789246
3.13845106094 7289.6171875 24.0766582489
3.14473424624 7368.02929688 24.0784053802
3.15101743155 7527.56445312 24.1891994476
3.15730061686 7585.97265625 24.1591110229
3.16358380216 7734.67578125 24.2297706604
3.16986698747 7849.21484375 24.2909526825
3.17615017278 7910.97265625 24.2522983551
3.18243335809 8054.36328125 24.3700485229
3.18871654339 8175.26953125 24.3695430756
3.1949997287 8264.68945312 24.4160022736
3.20128291401 8400.73632812 24.4655361176
3.20756609932 8472.125 24.507276535
3.21384928462 8590.54296875 24.4993877411
3.22013246993 8697.71484375 24.6009368896
3.22641565524 8799.39648438 24.6908054352
3.23269884054 8811.00195312 24.7498474121
3.23898202585 8800.4375 24.7357730865
3.24526521116 8839.203125 24.8138160706
3.25154839647 8834.41210938 24.8266010284
3.25783158177 8936.54882812 24.9333000183
3.26411476708 9007.1875 25.0068645477
3.27039795239 9021.3671875 25.0635547638
3.27668113769 9075.75195312 25.1026573181
3.282964323 9104.1640625 25.1749401093
3.28924750831 9137.31054688 25.2249832153
3.29553069362 9176.92382812 25.2840099335
3.30181387892 9220.39453125 25.3297767639
3.30809706423 9283.4375 25.4448928833
3.31438024954 9350.19726562 25.493850708
3.32066343484 9305.11132812 25.5068492889
3.32694662015 9403.5625 25.6099281311
3.33322980546 9441.02734375 25.6505565643
3.33951299077 9474.38085938 25.7179698944
3.34579617607 9533.68554688 25.8014640808
3.35207936138 9525.671875 25.819984436
3.35836254669 9608.40039062 25.9317398071
3.36464573199 9633.82226562 25.9784889221
3.3709289173 9742.109375 26.0736865997
3.37721210261 9730.31835938 26.1328105927
3.38349528792 9815.12695312 26.1905899048
3.38977847322 9849.37109375 26.2760009766
3.39606165853 9870.265625 26.3354854584
3.40234484384 9920.6953125 26.397146225
3.40862802914 9998.828125 26.5153694153
3.41491121445 10078.7304688 26.5582256317
3.42119439976 10105.3203125 26.6848297119
3.42747758507 10195.9023438 26.7395782471
3.43376077037 10220.859375 26.8147926331
3.44004395568 10255.34375 26.8812828064
3.44632714099 10345.9882812 26.9964828491
3.4526103263 10365.453125 27.0221424103
3.4588935116 10404.4804688 27.1374702454
3.46517669691 10479.6367188 27.1941070557
3.47145988222 10512.4726562 27.2848472595
3.47774306752 10527.9140625 27.3120880127
3.48402625283 10650.34375 27.4755916595
3.49030943814 10770.6015625 27.6259365082
3.49659262345 10808.6953125 27.644285202
3.50287580875 10736.5625 27.6858577728
3.50915899406 10881.6601562 27.8218307495
3.51544217937 10921.9882812 27.8927555084
3.52172536467 11002.125 28.0074996948
3.52800854998 11057.4804688 28.095281601
3.53429173529 11113.4179688 28.1822853088
3.5405749206 11114.484375 28.2035999298
3.5468581059 11201.8789062 28.3754882812
3.55314129121 11304.7226562 28.4232368469
3.55942447652 11372.21875 28.6047801971
3.56570766182 11385.3125 28.6276473999
3.57199084713 11453.4257812 28.7420082092
3.57827403244 11539.796875 28.8410415649
3.58455721775 11557.3984375 28.9301586151
3.59084040305 11634.21875 29.0432167053
3.59712358836 11706.1484375 29.1394386292
3.60340677367 11808.046875 29.2626686096
3.60968995897 11916.140625 29.445728302
3.61597314428 11977.2773438 29.4905433655
3.62225632959 12000.9140625 29.610584259
3.6285395149 12097.9804688 29.7234230042
3.6348227002 12189.3203125 29.8495464325
3.64110588551 12237.3984375 29.925283432
3.64738907082 12340.5703125 30.0871047974
3.65367225612 12384.0234375 30.2080898285
3.65995544143 12436.7773438 30.2717227936
3.66623862674 12540.0585938 30.415517807
3.67252181205 12639.4492188 30.5927524567
3.67880499735 12743.3554688 30.7077407837
3.68508818266 12775.5820312 30.8131484985
3.69137136797 12824.703125 30.9079246521
3.69765455328 12915.7460938 31.041431427
3.70393773858 13057.4492188 31.2333374023
3.71022092389 13110.5273438 31.3289833069
3.7165041092 13173.296875 31.4508056641
3.7227872945 13303.890625 31.6366767883
3.72907047981 13377.0273438 31.7551765442
3.73535366512 13395.6953125 31.8498344421
3.74163685043 13521.90625 32.0119361877
3.74792003573 13578.8007812 32.1353874207
3.75420322104 13739.625 32.3153152466
3.76048640635 13828.4335938 32.4988975525
3.76676959165 13899.1484375 32.6321983337
3.77305277696 13964.421875 32.7695121765
3.77933596227 14073.7578125 32.8584213257
3.78561914758 14150.6953125 33.0940437317
3.79190233288 14285.390625 33.2274017334
3.79818551819 14416.1601562 33.4478874207
3.8044687035 14478.2773438 33.5675048828
3.8107518888 14532.34375 33.7172241211
3.81703507411 14630.0273438 33.8552627563
3.82331825942 14740.2890625 34.0297012329
3.82960144473 14794.0351562 34.1616210938
3.83588463003 14948.2695312 34.4094161987
3.84216781534 15042.7617188 34.5252532959
3.84845100065 15139.5078125 34.7467842102
3.85473418595 15216.4257812 34.8742675781
3.86101737126 15360.7929688 35.1102676392
3.86730055657 15481.9765625 35.3092384338
3.87358374188 15655.0703125 35.5278892517
3.87986692718 15679.1445312 35.67345047
3.88615011249 15862.4648438 35.8809585571
3.8924332978 15871.7109375 36.0446662903
3.8987164831 16045.5390625 36.2481689453
3.90499966841 16173.2851562 36.4700660706
3.91128285372 16300.5351562 36.7424240112
3.91756603903 16458.2929688 36.9196815491
3.92384922433 16531.8164062 37.122428894
3.93013240964 16647.2070312 37.306476593
3.93641559495 16781.7382812 37.5923881531
3.94269878026 16984.3515625 37.8051109314
3.94898196556 17025.7070312 37.9775733948
3.95526515087 17198.3554688 38.2719306946
3.96154833618 17291.578125 38.4831047058
3.96783152148 17395.734375 38.645072937
3.97411470679 17599.4648438 39.0042915344
3.9803978921 17719.109375 39.1969146729
3.98668107741 17811.421875 39.4498901367
3.99296426271 18025.671875 39.6911964417
3.99924744802 18084.8867188 39.947429657
4.00553063333 18179.4765625 40.1211166382
4.01181381863 18448.375 40.5177612305
4.01809700394 18571.0859375 40.7592315674
4.02438018925 18641.6875 40.967792511
4.03066337456 18845.34375 41.3130950928
4.03694655986 18925.484375 41.4769020081
4.04322974517 19112.5429688 41.80235672
4.04951293048 19267.78125 42.1341323853
4.05579611578 19460.2070312 42.4448547363
4.06207930109 19564.5 42.7321853638
4.0683624864 19750.7695312 42.9598846436
4.07464567171 19888.6484375 43.3698692322
4.08092885701 19988.4257812 43.5352210999
4.08721204232 20226.7539062 43.9208831787
4.09349522763 20419.3164062 44.338470459
4.09977841293 20627.6953125 44.6776885986
4.10606159824 20665.0078125 44.8647346497
4.11234478355 20876.2695312 45.2697601318
4.11862796886 21051.453125 45.5737304688
4.12491115416 21226.9609375 46.0272521973
4.13119433947 21418.6796875 46.303943634
4.13747752478 21475.5546875 46.578754425
4.14376071008 21887.4453125 47.1636505127
4.15004389539 21975.8085938 47.457950592
4.1563270807 22075.125 47.7601165771
4.16261026601 22217.984375 48.0704269409
4.16889345131 22489.8085938 48.5872573853
4.17517663662 22682.5429688 48.9808654785
4.18145982193 22758.6796875 49.2391891479
4.18774300724 23119.5390625 49.8396987915
4.19402619254 23289.0273438 50.2952804565
4.20030937785 23375.09375 50.5900764465
4.20659256316 23597.0 50.962852478
4.21287574846 23856.9453125 51.6202468872
4.21915893377 24035.0078125 51.9216995239
4.22544211908 24186.2226562 52.3473243713
4.23172530439 24396.90625 52.8284912109
4.23800848969 24623.0820312 53.373752594
4.244291675 24758.6875 53.7326507568
4.25057486031 25076.875 54.263420105
4.25685804561 25130.1054688 54.7013664246
4.26314123092 25469.3046875 55.3234634399
4.26942441623 25652.3632812 55.7980003357
4.27570760154 25978.5820312 56.4573745728
4.28199078684 26179.8515625 56.9680213928
4.28827397215 26300.21875 57.4182777405
4.29455715746 26552.6953125 57.9463119507
4.30084034276 26617.0234375 58.3819580078
4.30712352807 26867.3320312 58.9800224304
4.31340671338 27275.796875 59.7744026184
4.31968989869 27371.9101562 60.3028564453
4.32597308399 27657.1171875 60.8156166077
4.3322562693 27799.5859375 61.425868988
4.33853945461 28045.265625 62.0827445984
4.34482263991 28252.1679688 62.6226463318
4.35110582522 28538.7109375 63.4996986389
4.35738901053 28838.2734375 64.0758056641
4.36367219584 29005.71875 64.7520141602
4.36995538114 29212.7070312 65.3734130859
4.37623856645 29448.6210938 66.170173645
4.38252175176 29574.6171875 66.7562255859
4.38880493706 29820.3320312 67.33568573
4.39508812237 30012.7929688 68.2270050049
4.40137130768 30347.453125 68.9727935791
4.40765449299 30444.6875 69.6404724121
4.41393767829 30742.890625 70.4483718872
4.4202208636 31006.5 71.2712936401
4.42650404891 31085.6914062 72.0831375122
4.43278723422 31318.3164062 72.5800094604
4.43907041952 31624.9101562 73.8653106689
4.44535360483 31728.046875 74.3196487427
4.45163679014 32072.1601562 75.5305862427
4.45791997544 32215.2304688 76.2129974365
4.46420316075 32558.7109375 77.2737503052
4.47048634606 32503.7773438 77.9966888428
4.47676953137 32673.4609375 78.7105102539
4.48305271667 32726.5039062 79.487121582
4.48933590198 32936.0664062 80.4996337891
4.49561908729 33158.5664062 81.5671081543
4.50190227259 33325.2070312 82.617767334
4.5081854579 33571.375 83.4671859741
4.51446864321 33549.4882812 84.4175720215
4.52075182852 33777.2851562 85.5367660522
4.52703501382 33723.7148438 86.2621841431
4.53331819913 33690.984375 87.032333374
4.53960138444 33974.7851562 88.4106750488
4.54588456974 33825.0078125 89.1640014648
4.55216775505 33707.0429688 89.8059844971
4.55845094036 33877.4140625 90.9232711792
4.56473412567 34069.40625 92.3057937622
4.57101731097 34257.9375 93.3754730225
4.57730049628 34404.28125 94.4032516479
4.58358368159 34451.2148438 95.4268722534
4.58986686689 34639.8242188 96.6080627441
4.5961500522 34777.0976562 97.7143859863
4.60243323751 34947.9648438 98.8963394165
4.60871642282 34949.0039062 99.67603302
4.61499960812 35205.0546875 101.221076965
4.62128279343 35428.7578125 102.295433044
4.62756597874 35595.6835938 103.615150452
4.63384916404 35852.53125 104.987602234
4.64013234935 36013.8320312 106.328727722
4.64641553466 36082.65625 107.214813232
4.65269871997 36315.6835938 108.566101074
4.65898190527 36712.8828125 110.408248901
4.66526509058 36862.5820312 111.639297485
4.67154827589 37001.8203125 112.774299622
4.6778314612 37426.1054688 114.579368591
4.6841146465 37211.1328125 115.427085876
4.69039783181 37538.6992188 116.919036865
4.69668101712 37782.8828125 118.311531067
4.70296420242 38114.890625 120.374603271
4.70924738773 38463.7617188 122.119117737
4.71553057304 38435.4960938 122.843963623
4.72181375835 38997.484375 125.268508911
4.72809694365 39025.6835938 126.516334534
4.73438012896 39217.0859375 128.077270508
4.74066331427 39391.1875 129.33366394
4.74694649957 39824.0820312 131.748397827
4.75322968488 40220.2226562 133.63482666
4.75951287019 40316.875 135.112350464
4.7657960555 40344.765625 136.485488892
4.7720792408 40784.5117188 138.565673828
4.77836242611 41260.53125 141.072296143
4.78464561142 41362.25 142.660232544
4.79092879672 41791.4960938 144.548599243
4.79721198203 42055.7304688 146.937973022
4.80349516734 42116.78125 148.698242188
4.80977835265 42642.2929688 150.869873047
4.81606153795 42772.6445312 152.76071167
4.82234472326 43398.9882812 155.821029663
4.82862790857 43425.6445312 157.648193359
4.83491109387 43534.0585938 158.676422119
4.84119427918 44244.8945312 162.57484436
4.84747746449 44727.2304688 165.527603149
4.8537606498 44826.6523438 167.152709961
4.8600438351 45334.3867188 169.850891113
4.86632702041 45590.2226562 172.745254517
4.87261020572 45912.4414062 175.070632935
4.87889339102 46787.7773438 179.003005981
4.88517657633 46879.3945312 181.044723511
4.89145976164 47437.6992188 184.897888184
4.89774294695 48100.3007812 188.41444397
4.90402613225 47540.4648438 188.534698486
4.91030931756 48526.0351562 193.477386475
4.91659250287 48803.9101562 196.38734436
4.92287568818 48920.5039062 198.870437622
4.92915887348 49517.9023438 202.46244812
4.93544205879 50025.2695312 205.80027771
4.9417252441 50777.0898438 211.092483521
4.9480084294 50941.8164062 213.732147217
4.95429161471 50944.9179688 215.355926514
4.96057480002 51728.0117188 220.895996094
4.96685798533 52163.1445312 225.314697266
4.97314117063 52876.9570312 228.686416626
4.97942435594 53466.3476562 233.227233887
4.98570754125 53694.5585938 237.654846191
4.99199072655 54454.1757812 243.113388062
4.99827391186 54613.0976562 244.798675537
5.00455709717 55277.3789062 250.85585022
5.01084028248 55756.0898438 255.990036011
5.01712346778 56329.0507812 261.349243164
5.02340665309 56901.3476562 264.46987915
5.0296898384 57300.2773438 270.4715271
5.0359730237 57977.9882812 276.602508545
5.04225620901 58591.5742188 281.547027588
5.04853939432 59380.0351562 288.182189941
5.05482257963 59809.8476562 293.239349365
5.06110576493 59998.9257812 299.889007568
5.06738895024 60562.2773438 302.513305664
5.07367213555 61299.8867188 310.785583496
5.07995532085 62150.5117188 319.343414307
5.08623850616 62604.0585938 325.122406006
5.09252169147 62862.3632812 329.263427734
5.09880487678 63885.3398438 338.056884766
5.10508806208 64935.9726562 348.982788086
5.11137124739 65179.3867188 354.322387695
5.1176544327 65456.1914062 358.850738525
5.123937618 66547.015625 370.254730225
5.13022080331 66778.296875 377.413543701
5.13650398862 68085.9375 387.593475342
5.14278717393 69281.625 397.321594238
5.14907035923 69635.421875 408.495239258
5.15535354454 70387.6875 420.290618896
5.16163672985 70320.609375 420.300079346
5.16791991516 71430.59375 434.248901367
5.17420310046 72812.8125 449.832214355
5.18048628577 73481.8125 462.184997559
5.18676947108 74659.984375 470.465576172
5.19305265638 75517.421875 485.980133057
5.19933584169 76370.078125 500.256866455
5.205619027 76478.21875 508.246490479
5.21190221231 77640.4375 521.381774902
5.21818539761 78707.703125 539.694580078
5.22446858292 79667.0625 559.356323242
5.23075176823 80177.96875 563.588562012
5.23703495353 80977.984375 580.357177734
5.24331813884 82542.09375 607.84765625
5.24960132415 82914.71875 625.064697266
5.25588450946 84257.015625 631.367858887
5.26216769476 84275.96875 648.370605469
5.26845088007 86234.171875 685.253173828
5.27473406538 86415.734375 699.919494629
5.28101725068 88888.71875 718.358764648
5.28730043599 89232.703125 744.394470215
5.2935836213 90767.765625 777.418640137
5.29986680661 91172.0625 797.081848145
5.30614999191 93969.3125 827.96105957
5.31243317722 95691.40625 866.322692871
5.31871636253 95239.921875 897.010437012
5.32499954783 97431.921875 914.875244141
5.33128273314 98106.6875 952.345581055
5.33756591845 98383.53125 993.070556641
5.34384910376 101054.265625 1050.9630127
5.35013228906 101674.21875 1039.89086914
5.35641547437 103828.078125 1124.24072266
5.36269865968 103941.546875 1178.67614746
5.36898184498 105363.453125 1213.69555664
5.37526503029 107690.625 1226.31066895
5.3815482156 110802.90625 1355.24926758
5.38783140091 108063.453125 1416.98486328
5.39411458621 112687.953125 1436.40270996
5.40039777152 111421.203125 1448.2467041
5.40668095683 113515.640625 1600.34838867
5.41296414214 114479.078125 1774.71777344
5.41924732744 117648.40625 1688.01000977
5.42553051275 120717.15625 1812.26208496
5.43181369806 122888.15625 2036.38903809
5.43809688336 125238.734375 2335.69506836
5.44438006867 127807.34375 2124.4987793
5.45066325398 126935.25 2277.89282227
5.45694643929 127417.0625 2601.70410156
5.46322962459 126567.0625 2919.15185547
5.4695128099 132881.984375 2730.92211914
5.47579599521 127184.984375 2849.21142578
5.48207918051 129143.140625 3492.53686523
5.48836236582 138380.78125 4020.79125977
5.49464555113 135166.875 3671.88989258
5.50092873644 134555.0625 4032.11547852
5.50721192174 140523.0625 6188.28857422
5.51349510705 143509.5625 5148.77490234
5.51977829236 152304.09375 6029.13671875
5.52606147766 147305.984375 6790.06054688
5.53234466297 161388.390625 11819.0546875
5.53862784828 160110.3125 9589.85449219
5.54491103359 148923.109375 11376.1142578
5.55119421889 167780.40625 17119.3359375
5.5574774042 138228.40625 28040.5761719
5.56376058951 149145.140625 32504.4863281
5.57004377481 94662.75 62814.5117188
