0.00942477796077 64987.3359375 20527.1542969
0.0157079632679 84894.59375 16349.1943359
0.0219911485751 83815.9921875 10445.3574219
0.0282743338823 75343.6015625 7799.82275391
0.0345575191895 60611.8515625 4863.60546875
0.0408407044967 56029.984375 4243.67871094
0.0471238898038 47455.3085938 2940.21508789
0.053407075111 41459.4179688 2426.09643555
0.0596902604182 42961.7109375 2149.36010742
0.0659734457254 39142.0078125 1848.45605469
0.0722566310326 35456.421875 1560.00952148
0.0785398163397 31862.0390625 1302.74951172
0.0848230016469 28796.7773438 1099.61938477
0.0911061869541 25412.8046875 966.711242676
0.0973893722613 22328.1777344 799.716369629
0.103672557568 20935.5878906 736.893676758
0.109955742876 19962.2734375 654.241149902
0.116238928183 18960.6386719 607.65234375
0.12252211349 18761.359375 565.643981934
0.128805298797 17711.9960938 520.849365234
0.135088484104 16740.4179688 480.348815918
0.141371669412 14837.1210938 423.873779297
0.147654854719 14263.1289062 393.237609863
0.153938040026 13475.0859375 370.640930176
0.160221225333 12250.4492188 329.65411377
0.16650441064 12244.5449219 321.482391357
0.172787595947 11301.9433594 291.718597412
0.179070781255 11143.1640625 287.258880615
0.185353966562 10867.5136719 266.26864624
0.191637151869 10198.328125 255.081237793
0.197920337176 9972.32226562 237.737457275
0.204203522483 9301.50390625 226.383483887
0.210486707791 9177.97265625 215.642791748
0.216769893098 8249.296875 200.167709351
0.223053078405 8362.7734375 195.262619019
0.229336263712 8092.29101562 187.282806396
0.235619449019 7632.68359375 177.817596436
0.241902634326 7289.54394531 169.049331665
0.248185819634 7203.41308594 163.583557129
0.254469004941 7079.7734375 159.525238037
0.260752190248 6754.13378906 151.151504517
0.267035375555 6574.54003906 146.735748291
0.273318560862 6257.41894531 139.357955933
0.279601746169 5932.28222656 134.190353394
0.285884931477 5891.95019531 130.719284058
0.292168116784 5704.03027344 127.210327148
0.298451302091 5438.83691406 121.172210693
0.304734487398 5599.26953125 120.560493469
0.311017672705 5215.75878906 114.42011261
0.317300858013 5129.04980469 112.198104858
0.32358404332 4916.47558594 107.304008484
0.329867228627 4789.12207031 105.348358154
0.336150413934 4775.40722656 102.411849976
0.342433599241 4849.05371094 102.446228027
0.348716784548 4522.1640625 96.8276977539
0.354999969856 4448.10351562 95.4056396484
0.361283155163 4181.16894531 91.9426879883
0.36756634047 4186.76269531 89.776184082
0.373849525777 3996.6015625 87.5628128052
0.380132711084 4226.93945312 87.0272827148
0.386415896392 3914.50585938 84.1056442261
0.392699081699 3785.78027344 82.0338287354
0.398982267006 3696.87988281 79.2774658203
0.405265452313 3667.70703125 79.2095718384
0.41154863762 3437.33300781 75.2715682983
0.417831822927 3524.61328125 75.8042907715
0.424115008235 3353.85742188 73.0447692871
0.430398193542 3214.42089844 71.1425704956
0.436681378849 3171.30273438 70.0611877441
0.442964564156 3248.98925781 69.5947494507
0.449247749463 3022.1875 67.318145752
0.455530934771 3061.76953125 66.5552368164
0.461814120078 2904.12792969 64.2684173584
0.468097305385 2996.34960938 64.6714935303
0.474380490692 2896.88867188 62.7339286804
0.480663675999 2791.20898438 61.8108825684
0.486946861306 2702.73144531 60.384059906
0.493230046614 2773.38378906 60.0342407227
0.499513231921 2640.46777344 58.5729370117
0.505796417228 2627.58300781 57.8669013977
0.512079602535 2545.4765625 56.5798454285
0.518362787842 2536.06542969 55.6685371399
0.524645973149 2397.85546875 54.6518211365
0.530929158457 2375.85839844 53.9641304016
0.537212343764 2301.26757812 52.6762619019
0.543495529071 2288.70410156 52.2339363098
0.549778714378 2301.92382812 51.5700798035
0.556061899685 2261.18945312 51.2013168335
0.562345084993 2158.39746094 49.5195999146
0.5686282703 2104.90429688 49.0905761719
0.574911455607 2126.54980469 48.6717224121
0.581194640914 2133.05859375 48.108921051
0.587477826221 2076.54296875 47.3719520569
0.593761011528 2036.28125 46.7494010925
0.600044196836 1984.19335938 45.9428787231
0.606327382143 1870.10449219 45.1959724426
0.61261056745 1837.55566406 44.3314552307
0.618893752757 1893.73828125 44.2246360779
0.625176938064 1873.80957031 43.6854476929
0.631460123372 1763.98339844 42.9039421082
0.637743308679 1804.92871094 42.4326286316
0.644026493986 1884.31738281 42.5565948486
0.650309679293 1774.49023438 41.546081543
0.6565928646 1752.09765625 41.1732826233
0.662876049907 1643.84863281 40.33852005
0.669159235215 1682.70605469 40.1555366516
0.675442420522 1622.26953125 39.3993339539
0.681725605829 1645.01855469 39.4037322998
0.688008791136 1556.36914062 38.4312477112
0.694291976443 1548.04296875 38.3448944092
0.700575161751 1543.41308594 37.6574172974
0.706858347058 1536.55175781 37.5050773621
0.713141532365 1504.77539062 36.9662399292
0.719424717672 1486.79101562 36.6082763672
0.725707902979 1439.67480469 36.1153678894
0.731991088286 1475.60351562 35.9885978699
0.738274273594 1383.99609375 35.3020896912
0.744557458901 1384.37207031 35.1300201416
0.750840644208 1302.08496094 34.493850708
0.757123829515 1318.8203125 34.2232971191
0.763407014822 1299.09277344 33.88022995
0.769690200129 1270.62890625 33.5630722046
0.775973385437 1265.18066406 33.1519508362
0.782256570744 1234.31640625 32.8964805603
0.788539756051 1264.29882812 32.6171264648
0.794822941358 1200.66210938 32.4509506226
0.801106126665 1196.35351562 31.918428421
0.807389311973 1159.62695312 31.6589546204
0.81367249728 1119.97265625 31.194776535
0.819955682587 1076.76074219 30.8989925385
0.826238867894 1147.55761719 30.8528079987
0.832522053201 1048.90625 30.2927379608
0.838805238508 1014.81933594 29.9237823486
0.845088423816 1057.37402344 30.0455513
0.851371609123 1050.08300781 29.6342201233
0.85765479443 1025.47167969 29.3455257416
0.863937979737 1012.80566406 29.1476917267
0.870221165044 987.391601562 28.8265075684
0.876504350352 1006.99414062 28.7273826599
0.882787535659 986.727539062 28.3791980743
0.889070720966 958.474609375 28.1775493622
0.895353906273 900.163085938 27.8098640442
0.90163709158 929.55078125 27.6183776855
0.907920276887 921.208007812 27.5100097656
0.914203462195 923.102539062 27.1824512482
0.920486647502 883.754882812 27.0480804443
0.926769832809 776.2734375 26.4664974213
0.933053018116 868.5390625 26.5868453979
0.939336203423 845.544921875 26.2906360626
0.945619388731 795.786132812 26.1182804108
0.951902574038 819.106445312 25.9056015015
0.958185759345 791.854492188 25.7300186157
0.964468944652 779.684570312 25.3869400024
0.970752129959 808.859375 25.4197406769
0.977035315266 751.200195312 25.0882663727
0.983318500574 760.075195312 24.9774856567
0.989601685881 742.763671875 24.7378768921
0.995884871188 694.182617188 24.440328598
1.0021680565 731.34375 24.4014225006
1.0084512418 729.126953125 24.2947101593
1.01473442711 686.592773438 23.9301834106
1.02101761242 715.146484375 23.9006118774
1.02730079772 702.91015625 23.7531490326
1.03358398303 676.747070312 23.5100822449
1.03986716834 663.728515625 23.3426570892
1.04615035365 594.114257812 23.0815906525
1.05243353895 651.653320312 23.0238742828
1.05871672426 631.220703125 22.9139728546
1.06499990957 643.125976562 22.7056159973
1.07128309487 627.744140625 22.5909938812
1.07756628018 611.024414062 22.4022731781
1.08384946549 602.61328125 22.2755641937
1.0901326508 582.419921875 22.0934619904
1.0964158361 555.333984375 21.8916339874
1.10269902141 530.884765625 21.7027721405
1.10898220672 556.4921875 21.6863288879
1.11526539202 530.80078125 21.510684967
1.12154857733 569.109375 21.4391994476
1.12783176264 533.31640625 21.2112083435
1.13411494795 495.568359375 21.0326557159
1.14039813325 551.739257812 21.0873947144
1.14668131856 556.26953125 20.9301624298
1.15296450387 518.572265625 20.6993675232
1.15924768917 512.954101562 20.6550388336
1.16553087448 509.341796875 20.4859466553
1.17181405979 475.599609375 20.3377094269
1.1780972451 486.6015625 20.1790618896
1.1843804304 471.94140625 20.171125412
1.19066361571 481.129882812 19.9873313904
1.19694680102 449.819335938 19.8860034943
1.20322998632 430.384765625 19.633480072
1.20951317163 461.2734375 19.715057373
1.21579635694 449.796875 19.500579834
1.22207954225 425.020507812 19.4007396698
1.22836272755 425.688476562 19.2527942657
1.23464591286 405.239257812 19.1380329132
1.24092909817 454.196289062 19.1983680725
1.24721228348 407.805664062 18.9409236908
1.25349546878 411.255859375 18.8609638214
1.25977865409 385.8984375 18.7318572998
1.2660618394 391.630859375 18.630147934
1.2723450247 417.315429688 18.6212158203
1.27862821001 387.229492188 18.4139213562
1.28491139532 376.309570312 18.3774394989
1.29119458063 340.149414062 18.1267681122
1.29747776593 365.537109375 18.1704654694
1.30376095124 375.810546875 18.0713653564
1.31004413655 380.557617188 18.0118579865
1.31632732185 345.760742188 17.8291282654
1.32261050716 345.357421875 17.7653102875
1.32889369247 335.833007812 17.6633167267
1.33517687778 307.409179688 17.5222301483
1.34146006308 314.17578125 17.4093132019
1.34774324839 303.057617188 17.3737373352
1.3540264337 288.600585938 17.2486457825
1.360309619 336.329101562 17.2433109283
1.36659280431 282.052734375 17.0819969177
1.37287598962 288.932617188 16.9827899933
1.37915917493 282.59765625 16.9379863739
1.38544236023 303.852539062 16.878118515
1.39172554554 310.995117188 16.7983036041
1.39800873085 292.181640625 16.7157554626
1.40429191615 278.462890625 16.5888195038
1.41057510146 298.404296875 16.5815162659
1.41685828677 291.775390625 16.4617099762
1.42314147208 265.208007812 16.3934345245
1.42942465738 246.309570312 16.2338829041
1.43570784269 271.344726562 16.2377891541
1.441991028 262.055664062 16.1211833954
1.4482742133 278.000976562 16.1324386597
1.45455739861 266.141601562 15.9954891205
1.46084058392 247.751953125 15.9118881226
1.46712376923 235.705078125 15.8041858673
1.47340695453 272.705078125 15.8339776993
1.47969013984 259.661132812 15.7220439911
1.48597332515 268.9609375 15.6803836823
1.49225651046 225.201171875 15.5447149277
1.49853969576 261.416992188 15.560508728
1.50482288107 246.490234375 15.4157476425
1.51110606638 203.7734375 15.3188171387
1.51738925168 236.915039062 15.2854671478
1.52367243699 217.779296875 15.2055387497
1.5299556223 243.295898438 15.1693372726
1.53623880761 224.200195312 15.0837869644
1.54252199291 200.264648438 15.0030231476
1.54880517822 203.9453125 14.9483566284
1.55508836353 205.03125 14.8466215134
1.56137154883 221.572265625 14.8742303848
1.56765473414 233.375 14.7993345261
1.57393791945 199.422851562 14.6890478134
1.58022110476 183.771484375 14.5944824219
1.58650429006 191.88671875 14.5736627579
1.59278747537 219.103515625 14.5586805344
1.59907066068 220.776367188 14.4697856903
1.60535384598 207.17578125 14.4117603302
1.61163703129 214.524414062 14.3816890717
1.6179202166 202.814453125 14.2960319519
1.62420340191 200.459960938 14.2352294922
1.63048658721 193.25 14.1726608276
1.63676977252 199.247070312 14.1244649887
1.64305295783 188.372070312 14.0546522141
1.64933614313 207.891601562 14.0469827652
1.65561932844 197.958007812 13.9427127838
1.66190251375 180.842773438 13.8978557587
1.66818569906 207.586914062 13.8462524414
1.67446888436 166.2734375 13.7868013382
1.68075206967 178.82421875 13.7233905792
1.68703525498 158.015625 13.6259279251
1.69331844028 190.39453125 13.6324043274
1.69960162559 197.276367188 13.6331300735
1.7058848109 160.852539062 13.4667291641
1.71216799621 190.299804688 13.5054321289
1.71845118151 173.377929688 13.3987092972
1.72473436682 170.334960938 13.3816452026
1.73101755213 176.82421875 13.3233089447
1.73730073744 185.301757812 13.2714328766
1.74358392274 157.455078125 13.2247438431
1.74986710805 202.892578125 13.2132768631
1.75615029336 158.483398438 13.1023483276
1.76243347866 182.241210938 13.0977716446
1.76871666397 171.194335938 13.0265445709
1.77499984928 158.706054688 12.9772777557
1.78128303459 153.690429688 12.8978834152
1.78756621989 172.868164062 12.9159860611
1.7938494052 163.46875 12.8146848679
1.80013259051 166.754882812 12.8256826401
1.80641577581 160.037109375 12.7303571701
1.81269896112 174.36328125 12.7376432419
1.81898214643 179.630859375 12.6703262329
1.82526533174 156.970703125 12.6107034683
1.83154851704 184.427734375 12.6028242111
1.83783170235 173.53125 12.5456399918
1.84411488766 160.456054688 12.4700126648
1.85039807296 184.499023438 12.4868059158
1.85668125827 167.400390625 12.4025220871
1.86296444358 176.413085938 12.391242981
1.86924762889 170.360351562 12.320435524
1.87553081419 143.552734375 12.2507543564
1.8818139995 171.973632812 12.254860878
1.88809718481 162.043945312 12.2008562088
1.89438037011 173.356445312 12.1807584763
1.90066355542 175.0546875 12.1107521057
1.90694674073 155.38671875 12.0743379593
1.91322992604 186.276367188 12.0788497925
1.91951311134 165.548828125 11.9868240356
1.92579629665 165.416992188 11.972442627
1.93207948196 171.045898438 11.9096183777
1.93836266726 188.279296875 11.9442272186
1.94464585257 182.999023438 11.8531999588
1.95092903788 193.103515625 11.8468084335
1.95721222319 181.64453125 11.7799472809
1.96349540849 185.221679688 11.7617063522
1.9697785938 189.375976562 11.7272176743
1.97606177911 198.493164062 11.6868925095
1.98234496442 175.384765625 11.6335554123
1.98862814972 195.827148438 11.628651619
1.99491133503 180.366210938 11.5653972626
2.00119452034 228.81640625 11.5936117172
2.00747770564 186.291992188 11.5006809235
2.01376089095 182.637695312 11.4718027115
2.02004407626 199.7109375 11.4413795471
2.02632726157 212.586914062 11.4138822556
2.03261044687 197.198242188 11.3716573715
2.03889363218 238.236328125 11.4045696259
2.04517681749 203.33984375 11.2999153137
2.05146000279 211.981445312 11.2828521729
2.0577431881 201.360351562 11.2353420258
2.06402637341 231.532226562 11.2434902191
2.07030955872 242.737304688 11.2121915817
2.07659274402 233.146484375 11.172460556
2.08287592933 232.225585938 11.1541891098
2.08915911464 221.58203125 11.1032352448
2.09544229994 243.4140625 11.0679836273
2.10172548525 217.55078125 11.0400409698
2.10800867056 228.538085938 10.9931697845
2.11429185587 243.912109375 10.9914083481
2.12057504117 250.934570312 10.9666576385
2.12685822648 261.610351562 10.9409713745
2.13314141179 250.561523438 10.8964319229
2.13942459709 250.849609375 10.8608818054
2.1457077824 269.55078125 10.8576335907
2.15199096771 256.369140625 10.8235054016
2.15827415302 286.625976562 10.794095993
2.16455733832 283.125976562 10.7937088013
2.17084052363 280.265625 10.7270307541
2.17712370894 270.897460938 10.7166290283
2.18340689424 282.086914062 10.6886339188
2.18969007955 296.51953125 10.6641149521
2.19597326486 300.495117188 10.6399145126
2.20225645017 291.309570312 10.6090116501
2.20853963547 290.884765625 10.5735473633
2.21482282078 300.342773438 10.553478241
2.22110600609 319.887695312 10.5363693237
2.2273891914 312.831054688 10.5220985413
2.2336723767 338.208007812 10.4911661148
2.23995556201 333.802734375 10.4821643829
2.24623874732 341.083007812 10.4463214874
2.25252193262 356.379882812 10.4441576004
2.25880511793 330.14453125 10.387468338
2.26508830324 357.765625 10.3720979691
2.27137148855 341.165039062 10.347943306
2.27765467385 367.327148438 10.3247852325
2.28393785916 382.59765625 10.3253879547
2.29022104447 371.202148438 10.2888345718
2.29650422977 389.681640625 10.2601089478
2.30278741508 387.034179688 10.2646760941
2.30907060039 395.924804688 10.2120027542
2.3153537857 384.53125 10.1937952042
2.321636971 399.08203125 10.1593008041
2.32792015631 385.3984375 10.142616272
2.33420334162 412.118164062 10.1396818161
2.34048652692 412.895507812 10.1023902893
2.34676971223 416.655273438 10.080031395
2.35305289754 409.533203125 10.0474901199
2.35933608285 421.803710938 10.0366449356
2.36561926815 433.458007812 10.0353622437
2.37190245346 442.489257812 9.98987388611
2.37818563877 462.502929688 10.0083084106
2.38446882407 466.84375 9.97209453583
2.39075200938 461.350585938 9.95132923126
2.39703519469 463.510742188 9.92712497711
2.40331838 510.37890625 9.94060707092
2.4096015653 484.901367188 9.88635063171
2.41588475061 500.056640625 9.88281154633
2.42216793592 507.573242188 9.8546962738
2.42845112122 510.450195312 9.85793590546
2.43473430653 539.125976562 9.83761405945
2.44101749184 527.236328125 9.81512641907
2.44730067715 532.33984375 9.77552032471
2.45358386245 554.591796875 9.79937839508
2.45986704776 557.478515625 9.75598621368
2.46615023307 553.212890625 9.73602104187
2.47243341838 578.45703125 9.73775196075
2.47871660368 592.270507812 9.73148822784
2.48499978899 601.9453125 9.70499229431
2.4912829743 601.129882812 9.68235683441
2.4975661596 613.163085938 9.68064975739
2.50384934491 621.893554688 9.65079975128
2.51013253022 646.857421875 9.65664672852
2.51641571553 637.818359375 9.62847137451
2.52269890083 659.28125 9.61093997955
2.52898208614 675.612304688 9.62492179871
2.53526527145 660.182617188 9.56900501251
2.54154845675 682.049804688 9.57544231415
2.54783164206 696.275390625 9.55869865417
2.55411482737 698.990234375 9.55459690094
2.56039801268 726.291015625 9.54582881927
2.56668119798 741.333984375 9.52534484863
2.57296438329 727.077148438 9.50519180298
2.5792475686 743.3828125 9.49509525299
2.5855307539 775.209960938 9.49300765991
2.59181393921 780.896484375 9.48856735229
2.59809712452 776.98046875 9.45663166046
2.60438030983 797.235351562 9.46227550507
2.61066349513 813.169921875 9.43295860291
2.61694668044 830.087890625 9.44787025452
2.62322986575 832.62109375 9.42425060272
2.62951305105 852.940429688 9.40641593933
2.63579623636 864.069335938 9.40852832794
2.64207942167 866.905273438 9.38133811951
2.64836260698 896.302734375 9.39085578918
2.65464579228 921.783203125 9.38578701019
2.66092897759 926.840820312 9.37303924561
2.6672121629 941.704101562 9.37373447418
2.6734953482 950.643554688 9.33971977234
2.67977853351 953.314453125 9.33668231964
2.68606171882 984.913085938 9.33664417267
2.69234490413 984.793945312 9.3246307373
2.69862808943 1024.89160156 9.33541584015
2.70491127474 1037.97949219 9.33110618591
2.71119446005 1038.22558594 9.30292129517
2.71747764536 1057.69628906 9.29874324799
2.72376083066 1079.57519531 9.29452991486
2.73004401597 1079.5234375 9.26833248138
2.73632720128 1107.81347656 9.29481506348
2.74261038658 1125.546875 9.27809810638
2.74889357189 1143.69433594 9.2631072998
2.7551767572 1160.51171875 9.27409553528
2.76145994251 1170.01757812 9.24620914459
2.76774312781 1190.87695312 9.25503063202
2.77402631312 1214.30664062 9.24883842468
2.78030949843 1243.03027344 9.25944423676
2.78659268373 1242.68652344 9.23860740662
2.79287586904 1273.33105469 9.24504375458
2.79915905435 1287.27929688 9.22579669952
2.80544223966 1300.66796875 9.23041820526
2.81172542496 1332.59179688 9.22407245636
2.81800861027 1350.11035156 9.25100517273
2.82429179558 1377.28710938 9.21534824371
2.83057498088 1368.82128906 9.20265483856
2.83685816619 1418.66210938 9.22644615173
2.8431413515 1418.58007812 9.20890903473
2.84942453681 1471.90527344 9.23265647888
2.85570772211 1480.16015625 9.21994304657
2.86199090742 1480.29003906 9.20259952545
2.86827409273 1512.84960938 9.20780467987
2.87455727803 1542.18554688 9.21098136902
2.88084046334 1569.15722656 9.22094345093
2.88712364865 1575.90722656 9.19977283478
2.89340683396 1602.37695312 9.21367835999
2.89969001926 1630.06542969 9.20935153961
2.90597320457 1656.56738281 9.21713542938
2.91225638988 1671.68164062 9.19766044617
2.91853957518 1696.26171875 9.21271514893
2.92482276049 1731.25292969 9.21402740479
2.9311059458 1736.87695312 9.2004442215
2.93738913111 1805.15820312 9.24525547028
2.94367231641 1823.52929688 9.23608589172
2.94995550172 1834.87207031 9.22321224213
2.95623868703 1859.56835938 9.23656845093
2.96252187234 1880.50488281 9.21871948242
2.96880505764 1916.76757812 9.24123573303
2.97508824295 1952.4296875 9.24946117401
2.98137142826 1974.07128906 9.24645709991
2.98765461356 1985.20019531 9.23331928253
2.99393779887 2036.29199219 9.26400470734
3.00022098418 2083.14453125 9.28578472137
3.00650416949 2080.01464844 9.25839996338
3.01278735479 2120.15429688 9.27008628845
3.0190705401 2156.015625 9.28621482849
3.02535372541 2173.05761719 9.27049350739
3.03163691071 2203.25976562 9.28800868988
3.03792009602 2247.54785156 9.29172801971
3.04420328133 2278.45898438 9.31089115143
3.05048646664 2321.96386719 9.32457542419
3.05676965194 2335.29785156 9.31903362274
3.06305283725 2382.0390625 9.32858181
3.06933602256 2428.21484375 9.3569316864
3.07561920786 2443.43652344 9.3374042511
3.08190239317 2484.54589844 9.37011909485
3.08818557848 2519.08300781 9.36320495605
3.09446876379 2553.22851562 9.38411903381
3.10075194909 2582.54101562 9.37341880798
3.1070351344 2632.15234375 9.41268539429
3.11331831971 2664.66503906 9.40555477142
3.11960150501 2718.4453125 9.4433221817
3.12588469032 2752.81835938 9.43655872345
3.13216787563 2800.05273438 9.46724224091
3.13845106094 2830.97949219 9.46973323822
3.14473424624 2863.25585938 9.47156620026
3.15101743155 2894.41796875 9.48999404907
3.15730061686 2952.21972656 9.50587654114
3.16358380216 2988.55078125 9.51611232758
3.16986698747 3027.73535156 9.53555202484
3.17615017278 3091.80273438 9.55177211761
3.18243335809 3122.54296875 9.57785701752
3.18871654339 3168.80078125 9.57666873932
3.1949997287 3227.61132812 9.61350059509
3.20128291401 3259.79882812 9.61626625061
3.20756609932 3296.21679688 9.63921165466
3.21384928462 3364.09667969 9.65270900726
3.22013246993 3386.60742188 9.67734622955
3.22641565524 3420.59472656 9.7080078125
3.23269884054 3411.14941406 9.72027301788
3.23898202585 3432.98730469 9.73505401611
3.24526521116 3430.55273438 9.7519159317
3.25154839647 3460.68945312 9.78202819824
3.25783158177 3483.61230469 9.8104839325
3.26411476708 3477.03515625 9.81245136261
3.27039795239 3510.04882812 9.85628128052
3.27668113769 3498.15332031 9.8454914093
3.282964323 3532.73632812 9.89230442047
3.28924750831 3534.44726562 9.90304756165
3.29553069362 3563.5546875 9.93692302704
3.30181387892 3580.62304688 9.95489692688
3.30809706423 3603.58398438 9.99870014191
3.31438024954 3610.8046875 10.0028867722
3.32066343484 3626.11523438 10.034163475
3.32694662015 3645.45507812 10.0593185425
3.33322980546 3663.18359375 10.0776700974
3.33951299077 3672.59765625 10.1012191772
3.34579617607 3701.46386719 10.1384534836
3.35207936138 3700.23339844 10.1472606659
3.35836254669 3735.33496094 10.1932497025
3.36464573199 3749.45214844 10.2149238586
3.3709289173 3743.22753906 10.2133169174
3.37721210261 3801.19140625 10.2866697311
3.38349528792 3806.80078125 10.2871446609
3.38977847322 3817.67480469 10.3186244965
3.39606165853 3828.52636719 10.3441133499
3.40234484384 3869.05078125 10.385017395
3.40862802914 3880.74609375 10.4161586761
3.41491121445 3902.06933594 10.4248762131
3.42119439976 3923.53027344 10.4834976196
3.42747758507 3906.6484375 10.462553978
3.43376077037 3946.31445312 10.5162258148
3.44004395568 3972.87011719 10.5528841019
3.44632714099 3992.45703125 10.5850982666
3.4526103263 4016.11914062 10.6082000732
3.4588935116 4052.21582031 10.6704282761
3.46517669691 4052.296875 10.6686534882
3.47145988222 4068.64453125 10.7070856094
3.47774306752 4105.12988281 10.7426710129
3.48402625283 4123.65527344 10.7826824188
3.49030943814 4162.57226562 10.8348827362
3.49659262345 4169.29101562 10.8353281021
3.50287580875 4190.85644531 10.8927021027
3.50915899406 4210.68261719 10.9154672623
3.51544217937 4228.35449219 10.9448223114
3.52172536467 4253.17480469 10.9843654633
3.52800854998 4264.60546875 11.0102767944
3.53429173529 4324.38671875 11.0757865906
3.5405749206 4324.60839844 11.0839996338
3.5468581059 4364.85839844 11.1564712524
3.55314129121 4385.49121094 11.1587667465
3.55942447652 4409.16308594 11.2276754379
3.56570766182 4417.1875 11.2390632629
3.57199084713 4457.94628906 11.2957038879
3.57827403244 4479.26171875 11.3240365982
3.58455721775 4497.06738281 11.3681850433
3.59084040305 4545.15039062 11.4276819229
3.59712358836 4577.92089844 11.4693126678
3.60340677367 4603.58496094 11.5056209564
3.60968995897 4629.47558594 11.5635299683
3.61597314428 4661.13183594 11.5876054764
3.62225632959 4701.27636719 11.660987854
3.6285395149 4716.86425781 11.6861715317
3.6348227002 4737.93554688 11.723118782
3.64110588551 4765.51269531 11.7602787018
3.64738907082 4802.22851562 11.8205966949
3.65367225612 4814.4140625 11.8639421463
3.65995544143 4835.54882812 11.889289856
3.66623862674 4879.046875 11.9482870102
3.67252181205 4917.98535156 12.0178194046
3.67880499735 4951.67675781 12.0568447113
3.68508818266 4972.56640625 12.1053533554
3.69137136797 5009.53613281 12.1578969955
3.69765455328 5024.68554688 12.192481041
3.70393773858 5060.64160156 12.2507228851
3.71022092389 5112.3671875 12.315161705
3.7165041092 5154.82421875 12.378572464
3.7227872945 5176.91503906 12.4260845184
3.72907047981 5223.84765625 12.4885854721
3.73535366512 5238.33984375 12.5320959091
3.74163685043 5255.24707031 12.5670518875
3.74792003573 5318.63671875 12.6517295837
3.75420322104 5348.96191406 12.6934299469
3.76048640635 5376.53710938 12.7590665817
3.76676959165 5418.09570312 12.8236503601
3.77305277696 5441.90332031 12.8759717941
3.77933596227 5480.58105469 12.9070940018
3.78561914758 5510.90429688 12.9997406006
3.79190233288 5550.68261719 13.0403757095
3.79818551819 5603.97460938 13.1286754608
3.8044687035 5635.2421875 13.1818199158
3.8107518888 5695.56933594 13.2758712769
3.81703507411 5717.41210938 13.3152122498
3.82331825942 5741.37597656 13.3662548065
3.82960144473 5777.15527344 13.4313831329
3.83588463003 5849.77539062 13.5397138596
3.84216781534 5852.50390625 13.5539054871
3.84845100065 5912.69628906 13.6611881256
3.85473418595 5989.00683594 13.7535133362
3.86101737126 6003.10449219 13.8072290421
3.86730055657 6032.1875 13.8683671951
3.87358374188 6092.54882812 13.9472103119
3.87986692718 6143.73632812 14.0429935455
3.88615011249 6152.55175781 14.0659675598
3.8924332978 6237.87207031 14.2061882019
3.8987164831 6264.28710938 14.2471656799
3.90499966841 6314.07714844 14.3339891434
3.91128285372 6362.7109375 14.4397382736
3.91756603903 6429.88085938 14.514257431
3.92384922433 6453.44726562 14.5889348984
3.93013240964 6506.484375 14.6685266495
3.93641559495 6575.11035156 14.7958621979
3.94269878026 6628.16113281 14.8542547226
3.94898196556 6644.31640625 14.9219274521
3.95526515087 6702.33789062 15.0282039642
3.96154833618 6762.58886719 15.1337938309
3.96783152148 6807.96875 15.2017364502
3.97411470679 6856.66308594 15.3127183914
3.9803978921 6895.78613281 15.3807563782
3.98668107741 6961.16796875 15.508313179
3.99296426271 7014.57128906 15.5732460022
3.99924744802 7065.32519531 15.7006378174
4.00553063333 7122.96875 15.7889146805
4.01181381863 7181.14550781 15.8982658386
4.01809700394 7249.5390625 16.0129337311
4.02438018925 7297.56054688 16.1148986816
4.03066337456 7361.11132812 16.2343158722
4.03694655986 7416.5546875 16.3224658966
4.04322974517 7456.66992188 16.4171714783
4.04951293048 7529.07421875 16.5589160919
4.05579611578 7594.4453125 16.6707458496
4.06207930109 7635.89453125 16.7840881348
4.0683624864 7680.36132812 16.844587326
4.07464567171 7756.51171875 17.0277557373
4.08092885701 7801.50195312 17.0985832214
4.08721204232 7891.00976562 17.2458782196
4.09349522763 7965.86914062 17.409078598
4.09977841293 8046.20507812 17.5407466888
4.10606159824 8120.92382812 17.6761112213
4.11234478355 8138.24804688 17.76745224
4.11862796886 8237.22851562 17.9181270599
4.12491115416 8292.16992188 18.0817546844
4.13119433947 8347.6640625 18.169719696
4.13747752478 8433.08789062 18.3438663483
4.14376071008 8501.24609375 18.475063324
4.15004389539 8563.38867188 18.6194915771
4.1563270807 8691.42773438 18.8327293396
4.16261026601 8757.51953125 18.9655017853
4.16889345131 8744.86914062 19.0409374237
4.17517663662 8876.82421875 19.2558841705
4.18145982193 8961.6796875 19.416727066
4.18774300724 9000.41992188 19.5412578583
4.19402619254 9095.890625 19.7515087128
4.20030937785 9165.23828125 19.9061832428
4.20659256316 9212.93164062 20.0093917847
4.21287574846 9312.09960938 20.2643051147
4.21915893377 9407.76367188 20.4111766815
4.22544211908 9486.63867188 20.6001186371
4.23172530439 9538.36914062 20.7546081543
4.23800848969 9603.14257812 20.9417476654
4.244291675 9743.734375 21.181186676
4.25057486031 9800.88867188 21.313117981
4.25685804561 9832.1796875 21.4969673157
4.26314123092 9971.27148438 21.7480754852
4.26942441623 10044.5996094 21.9361934662
4.27570760154 10141.3300781 22.1589717865
4.28199078684 10220.515625 22.3596172333
4.28827397215 10307.2519531 22.5824737549
4.29455715746 10352.8222656 22.7271347046
4.30084034276 10469.0605469 23.0054016113
4.30712352807 10554.3203125 23.2252025604
4.31340671338 10690.6816406 23.5088195801
4.31968989869 10680.8417969 23.6594562531
4.32597308399 10855.4277344 23.9361114502
4.3322562693 10872.8222656 24.1293907166
4.33853945461 11018.734375 24.4476890564
4.34482263991 11105.171875 24.6663742065
4.35110582522 11140.8925781 24.9165172577
4.35738901053 11270.2910156 25.1572685242
4.36367219584 11318.5507812 25.400932312
4.36995538114 11452.609375 25.711057663
4.37623856645 11562.4433594 26.0459957123
4.38252175176 11623.4804688 26.2912483215
4.38880493706 11671.2304688 26.4567909241
4.39508812237 11801.2011719 26.8771476746
4.40137130768 11895.0546875 27.1216983795
4.40765449299 11984.4355469 27.4510765076
4.41393767829 12039.1484375 27.6869449615
4.4202208636 12156.5625 28.0286388397
4.42650404891 12224.8574219 28.3975582123
4.43278723422 12303.6328125 28.5760631561
4.43907041952 12422.5527344 29.0796794891
4.44535360483 12433.2441406 29.2178192139
4.45163679014 12545.6699219 29.6624488831
4.45791997544 12631.7910156 29.9718742371
4.46420316075 12673.9101562 30.259393692
4.47048634606 12768.3789062 30.7058982849
4.47676953137 12920.0996094 31.1072978973
4.48305271667 12867.75 31.3093700409
4.48933590198 12960.7304688 31.7232513428
4.49561908729 13052.0800781 32.1492576599
4.50190227259 13110.7480469 32.5530586243
4.5081854579 13160.0761719 32.817237854
4.51446864321 13175.4003906 33.2267189026
4.52075182852 13186.375 33.5483779907
4.52703501382 13232.7714844 33.9356765747
4.53331819913 13240.3984375 34.2702140808
4.53960138444 13334.0957031 34.784866333
4.54588456974 13315.5742188 35.1448249817
4.55216775505 13357.3183594 35.537979126
4.55845094036 13330.3359375 35.8288116455
4.56473412567 13468.9257812 36.4756584167
4.57101731097 13429.9023438 36.7127418518
4.57730049628 13485.9570312 37.1143913269
4.58358368159 13534.765625 37.5673828125
4.58986686689 13642.7070312 38.0889930725
4.5961500522 13601.5058594 38.3635559082
4.60243323751 13668.0410156 38.8266639709
4.60871642282 13765.3945312 39.2999458313
4.61499960812 13826.9765625 39.840473175
4.62128279343 13887.0839844 40.2142982483
4.62756597874 13986.0019531 40.7921295166
4.63384916404 14085.8574219 41.3301963806
4.64013234935 14068.1015625 41.7113800049
4.64641553466 14157.1484375 42.1718597412
4.65269871997 14298.6171875 42.7947692871
4.65898190527 14359.5078125 43.3435630798
4.66526509058 14409.8007812 43.811000824
4.67154827589 14482.7558594 44.2909126282
4.6778314612 14543.1699219 44.7979316711
4.6841146465 14690.2636719 45.5735702515
4.69039783181 14763.2480469 46.0535430908
4.69668101712 14851.9433594 46.5874214172
4.70296420242 14939.4550781 47.3144645691
4.70924738773 15027.1621094 47.9017372131
4.71553057304 15053.4394531 48.2609519958
4.72181375835 15124.3847656 48.9099845886
4.72809694365 15316.0761719 49.7666091919
4.73438012896 15291.2324219 50.1740036011
4.74066331427 15419.3046875 50.7905845642
4.74694649957 15611.09375 51.7846755981
4.75322968488 15776.9960938 52.5477561951
4.75951287019 15753.9472656 52.9981536865
4.7657960555 15936.5371094 53.9074821472
4.7720792408 16041.0175781 54.5783958435
4.77836242611 16125.2050781 55.3383903503
4.78464561142 16230.5839844 56.106754303
4.79092879672 16409.5742188 56.872177124
4.79721198203 16589.9082031 57.9851531982
4.80349516734 16688.1738281 58.849571228
4.80977835265 16729.4414062 59.3249969482
4.81606153795 16966.7929688 60.501701355
4.82234472326 16963.4589844 61.1224708557
4.82862790857 17235.7304688 62.4619522095
4.83491109387 17262.5566406 62.830783844
4.84119427918 17424.8925781 64.0857849121
4.84747746449 17535.265625 65.0543823242
4.8537606498 17633.2324219 65.838508606
4.8600438351 17781.6914062 66.7729263306
4.86632702041 17966.2011719 68.1226196289
4.87261020572 18126.171875 69.1234130859
4.87889339102 18329.2871094 70.3097686768
4.88517657633 18334.1679688 71.0309677124
4.89145976164 18418.7246094 72.188949585
4.89774294695 18632.7246094 73.4432144165
4.90402613225 18825.7050781 74.5914154053
4.91030931756 19003.1289062 75.9709091187
4.91659250287 19036.9042969 76.9070663452
4.92287568818 19288.7617188 78.4508132935
4.92915887348 19459.8886719 79.68724823
4.93544205879 19657.3300781 80.9946289062
4.9417252441 19684.1464844 82.3060150146
4.9480084294 20039.6347656 84.178817749
4.95429161471 20180.2714844 85.225189209
4.96057480002 20247.9179688 86.7000961304
4.96685798533 20582.28125 88.9257202148
4.97314117063 20689.5449219 89.7296066284
4.97942435594 20844.5859375 91.2783813477
4.98570754125 20923.6152344 92.9792785645
4.99199072655 21158.7617188 94.9197540283
4.99827391186 21254.2460938 95.6833953857
5.00455709717 21753.5078125 98.8202972412
5.01084028248 21967.1152344 100.924316406
5.01712346778 22091.9414062 102.703620911
5.02340665309 22224.5234375 103.623825073
5.0296898384 22641.7050781 106.855682373
5.0359730237 22617.3203125 108.278175354
5.04225620901 22909.2246094 110.39251709
5.04853939432 23208.5390625 112.959655762
5.05482257963 23519.765625 115.448318481
5.06110576493 23566.3789062 117.965576172
5.06738895024 23737.5996094 118.815170288
5.07367213555 24066.1328125 122.207572937
5.07995532085 24217.5234375 124.884849548
5.08623850616 24411.0507812 127.206321716
5.09252169147 24680.3632812 129.472808838
5.09880487678 24916.7421875 132.284088135
5.10508806208 25388.9023438 136.802108765
5.11137124739 25707.46875 139.793426514
5.1176544327 25758.1523438 141.342193604
5.123937618 26288.828125 146.252349854
5.13022080331 26650.421875 150.218002319
5.13650398862 26744.5195312 152.452575684
5.14278717393 27002.0117188 155.361221313
5.14907035923 27242.7070312 160.182418823
5.15535354454 27392.578125 164.153610229
5.16163672985 27740.9882812 165.84715271
5.16791991516 28054.1328125 170.776245117
5.17420310046 28621.8671875 177.018203735
5.18048628577 28716.46875 181.070083618
5.18676947108 29048.390625 183.68862915
5.19305265638 29476.828125 190.208847046
5.19933584169 29572.328125 194.595596313
5.205619027 30053.3867188 199.949707031
5.21190221231 30242.4882812 203.726150513
5.21818539761 30547.203125 210.284927368
5.22446858292 31709.7460938 222.249313354
5.23075176823 31745.0585938 223.013641357
5.23703495353 31981.5625 229.201522827
5.24331813884 32456.3710938 239.234161377
5.24960132415 32411.5742188 244.878936768
5.25588450946 32992.5390625 247.673065186
5.26216769476 33562.4023438 257.746887207
5.26845088007 33915.34375 269.735900879
5.27473406538 34452.78125 278.493804932
5.28101725068 34808.9570312 281.794647217
5.28730043599 35390.6289062 294.974700928
5.2935836213 36205.0078125 309.471038818
5.29986680661 35797.3554688 313.323791504
5.30614999191 35985.2265625 319.000488281
5.31243317722 37024.4101562 336.526153564
5.31871636253 37553.2890625 353.796356201
5.32499954783 38157.4492188 358.861999512
5.33128273314 38821.921875 376.707427979
5.33756591845 38835.6914062 392.032318115
5.34384910376 39643.7070312 412.797271729
5.35013228906 39633.3710938 406.328613281
5.35641547437 40953.0585938 443.530395508
5.36269865968 41214.484375 467.020111084
5.36898184498 40839.9453125 472.017181396
5.37526503029 42177.171875 480.983062744
5.3815482156 42056.9726562 517.95880127
5.38783140091 42169.6328125 554.104858398
5.39411458621 44944.6601562 571.942138672
5.40039777152 45201.3632812 584.867126465
5.40668095683 46053.9140625 646.371520996
5.41296414214 45490.1484375 704.484313965
5.41924732744 46743.4726562 670.00793457
5.42553051275 47887.0273438 718.385864258
5.43181369806 49374.1601562 815.984985352
5.43809688336 48024.3398438 899.772705078
5.44438006867 49997.0195312 832.278381348
5.45066325398 48627.6445312 876.741821289
5.45694643929 50908.4453125 1037.65185547
5.46322962459 51262.6054688 1177.80358887
5.4695128099 51410.5625 1059.77282715
5.47579599521 51134.328125 1142.4140625
5.48207918051 55658.8242188 1486.28295898
5.48836236582 52861.0429688 1543.28210449
5.49464555113 52361.2421875 1426.41577148
5.50092873644 55613.3710938 1655.74597168
5.50721192174 57289.0078125 2511.79833984
5.51349510705 56260.8515625 2020.52709961
5.51977829236 55913.1601562 2235.2421875
5.52606147766 59670.1875 2741.21142578
5.53234466297 65619.7578125 4788.42333984
5.53862784828 61787.6953125 3711.56079102
5.54491103359 60895.1015625 4630.53027344
5.55119421889 71066.8203125 7192.40185547
5.5574774042 70423.671875 13830.1298828
5.56376058951 49620.2890625 11082.7998047
5.57004377481 98164.34375 57294.78125
