0.00942477796077 73519.9296875
0.0157079632679 59890.1328125
0.0219911485751 64589.9335938
0.0282743338823 53031.4257812
0.0345575191895 46462.046875
0.0408407044967 36344.0117188
0.0471238898038 35427.703125
0.053407075111 30994.0253906
0.0596902604182 28527.7128906
0.0659734457254 25211.2207031
0.0722566310326 25042.6445312
0.0785398163397 20243.8261719
0.0848230016469 18222.8515625
0.0911061869541 16425.5800781
0.0973893722613 15656.1601562
0.103672557568 14414.875
0.109955742876 12561.4453125
0.116238928183 12659.7597656
0.12252211349 11676.5625
0.128805298797 11325.2695312
0.135088484104 10651.5791016
0.141371669412 9470.23046875
0.147654854719 9596.453125
0.153938040026 9378.52636719
0.160221225333 8301.83398438
0.16650441064 8152.11376953
0.172787595947 7977.16601562
0.179070781255 7520.79248047
0.185353966562 7160.46582031
0.191637151869 6696.90039062
0.197920337176 6704.81738281
0.204203522483 6148.37451172
0.210486707791 6284.79199219
0.216769893098 6128.24316406
0.223053078405 5799.11914062
0.229336263712 5724.24755859
0.235619449019 5650.19433594
0.241902634326 5412.89746094
0.248185819634 5345.37060547
0.254469004941 5230.32519531
0.260752190248 5012.90576172
0.267035375555 4878.11279297
0.273318560862 4899.26367188
0.279601746169 4710.6171875
0.285884931477 4545.65087891
0.292168116784 4470.12109375
0.298451302091 4464.54101562
0.304734487398 4406.96679688
0.311017672705 4241.84912109
0.317300858013 4413.33300781
0.32358404332 4198.24365234
0.329867228627 4056.68481445
0.336150413934 4086.66308594
0.342433599241 3975.11523438
0.348716784548 3910.2878418
0.354999969856 3879.04345703
0.361283155163 3774.97680664
0.36756634047 3693.51293945
0.373849525777 3646.24560547
0.380132711084 3744.06494141
0.386415896392 3657.41943359
0.392699081699 3555.09375
0.398982267006 3553.99511719
0.405265452313 3350.38964844
0.41154863762 3384.953125
0.417831822927 3356.61767578
0.424115008235 3359.67797852
0.430398193542 3354.48217773
0.436681378849 3294.41088867
0.442964564156 3234.69750977
0.449247749463 3229.93725586
0.455530934771 3166.15625
0.461814120078 3056.65209961
0.468097305385 3073.12255859
0.474380490692 3088.82910156
0.480663675999 3070.72338867
0.486946861306 3039.58154297
0.493230046614 2922.52905273
0.499513231921 2903.3293457
0.505796417228 2952.25512695
0.512079602535 2896.44189453
0.518362787842 2956.63330078
0.524645973149 2901.96850586
0.530929158457 2827.36450195
0.537212343764 2837.02905273
0.543495529071 2808.14990234
0.549778714378 2810.50317383
0.556061899685 2733.35253906
0.562345084993 2772.94433594
0.5686282703 2746.75415039
0.574911455607 2681.11230469
0.581194640914 2626.91064453
0.587477826221 2663.11279297
0.593761011528 2666.93164062
0.600044196836 2620.85253906
0.606327382143 2565.24951172
0.61261056745 2589.92553711
0.618893752757 2573.25756836
0.625176938064 2585.35839844
0.631460123372 2577.55175781
0.637743308679 2528.06030273
0.644026493986 2547.69848633
0.650309679293 2498.62524414
0.6565928646 2453.17773438
0.662876049907 2504.99755859
0.669159235215 2474.61938477
0.675442420522 2452.40234375
0.681725605829 2443.36083984
0.688008791136 2447.74609375
0.694291976443 2407.78344727
0.700575161751 2433.14355469
0.706858347058 2372.36474609
0.713141532365 2418.11108398
0.719424717672 2355.66650391
0.725707902979 2358.36254883
0.731991088286 2363.44799805
0.738274273594 2328.00170898
0.744557458901 2347.76611328
0.750840644208 2306.18994141
0.757123829515 2289.23193359
0.763407014822 2296.44677734
0.769690200129 2280.40014648
0.775973385437 2276.14160156
0.782256570744 2246.2265625
0.788539756051 2278.48852539
0.794822941358 2239.02270508
0.801106126665 2256.80322266
0.807389311973 2256.44677734
0.81367249728 2200.4753418
0.819955682587 2217.13867188
0.826238867894 2222.00708008
0.832522053201 2201.83227539
0.838805238508 2203.65917969
0.845088423816 2198.67333984
0.851371609123 2161.82324219
0.85765479443 2168.64306641
0.863937979737 2139.171875
0.870221165044 2146.28515625
0.876504350352 2129.08056641
0.882787535659 2112.69799805
0.889070720966 2119.24487305
0.895353906273 2126.06542969
0.90163709158 2122.77246094
0.907920276887 2079.90039062
0.914203462195 2105.7668457
0.920486647502 2101.55175781
0.926769832809 2071.10522461
0.933053018116 2080.26196289
0.939336203423 2060.06542969
0.945619388731 2043.33532715
0.951902574038 2038.99682617
0.958185759345 2044.44909668
0.964468944652 2024.69592285
0.970752129959 2020.18981934
0.977035315266 2033.01074219
0.983318500574 2036.6541748
0.989601685881 1999.20922852
0.995884871188 2012.40661621
1.0021680565 1970.69287109
1.0084512418 2018.67736816
1.01473442711 1958.22741699
1.02101761242 1971.55212402
1.02730079772 1946.30773926
1.03358398303 1975.91699219
1.03986716834 1964.31091309
1.04615035365 1939.74230957
1.05243353895 1940.66638184
1.05871672426 1939.85119629
1.06499990957 1933.8001709
1.07128309487 1920.79528809
1.07756628018 1918.08862305
1.08384946549 1916.53320312
1.0901326508 1921.60180664
1.0964158361 1900.36047363
1.10269902141 1905.53869629
1.10898220672 1879.38684082
1.11526539202 1895.80712891
1.12154857733 1869.48034668
1.12783176264 1869.49377441
1.13411494795 1864.72106934
1.14039813325 1871.48962402
1.14668131856 1859.12670898
1.15296450387 1848.19677734
1.15924768917 1827.48950195
1.16553087448 1832.87585449
1.17181405979 1828.37780762
1.1780972451 1843.12304688
1.1843804304 1820.66955566
1.19066361571 1813.90795898
1.19694680102 1816.06921387
1.20322998632 1814.07714844
1.20951317163 1811.53259277
1.21579635694 1787.80932617
1.22207954225 1788.9979248
1.22836272755 1783.70751953
1.23464591286 1755.66931152
1.24092909817 1782.45361328
1.24721228348 1781.38317871
1.25349546878 1762.44262695
1.25977865409 1754.57922363
1.2660618394 1756.71508789
1.2723450247 1752.63647461
1.27862821001 1748.46166992
1.28491139532 1749.90869141
1.29119458063 1741.67541504
1.29747776593 1731.62792969
1.30376095124 1734.90710449
1.31004413655 1720.78662109
1.31632732185 1731.16699219
1.32261050716 1718.54174805
1.32889369247 1701.47399902
1.33517687778 1710.12670898
1.34146006308 1703.28808594
1.34774324839 1683.47106934
1.3540264337 1704.58227539
1.360309619 1695.6270752
1.36659280431 1688.80273438
1.37287598962 1673.86352539
1.37915917493 1673.13879395
1.38544236023 1672.22741699
1.39172554554 1660.56018066
1.39800873085 1646.28833008
1.40429191615 1656.36962891
1.41057510146 1651.45727539
1.41685828677 1645.79443359
1.42314147208 1648.64746094
1.42942465738 1634.26245117
1.43570784269 1634.52685547
1.441991028 1634.35974121
1.4482742133 1627.21606445
1.45455739861 1624.66210938
1.46084058392 1619.74865723
1.46712376923 1616.38244629
1.47340695453 1614.90673828
1.47969013984 1610.75683594
1.48597332515 1602.58312988
1.49225651046 1585.6809082
1.49853969576 1591.49108887
1.50482288107 1580.74926758
1.51110606638 1581.61499023
1.51738925168 1578.11535645
1.52367243699 1579.69372559
1.5299556223 1564.87609863
1.53623880761 1571.57275391
1.54252199291 1561.65136719
1.54880517822 1552.35314941
1.55508836353 1551.91137695
1.56137154883 1539.63366699
1.56765473414 1551.69580078
1.57393791945 1535.49938965
1.58022110476 1532.56628418
1.58650429006 1543.91088867
1.59278747537 1536.77575684
1.59907066068 1533.04455566
1.60535384598 1524.85791016
1.61163703129 1522.38000488
1.6179202166 1512.33947754
1.62420340191 1511.00598145
1.63048658721 1507.07250977
1.63676977252 1502.56213379
1.64305295783 1511.04626465
1.64933614313 1492.31054688
1.65561932844 1485.11425781
1.66190251375 1486.15539551
1.66818569906 1492.3449707
1.67446888436 1487.98168945
1.68075206967 1489.11096191
1.68703525498 1475.56469727
1.69331844028 1475.86547852
1.69960162559 1468.87939453
1.7058848109 1465.75708008
1.71216799621 1449.91662598
1.71845118151 1444.57580566
1.72473436682 1455.00109863
1.73101755213 1444.84375
1.73730073744 1439.62524414
1.74358392274 1437.35876465
1.74986710805 1441.59887695
1.75615029336 1434.48803711
1.76243347866 1431.91162109
1.76871666397 1430.97692871
1.77499984928 1420.92810059
1.78128303459 1414.6505127
1.78756621989 1408.05664062
1.7938494052 1410.04846191
1.80013259051 1413.0489502
1.80641577581 1405.30090332
1.81269896112 1401.34985352
1.81898214643 1407.82617188
1.82526533174 1393.91235352
1.83154851704 1384.96850586
1.83783170235 1388.44287109
1.84411488766 1378.20678711
1.85039807296 1382.38342285
1.85668125827 1376.35205078
1.86296444358 1365.25354004
1.86924762889 1366.82177734
1.87553081419 1364.98083496
1.8818139995 1358.65136719
1.88809718481 1354.77624512
1.89438037011 1349.91186523
1.90066355542 1348.52819824
1.90694674073 1342.79443359
1.91322992604 1343.23156738
1.91951311134 1341.609375
1.92579629665 1346.12744141
1.93207948196 1336.39733887
1.93836266726 1328.10925293
1.94464585257 1330.35839844
1.95092903788 1329.33776855
1.95721222319 1316.97924805
1.96349540849 1313.65893555
1.9697785938 1313.7277832
1.97606177911 1311.84777832
1.98234496442 1308.80786133
1.98862814972 1302.27490234
1.99491133503 1307.23168945
2.00119452034 1296.78076172
2.00747770564 1296.46777344
2.01376089095 1297.5045166
2.02004407626 1293.26660156
2.02632726157 1285.96655273
2.03261044687 1281.22119141
2.03889363218 1278.60473633
2.04517681749 1273.72558594
2.05146000279 1274.44165039
2.0577431881 1271.77612305
2.06402637341 1264.10192871
2.07030955872 1262.74084473
2.07659274402 1258.67602539
2.08287592933 1252.79321289
2.08915911464 1253.60974121
2.09544229994 1247.24902344
2.10172548525 1245.92651367
2.10800867056 1239.17089844
2.11429185587 1243.5234375
2.12057504117 1230.32055664
2.12685822648 1237.58935547
2.13314141179 1228.23986816
2.13942459709 1219.6126709
2.1457077824 1224.28295898
2.15199096771 1216.24572754
2.15827415302 1219.08190918
2.16455733832 1213.05126953
2.17084052363 1205.32250977
2.17712370894 1212.12805176
2.18340689424 1210.11425781
2.18969007955 1202.26843262
2.19597326486 1197.92382812
2.20225645017 1196.71313477
2.20853963547 1192.6126709
2.21482282078 1186.88977051
2.22110600609 1182.18322754
2.2273891914 1186.04833984
2.2336723767 1178.14550781
2.23995556201 1179.52929688
2.24623874732 1170.65979004
2.25252193262 1173.29272461
2.25880511793 1167.90551758
2.26508830324 1170.40783691
2.27137148855 1161.71154785
2.27765467385 1156.0333252
2.28393785916 1157.0234375
2.29022104447 1165.48132324
2.29650422977 1152.9074707
2.30278741508 1148.31616211
2.30907060039 1144.04602051
2.3153537857 1138.66271973
2.321636971 1143.63952637
2.32792015631 1141.64538574
2.33420334162 1138.75244141
2.34048652692 1130.89331055
2.34676971223 1132.40087891
2.35305289754 1125.82080078
2.35933608285 1126.77099609
2.36561926815 1123.65368652
2.37190245346 1116.08581543
2.37818563877 1112.03417969
2.38446882407 1117.28686523
2.39075200938 1105.82189941
2.39703519469 1103.08483887
2.40331838 1107.71801758
2.4096015653 1103.05578613
2.41588475061 1102.38378906
2.42216793592 1098.45800781
2.42845112122 1093.55200195
2.43473430653 1096.95739746
2.44101749184 1094.1965332
2.44730067715 1085.95690918
2.45358386245 1085.3963623
2.45986704776 1085.29602051
2.46615023307 1082.2019043
2.47243341838 1078.83166504
2.47871660368 1073.04736328
2.48499978899 1081.29272461
2.4912829743 1071.05285645
2.4975661596 1071.00964355
2.50384934491 1067.92797852
2.51013253022 1066.34765625
2.51641571553 1062.20703125
2.52269890083 1060.01403809
2.52898208614 1059.27783203
2.53526527145 1058.19616699
2.54154845675 1055.15441895
2.54783164206 1052.63085938
2.55411482737 1046.14318848
2.56039801268 1047.28234863
2.56668119798 1043.7611084
2.57296438329 1043.92016602
2.5792475686 1040.55151367
2.5855307539 1037.1295166
2.59181393921 1038.43884277
2.59809712452 1034.56750488
2.60438030983 1035.41955566
2.61066349513 1032.42456055
2.61694668044 1032.02661133
2.62322986575 1025.60412598
2.62951305105 1025.50317383
2.63579623636 1027.10583496
2.64207942167 1020.0112915
2.64836260698 1022.15826416
2.65464579228 1020.32244873
2.66092897759 1020.02038574
2.6672121629 1008.10552979
2.6734953482 1015.16387939
2.67977853351 1019.05413818
2.68606171882 1007.65826416
2.69234490413 1008.85015869
2.69862808943 1006.50518799
2.70491127474 1002.17095947
2.71119446005 1005.08227539
2.71747764536 1000.15844727
2.72376083066 997.906311035
2.73004401597 1000.70056152
2.73632720128 993.799072266
2.74261038658 993.43548584
2.74889357189 994.311218262
2.7551767572 996.821533203
2.76145994251 996.012084961
2.76774312781 995.906494141
2.77402631312 989.748413086
2.78030949843 986.469787598
2.78659268373 986.909423828
2.79287586904 983.033691406
2.79915905435 983.312805176
2.80544223966 977.04296875
2.81172542496 980.955200195
2.81800861027 983.855651855
2.82429179558 976.782409668
2.83057498088 981.168579102
2.83685816619 976.269714355
2.8431413515 975.766967773
2.84942453681 971.760620117
2.85570772211 975.927246094
2.86199090742 971.850219727
2.86827409273 973.779846191
2.87455727803 968.062744141
2.88084046334 971.393981934
2.88712364865 970.545471191
2.89340683396 972.397827148
2.89969001926 970.826721191
2.90597320457 962.99786377
2.91225638988 964.824829102
2.91853957518 962.38067627
2.92482276049 963.331359863
2.9311059458 967.972473145
2.93738913111 969.125854492
2.94367231641 961.97845459
2.94995550172 963.520263672
2.95623868703 963.215820312
2.96252187234 957.977111816
2.96880505764 957.440551758
2.97508824295 959.094238281
2.98137142826 958.057495117
2.98765461356 957.375854492
2.99393779887 958.710327148
3.00022098418 958.90234375
3.00650416949 957.04095459
3.01278735479 954.830505371
3.0190705401 959.901184082
3.02535372541 954.682128906
3.03163691071 954.23626709
3.03792009602 959.298278809
3.04420328133 958.171569824
3.05048646664 959.149047852
3.05676965194 953.780700684
3.06305283725 957.534667969
3.06933602256 963.480957031
3.07561920786 956.930664062
3.08190239317 958.934387207
3.08818557848 954.91973877
3.09446876379 954.149536133
3.10075194909 959.304443359
3.1070351344 961.663208008
3.11331831971 960.7890625
3.11960150501 965.988220215
3.12588469032 962.770751953
3.13216787563 960.35534668
3.13845106094 959.637329102
3.14473424624 966.841186523
3.15101743155 963.984130859
3.15730061686 970.366638184
3.16358380216 968.032287598
3.16986698747 966.334350586
3.17615017278 969.307617188
3.18243335809 975.95703125
3.18871654339 970.552612305
3.1949997287 966.948486328
3.20128291401 971.471435547
3.20756609932 979.078979492
3.21384928462 979.404846191
3.22013246993 979.803283691
3.22641565524 976.781188965
3.23269884054 973.674194336
3.23898202585 974.994567871
3.24526521116 967.912658691
3.25154839647 969.863342285
3.25783158177 969.334594727
3.26411476708 969.895385742
3.27039795239 964.969116211
3.27668113769 965.967834473
3.282964323 961.024169922
3.28924750831 963.132141113
3.29553069362 958.284301758
3.30181387892 958.586486816
3.30809706423 954.247436523
3.31438024954 953.196350098
3.32066343484 955.807983398
3.32694662015 955.923034668
3.33322980546 952.057678223
3.33951299077 949.38067627
3.34579617607 947.236816406
3.35207936138 946.340576172
3.35836254669 942.893249512
3.36464573199 944.530273438
3.3709289173 942.237976074
3.37721210261 944.225280762
3.38349528792 937.275939941
3.38977847322 933.457214355
3.39606165853 936.487487793
3.40234484384 934.117919922
3.40862802914 934.566223145
3.41491121445 931.562255859
3.42119439976 933.271484375
3.42747758507 930.80682373
3.43376077037 928.770263672
3.44004395568 923.356384277
3.44632714099 924.714172363
3.4526103263 923.303588867
3.4588935116 924.381958008
3.46517669691 921.069274902
3.47145988222 913.19317627
3.47774306752 920.221252441
3.48402625283 916.418029785
3.49030943814 919.774902344
3.49659262345 917.594726562
3.50287580875 919.071044922
3.50915899406 912.751159668
3.51544217937 908.48223877
3.52172536467 913.72454834
3.52800854998 915.283996582
3.53429173529 910.96862793
3.5405749206 909.280090332
3.5468581059 908.574035645
3.55314129121 911.596130371
3.55942447652 903.615112305
3.56570766182 903.392211914
3.57199084713 906.589904785
3.57827403244 905.45715332
3.58455721775 904.178649902
3.59084040305 901.791137695
3.59712358836 904.666625977
3.60340677367 901.630249023
3.60968995897 901.568115234
3.61597314428 899.058166504
3.62225632959 901.571044922
3.6285395149 897.985839844
3.6348227002 896.42755127
3.64110588551 891.485595703
3.64738907082 898.334533691
3.65367225612 896.54083252
3.65995544143 891.090026855
3.66623862674 892.37512207
3.67252181205 893.841186523
3.67880499735 892.851867676
3.68508818266 889.316894531
3.69137136797 890.28704834
3.69765455328 893.360046387
3.70393773858 884.642578125
3.71022092389 890.923095703
3.7165041092 886.869445801
3.7227872945 891.812316895
3.72907047981 887.819702148
3.73535366512 881.910583496
3.74163685043 888.015991211
3.74792003573 885.194946289
3.75420322104 886.938415527
3.76048640635 881.610107422
3.76676959165 887.116271973
3.77305277696 887.14654541
3.77933596227 888.53302002
3.78561914758 887.946716309
3.79190233288 888.284301758
3.79818551819 880.666320801
3.8044687035 883.153442383
3.8107518888 882.756652832
3.81703507411 887.152404785
3.82331825942 888.735290527
3.82960144473 882.941894531
3.83588463003 886.51574707
3.84216781534 883.87109375
3.84845100065 879.104492188
3.85473418595 882.650512695
3.86101737126 883.434204102
3.86730055657 882.393493652
3.87358374188 883.557617188
3.87986692718 879.186157227
3.88615011249 884.297729492
3.8924332978 881.125366211
3.8987164831 885.310974121
3.90499966841 883.83605957
3.91128285372 882.743713379
3.91756603903 886.75793457
3.92384922433 889.983276367
3.93013240964 889.545959473
3.93641559495 886.983825684
3.94269878026 883.916442871
3.94898196556 881.762451172
3.95526515087 881.952697754
3.96154833618 886.629394531
3.96783152148 888.493652344
3.97411470679 882.03515625
3.9803978921 890.584716797
3.98668107741 891.682922363
3.99296426271 892.918273926
3.99924744802 892.147766113
4.00553063333 890.260681152
4.01181381863 891.937194824
4.01809700394 885.637878418
4.02438018925 886.262939453
4.03066337456 894.707824707
4.03694655986 893.319335938
4.04322974517 894.297180176
4.04951293048 889.10546875
4.05579611578 894.697570801
4.06207930109 895.288757324
4.0683624864 893.901367188
4.07464567171 896.287414551
4.08092885701 896.553649902
4.08721204232 894.502380371
4.09349522763 899.402770996
4.09977841293 899.380737305
4.10606159824 907.974121094
4.11234478355 910.703186035
4.11862796886 896.848327637
4.12491115416 895.773986816
4.13119433947 906.816467285
4.13747752478 904.317810059
4.14376071008 912.537231445
4.15004389539 905.367248535
4.1563270807 912.60534668
4.16261026601 913.855163574
4.16889345131 912.630126953
4.17517663662 915.341918945
4.18145982193 912.407897949
4.18774300724 922.002441406
4.19402619254 914.978210449
4.20030937785 932.060974121
4.20659256316 923.669433594
4.21287574846 931.716247559
4.21915893377 930.610473633
4.22544211908 925.654785156
4.23172530439 930.832763672
4.23800848969 938.466796875
4.244291675 939.269958496
4.25057486031 944.731628418
4.25685804561 943.188476562
4.26314123092 955.135070801
4.26942441623 946.123413086
4.27570760154 944.710205078
4.28199078684 944.572570801
4.28827397215 953.047851562
4.29455715746 951.342529297
4.30084034276 950.28302002
4.30712352807 961.584411621
4.31340671338 954.861999512
4.31968989869 953.532958984
4.32597308399 962.712646484
4.3322562693 962.74798584
4.33853945461 965.631469727
4.34482263991 970.711303711
4.35110582522 975.131896973
4.35738901053 980.835449219
4.36367219584 978.009338379
4.36995538114 984.051757812
4.37623856645 974.434875488
4.38252175176 986.281066895
4.38880493706 1001.57659912
4.39508812237 974.472290039
4.40137130768 989.48260498
4.40765449299 997.266967773
4.41393767829 993.752929688
4.4202208636 992.089355469
4.42650404891 997.375549316
4.43278723422 989.902587891
4.43907041952 987.888000488
4.44535360483 988.716491699
4.45163679014 1002.34875488
4.45791997544 1001.06207275
4.46420316075 1003.07342529
4.47048634606 987.20513916
4.47676953137 996.511657715
4.48305271667 992.51574707
4.48933590198 1007.67883301
4.49561908729 1013.60113525
4.50190227259 997.904663086
4.5081854579 997.702819824
4.51446864321 1002.96447754
4.52075182852 1007.24151611
4.52703501382 988.230895996
4.53331819913 990.087890625
4.53960138444 998.13494873
4.54588456974 990.156188965
4.55216775505 986.376647949
4.55845094036 984.807678223
4.56473412567 982.213562012
4.57101731097 998.322570801
4.57730049628 982.925354004
4.58358368159 990.653015137
4.58986686689 997.437011719
4.5961500522 979.551147461
4.60243323751 979.092285156
4.60871642282 978.39440918
4.61499960812 1000.16418457
4.62128279343 971.309082031
4.62756597874 1011.31469727
4.63384916404 984.925109863
4.64013234935 1002.93865967
4.64641553466 979.29888916
4.65269871997 997.237304688
4.65898190527 986.848022461
4.66526509058 984.975830078
4.67154827589 1006.83551025
4.6778314612 999.903381348
4.6841146465 996.029846191
4.69039783181 969.70324707
4.69668101712 995.779602051
4.70296420242 996.924865723
4.70924738773 1002.43756104
4.71553057304 983.364440918
4.72181375835 994.995056152
4.72809694365 994.694213867
4.73438012896 992.692199707
4.74066331427 1013.97314453
4.74694649957 991.952575684
4.75322968488 1001.60186768
4.75951287019 1016.89819336
4.7657960555 1000.6171875
4.7720792408 1021.71484375
4.77836242611 1004.51208496
4.78464561142 992.875793457
4.79092879672 1019.67022705
4.79721198203 1038.75280762
4.80349516734 1033.49816895
4.80977835265 1033.27880859
4.81606153795 1035.82104492
4.82234472326 1039.41247559
4.82862790857 1045.35974121
4.83491109387 1011.78991699
4.84119427918 1041.50878906
4.84747746449 1059.77111816
4.8537606498 1049.2253418
4.8600438351 1039.18469238
4.86632702041 1041.82385254
4.87261020572 1067.50134277
4.87889339102 1056.34680176
4.88517657633 1072.51831055
4.89145976164 1086.63366699
4.89774294695 1092.21228027
4.90402613225 1081.62658691
4.91030931756 1097.80175781
4.91659250287 1074.44677734
4.92287568818 1077.00402832
4.92915887348 1058.87670898
4.93544205879 1072.05432129
4.9417252441 1067.84790039
4.9480084294 1090.91687012
4.95429161471 1135.88952637
4.96057480002 1077.12744141
4.96685798533 1125.18823242
4.97314117063 1156.77026367
4.97942435594 1104.61022949
4.98570754125 1150.57958984
4.99199072655 1139.27429199
4.99827391186 1115.71362305
5.00455709717 1145.56591797
5.01084028248 1118.31945801
5.01712346778 1128.25292969
5.02340665309 1142.62597656
5.0296898384 1126.40063477
5.0359730237 1178.86767578
5.04225620901 1193.98535156
5.04853939432 1184.35510254
5.05482257963 1225.47253418
5.06110576493 1210.22521973
5.06738895024 1197.39428711
5.07367213555 1234.46777344
5.07995532085 1197.56030273
5.08623850616 1187.0447998
5.09252169147 1230.0513916
5.09880487678 1253.42810059
5.10508806208 1237.01806641
5.11137124739 1256.50512695
5.1176544327 1255.24365234
5.123937618 1271.91162109
5.13022080331 1261.24658203
5.13650398862 1308.28186035
5.14278717393 1319.86804199
5.14907035923 1268.54785156
5.15535354454 1338.14624023
5.16163672985 1293.49255371
5.16791991516 1337.58691406
5.17420310046 1296.40625
5.18048628577 1384.38500977
5.18676947108 1326.20300293
5.19305265638 1357.94494629
5.19933584169 1336.95324707
5.205619027 1320.72619629
5.21190221231 1370.23852539
5.21818539761 1427.72741699
5.22446858292 1394.52233887
5.23075176823 1385.28063965
5.23703495353 1430.90588379
5.24331813884 1478.83691406
5.24960132415 1489.9362793
5.25588450946 1465.17089844
5.26216769476 1485.19030762
5.26845088007 1517.36340332
5.27473406538 1490.21838379
5.28101725068 1612.85791016
5.28730043599 1404.12963867
5.2935836213 1521.69091797
5.29986680661 1645.06335449
5.30614999191 1574.77868652
5.31243317722 1445.01831055
5.31871636253 1577.15148926
5.32499954783 1539.39404297
5.33128273314 1618.29980469
5.33756591845 1686.19897461
5.34384910376 1689.92773438
5.35013228906 1656.07519531
5.35641547437 1751.1496582
5.36269865968 1678.9152832
5.36898184498 1816.83740234
5.37526503029 1733.33410645
5.3815482156 1641.12792969
5.38783140091 1677.54492188
5.39411458621 1717.82897949
5.40039777152 1748.95129395
5.40668095683 1647.55517578
5.41296414214 1844.65881348
5.41924732744 1873.77929688
5.42553051275 1595.67333984
5.43181369806 1702.60388184
5.43809688336 1906.64208984
5.44438006867 2006.40625
5.45066325398 1902.68188477
5.45694643929 1957.50231934
5.46322962459 1901.63928223
5.4695128099 1534.06884766
5.47579599521 2131.89892578
5.48207918051 1793.3302002
5.48836236582 2115.79516602
5.49464555113 1961.8828125
5.50092873644 2502.6015625
5.50721192174 1632.23034668
5.51349510705 2174.47485352
5.51977829236 2260.23144531
5.52606147766 3292.02612305
5.53234466297 3119.97729492
5.53862784828 2225.92480469
5.54491103359 2150.26464844
5.55119421889 2327.85009766
5.5574774042 2591.03979492
5.56376058951 2571.67504883
5.57004377481 -3091.13574219
