0.00942477796077 75682.3984375
0.0157079632679 66759.1484375
0.0219911485751 67725.734375
0.0282743338823 59589.875
0.0345575191895 48478.3007812
0.0408407044967 39163.3164062
0.0471238898038 34838.515625
0.053407075111 30610.8554688
0.0596902604182 30080.6542969
0.0659734457254 26701.6933594
0.0722566310326 25476.9453125
0.0785398163397 22235.5449219
0.0848230016469 19451.0839844
0.0911061869541 17142.0175781
0.0973893722613 16950.8125
0.103672557568 15161.7285156
0.109955742876 14299.5986328
0.116238928183 13516.9560547
0.12252211349 12169.2363281
0.128805298797 12295.4492188
0.135088484104 11538.4345703
0.141371669412 10929.7324219
0.147654854719 10324.9707031
0.153938040026 9913.81738281
0.160221225333 9372.45703125
0.16650441064 8788.95019531
0.172787595947 8554.37597656
0.179070781255 8218.43261719
0.185353966562 7795.38085938
0.191637151869 7698.23144531
0.197920337176 7419.47363281
0.204203522483 7010.94482422
0.210486707791 6988.33642578
0.216769893098 6558.26171875
0.223053078405 6446.54003906
0.229336263712 6185.09082031
0.235619449019 6244.70361328
0.241902634326 6027.86767578
0.248185819634 5794.45507812
0.254469004941 5773.45019531
0.260752190248 5479.86083984
0.267035375555 5361.33056641
0.273318560862 5513.04150391
0.279601746169 5169.62353516
0.285884931477 5216.80224609
0.292168116784 5019.37988281
0.298451302091 4899.13720703
0.304734487398 4940.76464844
0.311017672705 4826.31298828
0.317300858013 4723.07421875
0.32358404332 4625.99511719
0.329867228627 4536.16845703
0.336150413934 4569.96728516
0.342433599241 4405.40429688
0.348716784548 4419.25439453
0.354999969856 4371.35742188
0.361283155163 4252.54785156
0.36756634047 4175.48730469
0.373849525777 4184.66113281
0.380132711084 4093.23193359
0.386415896392 4025.49047852
0.392699081699 4063.41674805
0.398982267006 3974.61181641
0.405265452313 3839.73242188
0.41154863762 3856.35083008
0.417831822927 3758.015625
0.424115008235 3786.58276367
0.430398193542 3733.77612305
0.436681378849 3727.2121582
0.442964564156 3664.88623047
0.449247749463 3648.11938477
0.455530934771 3565.67602539
0.461814120078 3549.42016602
0.468097305385 3562.7956543
0.474380490692 3541.62182617
0.480663675999 3468.75073242
0.486946861306 3449.18310547
0.493230046614 3440.71630859
0.499513231921 3372.29882812
0.505796417228 3397.08691406
0.512079602535 3345.5703125
0.518362787842 3365.38061523
0.524645973149 3319.14208984
0.530929158457 3302.97998047
0.537212343764 3302.86401367
0.543495529071 3203.6328125
0.549778714378 3205.71166992
0.556061899685 3205.96875
0.562345084993 3203.32861328
0.5686282703 3160.09155273
0.574911455607 3132.52563477
0.581194640914 3106.3215332
0.587477826221 3087.16650391
0.593761011528 3068.97045898
0.600044196836 3060.49414062
0.606327382143 3052.00854492
0.61261056745 3006.89331055
0.618893752757 2998.1730957
0.625176938064 3006.86401367
0.631460123372 2988.76757812
0.637743308679 3002.98022461
0.644026493986 2951.53540039
0.650309679293 2933.88232422
0.6565928646 2908.97436523
0.662876049907 2911.45336914
0.669159235215 2885.55615234
0.675442420522 2877.52319336
0.681725605829 2854.86743164
0.688008791136 2860.92797852
0.694291976443 2833.95092773
0.700575161751 2827.10595703
0.706858347058 2832.65478516
0.713141532365 2816.77148438
0.719424717672 2764.35083008
0.725707902979 2779.08374023
0.731991088286 2775.96655273
0.738274273594 2754.3894043
0.744557458901 2747.26000977
0.750840644208 2720.92016602
0.757123829515 2731.13354492
0.763407014822 2712.98217773
0.769690200129 2726.14916992
0.775973385437 2682.83984375
0.782256570744 2709.01196289
0.788539756051 2687.72167969
0.794822941358 2659.52978516
0.801106126665 2661.8449707
0.807389311973 2657.5168457
0.81367249728 2624.2097168
0.819955682587 2620.63549805
0.826238867894 2620.33740234
0.832522053201 2592.37792969
0.838805238508 2592.97412109
0.845088423816 2573.35693359
0.851371609123 2569.86767578
0.85765479443 2551.33691406
0.863937979737 2550.32080078
0.870221165044 2540.26025391
0.876504350352 2529.52807617
0.882787535659 2541.24438477
0.889070720966 2520.24902344
0.895353906273 2509.41845703
0.90163709158 2516.76196289
0.907920276887 2489.42358398
0.914203462195 2489.73095703
0.920486647502 2486.57421875
0.926769832809 2477.62426758
0.933053018116 2455.31567383
0.939336203423 2450.51196289
0.945619388731 2450.59375
0.951902574038 2433.78125
0.958185759345 2427.83227539
0.964468944652 2413.34594727
0.970752129959 2416.07397461
0.977035315266 2426.9855957
0.983318500574 2404.5090332
0.989601685881 2387.08447266
0.995884871188 2379.67114258
1.0021680565 2372.60986328
1.0084512418 2369.78833008
1.01473442711 2369.74047852
1.02101761242 2364.68603516
1.02730079772 2351.83422852
1.03358398303 2353.73291016
1.03986716834 2350.31640625
1.04615035365 2344.03662109
1.05243353895 2328.27270508
1.05871672426 2317.2355957
1.06499990957 2310.14038086
1.07128309487 2305.68017578
1.07756628018 2310.06030273
1.08384946549 2288.89477539
1.0901326508 2267.91577148
1.0964158361 2284.48852539
1.10269902141 2276.28466797
1.10898220672 2261.12841797
1.11526539202 2266.80639648
1.12154857733 2248.13525391
1.12783176264 2253.51611328
1.13411494795 2242.55615234
1.14039813325 2238.26953125
1.14668131856 2220.63842773
1.15296450387 2212.55029297
1.15924768917 2227.78735352
1.16553087448 2210.84423828
1.17181405979 2195.77905273
1.1780972451 2204.63305664
1.1843804304 2191.36035156
1.19066361571 2191.62963867
1.19694680102 2183.90332031
1.20322998632 2175.6784668
1.20951317163 2165.29589844
1.21579635694 2170.21557617
1.22207954225 2168.94384766
1.22836272755 2161.30981445
1.23464591286 2148.86865234
1.24092909817 2152.125
1.24721228348 2138.62988281
1.25349546878 2132.23999023
1.25977865409 2126.1237793
1.2660618394 2111.98071289
1.2723450247 2116.96289062
1.27862821001 2105.97875977
1.28491139532 2094.21484375
1.29119458063 2094.82763672
1.29747776593 2085.9375
1.30376095124 2092.78613281
1.31004413655 2080.82299805
1.31632732185 2080.57519531
1.32261050716 2065.08349609
1.32889369247 2064.37915039
1.33517687778 2064.55126953
1.34146006308 2062.81201172
1.34774324839 2051.51245117
1.3540264337 2035.00036621
1.360309619 2039.49279785
1.36659280431 2031.38439941
1.37287598962 2028.87963867
1.37915917493 2017.18811035
1.38544236023 2026.29760742
1.39172554554 2013.03991699
1.39800873085 2002.02954102
1.40429191615 1996.81970215
1.41057510146 1991.43774414
1.41685828677 1991.72631836
1.42314147208 1988.85839844
1.42942465738 1978.80651855
1.43570784269 1978.97497559
1.441991028 1974.72900391
1.4482742133 1957.56860352
1.45455739861 1962.54174805
1.46084058392 1954.69006348
1.46712376923 1954.74853516
1.47340695453 1951.84997559
1.47969013984 1938.23010254
1.48597332515 1942.45007324
1.49225651046 1932.41772461
1.49853969576 1933.52160645
1.50482288107 1929.67260742
1.51110606638 1923.97583008
1.51738925168 1913.45153809
1.52367243699 1912.83898926
1.5299556223 1899.25036621
1.53623880761 1902.53649902
1.54252199291 1891.69226074
1.54880517822 1894.63256836
1.55508836353 1883.45800781
1.56137154883 1882.65490723
1.56765473414 1870.01550293
1.57393791945 1878.38867188
1.58022110476 1865.51965332
1.58650429006 1858.64074707
1.59278747537 1859.08190918
1.59907066068 1860.3659668
1.60535384598 1850.49731445
1.61163703129 1843.43908691
1.6179202166 1846.68640137
1.62420340191 1839.77624512
1.63048658721 1833.62097168
1.63676977252 1826.97814941
1.64305295783 1819.62915039
1.64933614313 1820.16687012
1.65561932844 1812.86010742
1.66190251375 1800.39147949
1.66818569906 1805.03564453
1.67446888436 1797.15734863
1.68075206967 1791.12011719
1.68703525498 1788.05603027
1.69331844028 1786.30847168
1.69960162559 1778.4107666
1.7058848109 1778.28149414
1.71216799621 1771.92199707
1.71845118151 1769.10546875
1.72473436682 1773.33325195
1.73101755213 1758.65820312
1.73730073744 1761.1706543
1.74358392274 1752.46411133
1.74986710805 1752.98095703
1.75615029336 1743.44934082
1.76243347866 1735.66723633
1.76871666397 1735.92565918
1.77499984928 1729.99438477
1.78128303459 1727.29821777
1.78756621989 1719.72521973
1.7938494052 1716.06420898
1.80013259051 1711.60571289
1.80641577581 1712.48632812
1.81269896112 1708.04370117
1.81898214643 1700.75500488
1.82526533174 1695.63916016
1.83154851704 1695.55212402
1.83783170235 1694.26489258
1.84411488766 1681.25524902
1.85039807296 1677.75976562
1.85668125827 1673.49731445
1.86296444358 1670.6315918
1.86924762889 1666.22900391
1.87553081419 1663.88720703
1.8818139995 1658.49804688
1.88809718481 1661.08032227
1.89438037011 1657.09899902
1.90066355542 1645.3046875
1.90694674073 1641.0234375
1.91322992604 1639.28222656
1.91951311134 1634.69836426
1.92579629665 1634.89550781
1.93207948196 1631.42272949
1.93836266726 1626.24279785
1.94464585257 1618.13708496
1.95092903788 1619.0703125
1.95721222319 1611.59509277
1.96349540849 1607.29626465
1.9697785938 1603.54577637
1.97606177911 1598.36791992
1.98234496442 1605.78015137
1.98862814972 1594.98718262
1.99491133503 1594.43969727
2.00119452034 1583.77050781
2.00747770564 1583.57458496
2.01376089095 1578.10253906
2.02004407626 1578.09118652
2.02632726157 1570.1204834
2.03261044687 1567.70800781
2.03889363218 1565.76098633
2.04517681749 1557.81188965
2.05146000279 1558.27575684
2.0577431881 1554.90539551
2.06402637341 1546.42102051
2.07030955872 1542.04614258
2.07659274402 1545.81433105
2.08287592933 1542.09545898
2.08915911464 1539.82983398
2.09544229994 1531.26416016
2.10172548525 1530.21289062
2.10800867056 1524.55358887
2.11429185587 1523.20214844
2.12057504117 1516.6315918
2.12685822648 1512.98876953
2.13314141179 1511.71728516
2.13942459709 1511.1809082
2.1457077824 1501.95532227
2.15199096771 1501.3314209
2.15827415302 1499.79174805
2.16455733832 1494.1081543
2.17084052363 1493.42468262
2.17712370894 1486.64111328
2.18340689424 1484.59545898
2.18969007955 1483.20703125
2.19597326486 1481.94311523
2.20225645017 1473.87084961
2.20853963547 1467.98254395
2.21482282078 1468.15197754
2.22110600609 1464.19287109
2.2273891914 1461.95788574
2.2336723767 1455.89916992
2.23995556201 1452.67749023
2.24623874732 1450.15551758
2.25252193262 1450.55004883
2.25880511793 1446.80175781
2.26508830324 1442.19055176
2.27137148855 1436.23669434
2.27765467385 1441.32226562
2.28393785916 1432.67578125
2.29022104447 1435.24780273
2.29650422977 1433.83691406
2.30278741508 1426.17150879
2.30907060039 1420.16931152
2.3153537857 1423.62512207
2.321636971 1417.54138184
2.32792015631 1414.32678223
2.33420334162 1414.12097168
2.34048652692 1410.96289062
2.34676971223 1405.06799316
2.35305289754 1400.34448242
2.35933608285 1400.70031738
2.36561926815 1398.87805176
2.37190245346 1397.83508301
2.37818563877 1391.11022949
2.38446882407 1389.46618652
2.39075200938 1386.16894531
2.39703519469 1388.89855957
2.40331838 1380.76574707
2.4096015653 1378.55749512
2.41588475061 1376.06445312
2.42216793592 1372.69104004
2.42845112122 1373.20825195
2.43473430653 1370.43322754
2.44101749184 1365.89404297
2.44730067715 1363.82861328
2.45358386245 1359.43127441
2.45986704776 1356.78601074
2.46615023307 1354.6072998
2.47243341838 1354.90136719
2.47871660368 1353.78039551
2.48499978899 1351.8729248
2.4912829743 1346.20959473
2.4975661596 1343.26208496
2.50384934491 1342.5324707
2.51013253022 1335.49401855
2.51641571553 1340.74377441
2.52269890083 1336.04162598
2.52898208614 1333.61035156
2.53526527145 1331.32849121
2.54154845675 1328.87902832
2.54783164206 1327.20471191
2.55411482737 1321.56713867
2.56039801268 1318.53112793
2.56668119798 1316.40576172
2.57296438329 1317.30932617
2.5792475686 1315.2755127
2.5855307539 1312.7512207
2.59181393921 1309.21057129
2.59809712452 1309.7677002
2.60438030983 1308.58239746
2.61066349513 1308.33129883
2.61694668044 1302.48046875
2.62322986575 1302.87219238
2.62951305105 1296.31970215
2.63579623636 1298.14562988
2.64207942167 1293.36706543
2.64836260698 1292.50231934
2.65464579228 1291.60754395
2.66092897759 1291.5723877
2.6672121629 1288.53210449
2.6734953482 1286.55480957
2.67977853351 1289.09375
2.68606171882 1280.95556641
2.69234490413 1284.30859375
2.69862808943 1284.24658203
2.70491127474 1279.29309082
2.71119446005 1278.97424316
2.71747764536 1277.96386719
2.72376083066 1273.8371582
2.73004401597 1272.91687012
2.73632720128 1272.71459961
2.74261038658 1273.07141113
2.74889357189 1268.51403809
2.7551767572 1269.17126465
2.76145994251 1270.51550293
2.76774312781 1268.12597656
2.77402631312 1266.43933105
2.78030949843 1260.98022461
2.78659268373 1263.60949707
2.79287586904 1259.6036377
2.79915905435 1257.91870117
2.80544223966 1258.50195312
2.81172542496 1257.17504883
2.81800861027 1257.37731934
2.82429179558 1256.08959961
2.83057498088 1258.35119629
2.83685816619 1256.1583252
2.8431413515 1251.19311523
2.84942453681 1251.66894531
2.85570772211 1254.86560059
2.86199090742 1251.44445801
2.86827409273 1252.68859863
2.87455727803 1250.88098145
2.88084046334 1251.07080078
2.88712364865 1250.81005859
2.89340683396 1251.00634766
2.89969001926 1250.43383789
2.90597320457 1250.15734863
2.91225638988 1250.27075195
2.91853957518 1250.41479492
2.92482276049 1250.44445801
2.9311059458 1249.09472656
2.93738913111 1246.96594238
2.94367231641 1248.40087891
2.94995550172 1246.25427246
2.95623868703 1248.74401855
2.96252187234 1250.43408203
2.96880505764 1247.41052246
2.97508824295 1249.64404297
2.98137142826 1250.97546387
2.98765461356 1252.93566895
2.99393779887 1247.59594727
3.00022098418 1251.96362305
3.00650416949 1251.70373535
3.01278735479 1251.41235352
3.0190705401 1252.14929199
3.02535372541 1254.77099609
3.03163691071 1255.0020752
3.03792009602 1255.16748047
3.04420328133 1256.63671875
3.05048646664 1251.37890625
3.05676965194 1254.2088623
3.06305283725 1255.39025879
3.06933602256 1257.05065918
3.07561920786 1260.2923584
3.08190239317 1258.80102539
3.08818557848 1261.2097168
3.09446876379 1260.89575195
3.10075194909 1264.85522461
3.1070351344 1267.65490723
3.11331831971 1267.34411621
3.11960150501 1266.6439209
3.12588469032 1271.16540527
3.13216787563 1271.13647461
3.13845106094 1270.10742188
3.14473424624 1273.25537109
3.15101743155 1274.68640137
3.15730061686 1278.43896484
3.16358380216 1276.72119141
3.16986698747 1279.73608398
3.17615017278 1280.16662598
3.18243335809 1288.16577148
3.18871654339 1288.04455566
3.1949997287 1292.01318359
3.20128291401 1290.56542969
3.20756609932 1295.63256836
3.21384928462 1297.08178711
3.22013246993 1296.72180176
3.22641565524 1296.48242188
3.23269884054 1293.63977051
3.23898202585 1293.20727539
3.24526521116 1291.34130859
3.25154839647 1291.81872559
3.25783158177 1289.64733887
3.26411476708 1287.11413574
3.27039795239 1285.72192383
3.27668113769 1283.61914062
3.282964323 1283.98193359
3.28924750831 1282.7442627
3.29553069362 1279.6463623
3.30181387892 1281.50708008
3.30809706423 1278.81323242
3.31438024954 1276.72937012
3.32066343484 1278.13098145
3.32694662015 1276.54492188
3.33322980546 1274.19506836
3.33951299077 1274.30090332
3.34579617607 1273.27954102
3.35207936138 1271.65759277
3.35836254669 1267.46594238
3.36464573199 1269.29724121
3.3709289173 1267.89306641
3.37721210261 1266.63354492
3.38349528792 1265.99572754
3.38977847322 1266.99523926
3.39606165853 1264.7109375
3.40234484384 1263.78894043
3.40862802914 1267.06433105
3.41491121445 1262.41430664
3.42119439976 1262.02819824
3.42747758507 1258.5546875
3.43376077037 1256.62463379
3.44004395568 1257.91125488
3.44632714099 1256.23828125
3.4526103263 1256.96862793
3.4588935116 1252.22094727
3.46517669691 1257.82727051
3.47145988222 1251.41296387
3.47774306752 1248.80700684
3.48402625283 1247.48583984
3.49030943814 1251.70605469
3.49659262345 1251.08752441
3.50287580875 1248.96276855
3.50915899406 1248.99621582
3.51544217937 1247.38098145
3.52172536467 1244.08300781
3.52800854998 1246.20410156
3.53429173529 1244.00732422
3.5405749206 1247.6829834
3.5468581059 1245.92980957
3.55314129121 1243.83239746
3.55942447652 1246.1217041
3.56570766182 1243.4420166
3.57199084713 1244.0838623
3.57827403244 1243.88000488
3.58455721775 1240.6907959
3.59084040305 1240.28186035
3.59712358836 1239.67419434
3.60340677367 1239.31848145
3.60968995897 1240.20874023
3.61597314428 1239.7121582
3.62225632959 1239.7166748
3.6285395149 1241.6361084
3.6348227002 1241.09069824
3.64110588551 1237.45410156
3.64738907082 1240.66186523
3.65367225612 1239.03686523
3.65995544143 1239.11108398
3.66623862674 1237.07299805
3.67252181205 1236.46948242
3.67880499735 1242.66027832
3.68508818266 1239.51000977
3.69137136797 1238.36096191
3.69765455328 1240.92504883
3.70393773858 1238.22290039
3.71022092389 1240.6920166
3.7165041092 1234.34057617
3.7227872945 1242.3112793
3.72907047981 1239.4708252
3.73535366512 1238.22192383
3.74163685043 1234.56616211
3.74792003573 1237.41418457
3.75420322104 1237.91149902
3.76048640635 1239.79675293
3.76676959165 1239.26635742
3.77305277696 1242.09277344
3.77933596227 1239.60021973
3.78561914758 1241.23425293
3.79190233288 1243.48242188
3.79818551819 1242.40856934
3.8044687035 1248.87402344
3.8107518888 1246.19763184
3.81703507411 1241.76647949
3.82331825942 1247.79528809
3.82960144473 1247.65466309
3.83588463003 1244.97570801
3.84216781534 1247.11560059
3.84845100065 1251.33947754
3.85473418595 1251.9675293
3.86101737126 1246.43347168
3.86730055657 1250.76391602
3.87358374188 1252.64086914
3.87986692718 1252.62939453
3.88615011249 1254.28845215
3.8924332978 1253.24511719
3.8987164831 1255.9074707
3.90499966841 1255.1875
3.91128285372 1258.43713379
3.91756603903 1260.05126953
3.92384922433 1259.61315918
3.93013240964 1262.88659668
3.93641559495 1262.80761719
3.94269878026 1264.1027832
3.94898196556 1265.24804688
3.95526515087 1268.64904785
3.96154833618 1268.46740723
3.96783152148 1269.81665039
3.97411470679 1273.7376709
3.9803978921 1276.39855957
3.98668107741 1270.70690918
3.99296426271 1280.03735352
3.99924744802 1278.80456543
4.00553063333 1278.77709961
4.01181381863 1280.72033691
4.01809700394 1282.44873047
4.02438018925 1287.58728027
4.03066337456 1288.67443848
4.03694655986 1292.00183105
4.04322974517 1289.98950195
4.04951293048 1294.61560059
4.05579611578 1296.80895996
4.06207930109 1299.17382812
4.0683624864 1297.63305664
4.07464567171 1299.80957031
4.08092885701 1301.59436035
4.08721204232 1308.79724121
4.09349522763 1304.90698242
4.09977841293 1311.95776367
4.10606159824 1313.80493164
4.11234478355 1319.32250977
4.11862796886 1318.12988281
4.12491115416 1324.48535156
4.13119433947 1325.9375
4.13747752478 1328.8190918
4.14376071008 1329.74047852
4.15004389539 1331.73168945
4.1563270807 1339.48657227
4.16261026601 1331.92272949
4.16889345131 1341.0435791
4.17517663662 1342.36547852
4.18145982193 1347.61328125
4.18774300724 1345.00805664
4.19402619254 1351.01574707
4.20030937785 1353.94250488
4.20659256316 1358.33337402
4.21287574846 1366.17285156
4.21915893377 1366.60253906
4.22544211908 1368.49511719
4.23172530439 1376.41003418
4.23800848969 1379.54663086
4.244291675 1384.67346191
4.25057486031 1388.69213867
4.25685804561 1390.00964355
4.26314123092 1392.71850586
4.26942441623 1393.21069336
4.27570760154 1398.86230469
4.28199078684 1405.89685059
4.28827397215 1402.95678711
4.29455715746 1407.71008301
4.30084034276 1415.32800293
4.30712352807 1416.35681152
4.31340671338 1424.29382324
4.31968989869 1424.65783691
4.32597308399 1432.94799805
4.3322562693 1431.13745117
4.33853945461 1434.88220215
4.34482263991 1446.10388184
4.35110582522 1443.97131348
4.35738901053 1452.21435547
4.36367219584 1453.78308105
4.36995538114 1460.9342041
4.37623856645 1457.96838379
4.38252175176 1469.90893555
4.38880493706 1469.26794434
4.39508812237 1472.26745605
4.40137130768 1477.43249512
4.40765449299 1476.12121582
4.41393767829 1481.92456055
4.4202208636 1484.84289551
4.42650404891 1481.91271973
4.43278723422 1496.40209961
4.43907041952 1496.21203613
4.44535360483 1502.8737793
4.45163679014 1503.55688477
4.45791997544 1504.15930176
4.46420316075 1508.43383789
4.47048634606 1510.89331055
4.47676953137 1510.80908203
4.48305271667 1512.32470703
4.48933590198 1520.5970459
4.49561908729 1516.72192383
4.50190227259 1518.15771484
4.5081854579 1517.91003418
4.51446864321 1514.99023438
4.52075182852 1526.48986816
4.52703501382 1517.6394043
4.53331819913 1512.81665039
4.53960138444 1510.90063477
4.54588456974 1510.65405273
4.55216775505 1499.98400879
4.55845094036 1503.47741699
4.56473412567 1507.89550781
4.57101731097 1504.14465332
4.57730049628 1509.94335938
4.58358368159 1494.4732666
4.58986686689 1513.53027344
4.5961500522 1503.3782959
4.60243323751 1507.80517578
4.60871642282 1512.54101562
4.61499960812 1516.63134766
4.62128279343 1509.40893555
4.62756597874 1515.95983887
4.63384916404 1509.140625
4.64013234935 1521.98254395
4.64641553466 1518.55822754
4.65269871997 1521.41333008
4.65898190527 1529.47131348
4.66526509058 1527.61779785
4.67154827589 1528.18371582
4.6778314612 1529.16162109
4.6841146465 1536.83886719
4.69039783181 1539.92858887
4.69668101712 1532.01904297
4.70296420242 1539.37145996
4.70924738773 1550.77819824
4.71553057304 1548.0826416
4.72181375835 1558.14135742
4.72809694365 1540.46166992
4.73438012896 1556.35290527
4.74066331427 1562.66247559
4.74694649957 1551.18139648
4.75322968488 1573.32873535
4.75951287019 1578.14758301
4.7657960555 1574.14208984
4.7720792408 1570.57067871
4.77836242611 1597.31115723
4.78464561142 1588.90527344
4.79092879672 1589.36450195
4.79721198203 1596.16259766
4.80349516734 1612.39575195
4.80977835265 1609.73352051
4.81606153795 1615.58374023
4.82234472326 1604.84887695
4.82862790857 1632.38964844
4.83491109387 1634.19641113
4.84119427918 1634.78540039
4.84747746449 1629.96923828
4.8537606498 1645.86535645
4.8600438351 1665.43725586
4.86632702041 1643.18518066
4.87261020572 1654.81884766
4.87889339102 1666.74572754
4.88517657633 1681.32849121
4.89145976164 1690.18383789
4.89774294695 1688.0078125
4.90402613225 1683.85253906
4.91030931756 1699.0501709
4.91659250287 1701.83227539
4.92287568818 1715.40380859
4.92915887348 1728.1394043
4.93544205879 1730.83752441
4.9417252441 1735.60351562
4.9480084294 1749.04101562
4.95429161471 1737.36694336
4.96057480002 1756.22167969
4.96685798533 1768.53344727
4.97314117063 1767.83496094
4.97942435594 1800.34362793
4.98570754125 1784.77331543
4.99199072655 1796.70898438
4.99827391186 1798.10961914
5.00455709717 1840.36279297
5.01084028248 1810.42468262
5.01712346778 1834.66833496
5.02340665309 1837.43603516
5.0296898384 1835.34570312
5.0359730237 1864.00939941
5.04225620901 1874.41503906
5.04853939432 1891.06323242
5.05482257963 1900.17089844
5.06110576493 1905.13085938
5.06738895024 1925.03308105
5.07367213555 1934.04980469
5.07995532085 1928.79638672
5.08623850616 1934.93994141
5.09252169147 1960.32763672
5.09880487678 1991.25341797
5.10508806208 1958.15917969
5.11137124739 1994.03417969
5.1176544327 1991.87438965
5.123937618 2005.0994873
5.13022080331 2036.16516113
5.13650398862 2061.29638672
5.14278717393 2041.39697266
5.14907035923 2091.85400391
5.15535354454 2082.37036133
5.16163672985 2081.76245117
5.16791991516 2085.61425781
5.17420310046 2096.96801758
5.18048628577 2115.85205078
5.18676947108 2165.8984375
5.19305265638 2153.32763672
5.19933584169 2165.56518555
5.205619027 2158.0246582
5.21190221231 2247.11938477
5.21818539761 2250.32885742
5.22446858292 2250.98950195
5.23075176823 2300.36132812
5.23703495353 2296.47509766
5.24331813884 2297.5703125
5.24960132415 2294.49169922
5.25588450946 2378.45507812
5.26216769476 2408.35229492
5.26845088007 2413.42626953
5.27473406538 2357.51660156
5.28101725068 2425.27368164
5.28730043599 2471.06152344
5.2935836213 2434.83227539
5.29986680661 2514.11010742
5.30614999191 2569.38134766
5.31243317722 2531.01782227
5.31871636253 2584.39868164
5.32499954783 2550.18896484
5.33128273314 2530.26367188
5.33756591845 2654.07104492
5.34384910376 2585.69384766
5.35013228906 2702.32958984
5.35641547437 2651.05444336
5.36269865968 2724.20922852
5.36898184498 2716.96606445
5.37526503029 2787.68823242
5.3815482156 2821.64990234
5.38783140091 2846.82104492
5.39411458621 2783.16577148
5.40039777152 2890.0480957
5.40668095683 2956.01953125
5.41296414214 2874.21630859
5.41924732744 3059.28759766
5.42553051275 3061.58227539
5.43181369806 3155.79980469
5.43809688336 3024.93969727
5.44438006867 3362.74267578
5.45066325398 2965.22290039
5.45694643929 3305.75854492
5.46322962459 3233.66577148
5.4695128099 3325.17480469
5.47579599521 3324.99609375
5.48207918051 3341.64160156
5.48836236582 3539.43310547
5.49464555113 3317.41137695
5.50092873644 3667.72924805
5.50721192174 4372.42382812
5.51349510705 3765.61499023
5.51977829236 3993.78955078
5.52606147766 3762.83935547
5.53234466297 3581.24902344
5.53862784828 3602.19458008
5.54491103359 4777.95996094
5.55119421889 4276.00146484
5.5574774042 3683.48535156
5.56376058951 5127.02929688
5.57004377481 6181.08203125
