0.00942477796077 123667.429688
0.0157079632679 531371.875
0.0219911485751 30518.9941406
0.0282743338823 35902.7890625
0.0345575191895 -93645.7734375
0.0408407044967 -7905.39697266
0.0471238898038 18963.0410156
0.053407075111 91401.796875
0.0596902604182 13524.5800781
0.0659734457254 7369.63378906
0.0722566310326 46720.7929688
0.0785398163397 -27259.6035156
0.0848230016469 46615.6171875
0.0911061869541 35242.4453125
0.0973893722613 36387.9257812
0.103672557568 17101.9570312
0.109955742876 5319.19824219
0.116238928183 12554.0166016
0.12252211349 1729.31140137
0.128805298797 10240.0917969
0.135088484104 6521.53515625
0.141371669412 23825.203125
0.147654854719 11395.7333984
0.153938040026 10115.7333984
0.160221225333 14201.8759766
0.16650441064 5963.89453125
0.172787595947 10211.5673828
0.179070781255 5035.17480469
0.185353966562 4081.31054688
0.191637151869 9513.52636719
0.197920337176 7154.61865234
0.204203522483 7836.29345703
0.210486707791 9264.98339844
0.216769893098 1753.56347656
0.223053078405 2180.73339844
0.229336263712 3421.31665039
0.235619449019 1321.31750488
0.241902634326 6731.14160156
0.248185819634 6310.59228516
0.254469004941 7360.2421875
0.260752190248 1265.08776855
0.267035375555 6034.94921875
0.273318560862 5136.21875
0.279601746169 479.116455078
0.285884931477 -2462.08154297
0.292168116784 1839.08776855
0.298451302091 4378.48242188
0.304734487398 4421.14208984
0.311017672705 2253.20947266
0.317300858013 6284.27734375
0.32358404332 5278.96972656
0.329867228627 544.300170898
0.336150413934 2746.90405273
0.342433599241 2316.76391602
0.348716784548 3107.57788086
0.354999969856 4573.40087891
0.361283155163 2979.6862793
0.36756634047 3869.88574219
0.373849525777 244.437927246
0.380132711084 2663.22705078
0.386415896392 1633.1920166
0.392699081699 889.785522461
0.398982267006 977.372436523
0.405265452313 4497.7421875
0.41154863762 3756.43701172
0.417831822927 3068.4543457
0.424115008235 2627.71948242
0.430398193542 3007.16894531
0.436681378849 1647.82580566
0.442964564156 2927.43188477
0.449247749463 1903.3137207
0.455530934771 3927.87158203
0.461814120078 2252.84741211
0.468097305385 3501.23876953
0.474380490692 1407.89904785
0.480663675999 1845.77124023
0.486946861306 3662.02685547
0.493230046614 2813.27368164
0.499513231921 2838.61572266
0.505796417228 1142.45361328
0.512079602535 2071.64257812
0.518362787842 3320.68286133
0.524645973149 1671.09863281
0.530929158457 2771.14208984
0.537212343764 3401.4519043
0.543495529071 3051.71362305
0.549778714378 2004.3840332
0.556061899685 2460.82714844
0.562345084993 1645.49645996
0.5686282703 2137.26782227
0.574911455607 2417.48046875
0.581194640914 2304.27050781
0.587477826221 2466.1640625
0.593761011528 2232.01269531
0.600044196836 2262.45483398
0.606327382143 2547.07397461
0.61261056745 1627.55822754
0.618893752757 2446.08959961
0.625176938064 2039.64306641
0.631460123372 2420.62890625
0.637743308679 1902.21948242
0.644026493986 1880.16552734
0.650309679293 2745.24853516
0.6565928646 1739.28198242
0.662876049907 1782.99780273
0.669159235215 1861.99060059
0.675442420522 2530.23608398
0.681725605829 2038.18969727
0.688008791136 1152.17175293
0.694291976443 1861.78930664
0.700575161751 1969.83569336
0.706858347058 2098.01806641
0.713141532365 1219.75305176
0.719424717672 1979.6373291
0.725707902979 1736.84741211
0.731991088286 1866.65563965
0.738274273594 1440.77453613
0.744557458901 2466.21166992
0.750840644208 2511.08129883
0.757123829515 2165.5847168
0.763407014822 2249.67895508
0.769690200129 1358.36621094
0.775973385437 1448.06860352
0.782256570744 1547.20812988
0.788539756051 1547.55419922
0.794822941358 1136.0378418
0.801106126665 1647.59387207
0.807389311973 2032.24389648
0.81367249728 1919.24328613
0.819955682587 1593.72412109
0.826238867894 2104.76245117
0.832522053201 1745.93127441
0.838805238508 1945.49719238
0.845088423816 1859.78564453
0.851371609123 1839.34509277
0.85765479443 2263.5222168
0.863937979737 1058.53674316
0.870221165044 1850.02539062
0.876504350352 2119.26782227
0.882787535659 1643.99475098
0.889070720966 1489.48608398
0.895353906273 1732.64294434
0.90163709158 1536.44592285
0.907920276887 1679.51538086
0.914203462195 1555.0345459
0.920486647502 1107.04150391
0.926769832809 1726.11230469
0.933053018116 1572.56750488
0.939336203423 1596.48535156
0.945619388731 1766.80322266
0.951902574038 1509.0559082
0.958185759345 1289.73913574
0.964468944652 1363.32897949
0.970752129959 1475.85400391
0.977035315266 940.070373535
0.983318500574 1623.95068359
0.989601685881 1722.68237305
0.995884871188 1834.61889648
1.0021680565 1356.17553711
1.0084512418 1664.92407227
1.01473442711 1392.87585449
1.02101761242 1817.53222656
1.02730079772 1444.25610352
1.03358398303 1469.76062012
1.03986716834 1394.88000488
1.04615035365 1499.08190918
1.05243353895 1459.65808105
1.05871672426 1357.19958496
1.06499990957 1382.1619873
1.07128309487 1634.6159668
1.07756628018 1224.61816406
1.08384946549 1656.4576416
1.0901326508 1868.32226562
1.0964158361 1640.8046875
1.10269902141 1599.20715332
1.10898220672 1290.05249023
1.11526539202 1517.37609863
1.12154857733 1371.90856934
1.12783176264 1662.64050293
1.13411494795 1264.85534668
1.14039813325 1385.32006836
1.14668131856 1353.42578125
1.15296450387 1632.37658691
1.15924768917 1362.64929199
1.16553087448 1438.81970215
1.17181405979 1699.03149414
1.1780972451 1477.0078125
1.1843804304 1480.77282715
1.19066361571 1505.77636719
1.19694680102 1336.61645508
1.20322998632 1236.51904297
1.20951317163 1633.81542969
1.21579635694 1204.86328125
1.22207954225 1543.03649902
1.22836272755 1528.48266602
1.23464591286 1423.64526367
1.24092909817 1379.70349121
1.24721228348 1579.0411377
1.25349546878 1360.70153809
1.25977865409 1363.83251953
1.2660618394 1405.1739502
1.2723450247 1459.03527832
1.27862821001 1371.83166504
1.28491139532 1342.5300293
1.29119458063 1210.14709473
1.29747776593 1458.9095459
1.30376095124 1523.00646973
1.31004413655 1053.36560059
1.31632732185 1373.55493164
1.32261050716 1579.96936035
1.32889369247 1493.07617188
1.33517687778 1300.39001465
1.34146006308 1504.14794922
1.34774324839 1602.88110352
1.3540264337 1451.61291504
1.360309619 1218.87207031
1.36659280431 1440.5411377
1.37287598962 1272.41625977
1.37915917493 1311.56115723
1.38544236023 1252.94641113
1.39172554554 1225.3527832
1.39800873085 1237.16650391
1.40429191615 1386.35803223
1.41057510146 1508.89526367
1.41685828677 1373.86621094
1.42314147208 1378.11450195
1.42942465738 1246.53222656
1.43570784269 1457.0135498
1.441991028 1424.99926758
1.4482742133 1578.31591797
1.45455739861 1258.49743652
1.46084058392 1346.80786133
1.46712376923 1391.13684082
1.47340695453 1394.5526123
1.47969013984 1320.37316895
1.48597332515 1332.8704834
1.49225651046 1296.56506348
1.49853969576 1264.9654541
1.50482288107 1212.96008301
1.51110606638 1174.04699707
1.51738925168 1506.64343262
1.52367243699 1428.85473633
1.5299556223 1245.54418945
1.53623880761 1213.16918945
1.54252199291 1193.71508789
1.54880517822 1339.98718262
1.55508836353 1341.37658691
1.56137154883 1201.51550293
1.56765473414 1463.77441406
1.57393791945 1254.28503418
1.58022110476 1359.90136719
1.58650429006 1291.58618164
1.59278747537 1410.71838379
1.59907066068 1348.24023438
1.60535384598 1095.39648438
1.61163703129 1286.84057617
1.6179202166 1329.07653809
1.62420340191 1296.32775879
1.63048658721 1280.23840332
1.63676977252 1220.1484375
1.64305295783 1134.64819336
1.64933614313 1302.56774902
1.65561932844 1231.83435059
1.66190251375 1317.61853027
1.66818569906 1322.78808594
1.67446888436 1069.16625977
1.68075206967 1316.93151855
1.68703525498 1161.64770508
1.69331844028 1241.57299805
1.69960162559 1271.76904297
1.7058848109 1272.4095459
1.71216799621 1175.70739746
1.71845118151 1290.33422852
1.72473436682 1285.44445801
1.73101755213 1249.24975586
1.73730073744 1309.98632812
1.74358392274 1114.05786133
1.74986710805 1142.3848877
1.75615029336 1266.02148438
1.76243347866 1174.31933594
1.76871666397 1187.04516602
1.77499984928 1242.01318359
1.78128303459 1190.22912598
1.78756621989 1411.83825684
1.7938494052 1214.95715332
1.80013259051 1264.05200195
1.80641577581 1182.36791992
1.81269896112 1128.18762207
1.81898214643 1104.8079834
1.82526533174 1259.51745605
1.83154851704 1293.12890625
1.83783170235 1131.38464355
1.84411488766 1177.89160156
1.85039807296 1141.80786133
1.85668125827 1309.53991699
1.86296444358 1186.80834961
1.86924762889 1218.76159668
1.87553081419 1280.2532959
1.8818139995 1193.49475098
1.88809718481 1141.05651855
1.89438037011 1126.80895996
1.90066355542 1296.25830078
1.90694674073 1222.01086426
1.91322992604 1227.07678223
1.91951311134 1181.14294434
1.92579629665 1214.27062988
1.93207948196 1231.0324707
1.93836266726 1196.70678711
1.94464585257 1121.04248047
1.95092903788 1209.02282715
1.95721222319 1191.37231445
1.96349540849 1074.09533691
1.9697785938 1250.79211426
1.97606177911 1211.49841309
1.98234496442 1099.36938477
1.98862814972 1203.44128418
1.99491133503 1209.75402832
2.00119452034 1188.97045898
2.00747770564 1040.36877441
2.01376089095 1065.42272949
2.02004407626 1093.3449707
2.02632726157 1223.66333008
2.03261044687 1110.25097656
2.03889363218 967.081726074
2.04517681749 1106.14611816
2.05146000279 1006.70227051
2.0577431881 1138.58618164
2.06402637341 1176.72229004
2.07030955872 1057.48486328
2.07659274402 1068.27648926
2.08287592933 977.258422852
2.08915911464 1171.42944336
2.09544229994 1082.67333984
2.10172548525 942.055664062
2.10800867056 959.582946777
2.11429185587 1175.38928223
2.12057504117 1002.3404541
2.12685822648 1007.49176025
2.13314141179 1094.11474609
2.13942459709 1022.96289062
2.1457077824 1007.69512939
2.15199096771 993.211425781
2.15827415302 1030.55859375
2.16455733832 1034.41455078
2.17084052363 1023.19519043
2.17712370894 1038.42858887
2.18340689424 988.697387695
2.18969007955 1072.58276367
2.19597326486 990.394958496
2.20225645017 932.81652832
2.20853963547 1083.78833008
2.21482282078 996.506164551
2.22110600609 988.882568359
2.2273891914 1052.73083496
2.2336723767 885.28503418
2.23995556201 1099.06201172
2.24623874732 975.711730957
2.25252193262 1113.18347168
2.25880511793 1020.67041016
2.26508830324 971.583190918
2.27137148855 969.358764648
2.27765467385 954.676452637
2.28393785916 999.830505371
2.29022104447 946.180969238
2.29650422977 1054.6628418
2.30278741508 958.308532715
2.30907060039 1019.34814453
2.3153537857 1026.05004883
2.321636971 945.773803711
2.32792015631 925.661987305
2.33420334162 1064.41381836
2.34048652692 963.66217041
2.34676971223 984.719604492
2.35305289754 988.802185059
2.35933608285 942.651794434
2.36561926815 1030.64257812
2.37190245346 918.728942871
2.37818563877 1002.94219971
2.38446882407 1018.89074707
2.39075200938 989.337890625
2.39703519469 966.069702148
2.40331838 980.233947754
2.4096015653 936.497131348
2.41588475061 1107.70007324
2.42216793592 995.295043945
2.42845112122 1074.27612305
2.43473430653 983.556091309
2.44101749184 974.045166016
2.44730067715 1063.25427246
2.45358386245 1108.56591797
2.45986704776 905.528747559
2.46615023307 994.131225586
2.47243341838 1027.56689453
2.47871660368 1075.25256348
2.48499978899 924.181335449
2.4912829743 981.281677246
2.4975661596 978.763977051
2.50384934491 919.228515625
2.51013253022 920.666503906
2.51641571553 968.08013916
2.52269890083 1036.65600586
2.52898208614 971.227233887
2.53526527145 893.086669922
2.54154845675 1009.2243042
2.54783164206 911.573547363
2.55411482737 917.501342773
2.56039801268 859.355041504
2.56668119798 841.315124512
2.57296438329 1068.73596191
2.5792475686 1046.32495117
2.5855307539 954.271728516
2.59181393921 961.913513184
2.59809712452 919.133972168
2.60438030983 920.992370605
2.61066349513 836.692626953
2.61694668044 900.921264648
2.62322986575 866.963317871
2.62951305105 872.498046875
2.63579623636 911.49432373
2.64207942167 913.637573242
2.64836260698 1034.45996094
2.65464579228 999.43951416
2.66092897759 907.823730469
2.6672121629 884.589477539
2.6734953482 939.581787109
2.67977853351 911.188659668
2.68606171882 890.14465332
2.69234490413 843.207641602
2.69862808943 966.985656738
2.70491127474 1096.68005371
2.71119446005 1082.08764648
2.71747764536 885.295898438
2.72376083066 908.390686035
2.73004401597 948.077514648
2.73632720128 893.945617676
2.74261038658 911.901367188
2.74889357189 973.625244141
2.7551767572 992.131591797
2.76145994251 888.846557617
2.76774312781 946.055969238
2.77402631312 902.30670166
2.78030949843 923.090148926
2.78659268373 937.09197998
2.79287586904 956.72064209
2.79915905435 974.484130859
2.80544223966 891.554138184
2.81172542496 878.590759277
2.81800861027 904.45715332
2.82429179558 907.059143066
2.83057498088 974.200378418
2.83685816619 959.152404785
2.8431413515 867.076599121
2.84942453681 984.883728027
2.85570772211 831.319396973
2.86199090742 951.818481445
2.86827409273 994.507995605
2.87455727803 1016.73400879
2.88084046334 957.532043457
2.88712364865 895.040710449
2.89340683396 1068.11474609
2.89969001926 848.707946777
2.90597320457 841.192016602
2.91225638988 829.653686523
2.91853957518 824.99987793
2.92482276049 901.278564453
2.9311059458 871.972106934
2.93738913111 989.988830566
2.94367231641 997.903015137
2.94995550172 921.282958984
2.95623868703 919.550048828
2.96252187234 794.294555664
2.96880505764 1014.38146973
2.97508824295 918.067443848
2.98137142826 945.012573242
2.98765461356 951.856018066
2.99393779887 834.379150391
3.00022098418 1065.89465332
3.00650416949 921.171691895
3.01278735479 1004.62219238
3.0190705401 1025.25561523
3.02535372541 871.425048828
3.03163691071 1048.23156738
3.03792009602 869.23828125
3.04420328133 1061.61621094
3.05048646664 965.859863281
3.05676965194 881.497497559
3.06305283725 758.330932617
3.06933602256 931.053649902
3.07561920786 889.37512207
3.08190239317 1000.43450928
3.08818557848 961.418334961
3.09446876379 774.208251953
3.10075194909 911.160949707
3.1070351344 867.387084961
3.11331831971 1050.3614502
3.11960150501 935.290222168
3.12588469032 981.606262207
3.13216787563 1022.55194092
3.13845106094 760.537963867
3.14473424624 969.521606445
3.15101743155 935.006591797
3.15730061686 944.522644043
3.16358380216 865.04107666
3.16986698747 848.024108887
3.17615017278 909.49029541
3.18243335809 967.34161377
3.18871654339 858.877319336
3.1949997287 936.477783203
3.20128291401 956.297180176
3.20756609932 970.889465332
3.21384928462 929.081481934
3.22013246993 834.420471191
3.22641565524 806.917419434
3.23269884054 940.16595459
3.23898202585 950.356567383
3.24526521116 760.525268555
3.25154839647 1014.48712158
3.25783158177 935.644470215
3.26411476708 836.489990234
3.27039795239 881.376281738
3.27668113769 967.473937988
3.282964323 871.166992188
3.28924750831 910.631530762
3.29553069362 911.098754883
3.30181387892 1102.11096191
3.30809706423 985.653259277
3.31438024954 967.131408691
3.32066343484 942.30291748
3.32694662015 936.059448242
3.33322980546 959.385131836
3.33951299077 1029.59143066
3.34579617607 1055.25585938
3.35207936138 992.419799805
3.35836254669 952.602905273
3.36464573199 1011.48931885
3.3709289173 914.673828125
3.37721210261 938.97277832
3.38349528792 935.543457031
3.38977847322 940.475891113
3.39606165853 969.717102051
3.40234484384 968.348571777
3.40862802914 864.949829102
3.41491121445 1025.06884766
3.42119439976 756.731811523
3.42747758507 624.893066406
3.43376077037 794.496887207
3.44004395568 827.780212402
3.44632714099 796.300048828
3.4526103263 791.841064453
3.4588935116 852.661193848
3.46517669691 796.440612793
3.47145988222 857.58001709
3.47774306752 783.06048584
3.48402625283 669.375183105
3.49030943814 837.044250488
3.49659262345 753.721740723
3.50287580875 792.898742676
3.50915899406 797.332580566
3.51544217937 811.543579102
3.52172536467 722.177185059
3.52800854998 606.059814453
3.53429173529 541.638671875
3.5405749206 748.664550781
3.5468581059 758.262634277
3.55314129121 582.059326172
3.55942447652 680.926147461
3.56570766182 733.819396973
3.57199084713 647.642333984
3.57827403244 817.594787598
3.58455721775 716.736450195
3.59084040305 850.091369629
3.59712358836 674.906005859
3.60340677367 693.138000488
3.60968995897 681.566223145
3.61597314428 618.205688477
3.62225632959 805.11730957
3.6285395149 647.264892578
3.6348227002 667.249755859
3.64110588551 704.380981445
3.64738907082 774.373352051
3.65367225612 688.722290039
3.65995544143 666.721618652
3.66623862674 710.912658691
3.67252181205 804.533935547
3.67880499735 585.026306152
3.68508818266 762.586853027
3.69137136797 713.582458496
3.69765455328 606.964111328
3.70393773858 743.121276855
3.71022092389 786.600158691
3.7165041092 583.149597168
3.7227872945 787.752441406
3.72907047981 892.473144531
3.73535366512 593.282409668
3.74163685043 666.512695312
3.74792003573 714.243835449
3.75420322104 674.353759766
3.76048640635 702.556945801
3.76676959165 683.864318848
3.77305277696 811.225219727
3.77933596227 837.182189941
3.78561914758 648.640808105
3.79190233288 682.955627441
3.79818551819 667.590270996
3.8044687035 586.241088867
3.8107518888 606.928100586
3.81703507411 828.780578613
3.82331825942 790.137939453
3.82960144473 694.94140625
3.83588463003 736.375915527
3.84216781534 771.613708496
3.84845100065 557.05065918
3.85473418595 719.711669922
3.86101737126 684.668945312
3.86730055657 847.314453125
3.87358374188 740.664367676
3.87986692718 850.06854248
3.88615011249 841.826538086
3.8924332978 772.280517578
3.8987164831 848.781982422
3.90499966841 697.997131348
3.91128285372 840.317016602
3.91756603903 754.834289551
3.92384922433 730.362243652
3.93013240964 645.688598633
3.93641559495 646.821838379
3.94269878026 642.287231445
3.94898196556 761.13458252
3.95526515087 481.102050781
3.96154833618 580.309570312
3.96783152148 509.025421143
3.97411470679 448.578430176
3.9803978921 796.377685547
3.98668107741 766.680419922
3.99296426271 751.413635254
3.99924744802 506.091003418
4.00553063333 801.756103516
4.01181381863 809.195983887
4.01809700394 776.055969238
4.02438018925 812.348815918
4.03066337456 486.407318115
4.03694655986 689.696899414
4.04322974517 628.934814453
4.04951293048 765.122680664
4.05579611578 854.043212891
4.06207930109 822.729980469
4.0683624864 740.945373535
4.07464567171 809.813049316
4.08092885701 660.452636719
4.08721204232 558.894836426
4.09349522763 700.078796387
4.09977841293 737.349731445
4.10606159824 650.681945801
4.11234478355 620.484008789
4.11862796886 656.224304199
4.12491115416 673.296813965
4.13119433947 1065.80566406
4.13747752478 590.845703125
4.14376071008 700.843688965
4.15004389539 684.16998291
4.1563270807 439.645721436
4.16261026601 494.170928955
4.16889345131 767.090454102
4.17517663662 879.026123047
4.18145982193 533.686340332
4.18774300724 1005.94396973
4.19402619254 853.70489502
4.20030937785 627.250854492
4.20659256316 1029.37231445
4.21287574846 710.942687988
4.21915893377 798.620239258
4.22544211908 724.11138916
4.23172530439 743.884094238
4.23800848969 1033.04626465
4.244291675 901.190551758
4.25057486031 546.645751953
4.25685804561 987.304504395
4.26314123092 809.939941406
4.26942441623 437.441101074
4.27570760154 761.834411621
4.28199078684 594.885620117
4.28827397215 862.776367188
4.29455715746 819.299804688
4.30084034276 702.389404297
4.30712352807 995.717895508
4.31340671338 625.029174805
4.31968989869 867.237915039
4.32597308399 904.104980469
4.3322562693 744.738647461
4.33853945461 697.632080078
4.34482263991 754.371826172
4.35110582522 742.201477051
4.35738901053 519.710571289
4.36367219584 513.237792969
4.36995538114 482.704711914
4.37623856645 1110.38476562
4.38252175176 922.641418457
4.38880493706 712.313659668
4.39508812237 579.727661133
4.40137130768 663.276245117
4.40765449299 792.982543945
4.41393767829 907.473693848
4.4202208636 738.16015625
4.42650404891 616.539794922
4.43278723422 733.695861816
4.43907041952 1012.7756958
4.44535360483 682.504760742
4.45163679014 814.70098877
4.45791997544 326.296661377
4.46420316075 406.24520874
4.47048634606 630.60736084
4.47676953137 906.59942627
4.48305271667 305.243408203
4.48933590198 901.625427246
4.49561908729 591.775085449
4.50190227259 446.633331299
4.5081854579 -68.9160003662
4.51446864321 516.78729248
4.52075182852 761.885742188
4.52703501382 588.263427734
4.53331819913 82.6940765381
4.53960138444 1017.34521484
4.54588456974 723.756835938
4.55216775505 543.511047363
4.55845094036 651.285705566
4.56473412567 760.370544434
4.57101731097 686.272216797
4.57730049628 336.658630371
4.58358368159 809.920410156
4.58986686689 1103.97412109
4.5961500522 897.712158203
4.60243323751 497.528717041
4.60871642282 151.422576904
4.61499960812 351.223022461
4.62128279343 680.702270508
4.62756597874 413.106506348
4.63384916404 638.973327637
4.64013234935 703.903076172
4.64641553466 422.348144531
4.65269871997 354.080993652
4.65898190527 663.33203125
4.66526509058 658.123474121
4.67154827589 630.863464355
4.6778314612 403.909515381
4.6841146465 391.122650146
4.69039783181 577.917907715
4.69668101712 396.459869385
4.70296420242 532.570983887
4.70924738773 -225.09564209
4.71553057304 222.023422241
4.72181375835 101.098091125
4.72809694365 912.626464844
4.73438012896 545.234863281
4.74066331427 655.064941406
4.74694649957 667.407897949
4.75322968488 427.141662598
4.75951287019 462.38684082
4.7657960555 352.166168213
4.7720792408 442.9453125
4.77836242611 405.553619385
4.78464561142 326.580291748
4.79092879672 337.464111328
4.79721198203 625.425354004
4.80349516734 266.212219238
4.80977835265 -284.373596191
4.81606153795 416.842163086
4.82234472326 325.791503906
4.82862790857 150.37940979
4.83491109387 764.811584473
4.84119427918 -202.817474365
4.84747746449 484.976806641
4.8537606498 382.074859619
4.8600438351 1150.69372559
4.86632702041 314.123199463
4.87261020572 268.537963867
4.87889339102 545.454223633
4.88517657633 964.315063477
4.89145976164 830.8125
4.89774294695 -405.325836182
4.90402613225 379.248077393
4.91030931756 -528.964660645
4.91659250287 966.981140137
4.92287568818 -545.984680176
4.92915887348 -572.679382324
4.93544205879 553.940734863
4.9417252441 -116.319381714
4.9480084294 760.539855957
4.95429161471 34.8584747314
4.96057480002 518.572570801
4.96685798533 16.8060760498
4.97314117063 482.78729248
4.97942435594 215.959350586
4.98570754125 1257.02197266
4.99199072655 527.567260742
4.99827391186 1289.42260742
5.00455709717 1127.59362793
5.01084028248 -242.969833374
5.01712346778 248.307403564
5.02340665309 1730.75976562
5.0296898384 169.181411743
5.0359730237 89.8530502319
5.04225620901 -528.104675293
5.04853939432 -833.570129395
5.05482257963 263.022583008
5.06110576493 -653.031616211
5.06738895024 145.420257568
5.07367213555 -40.6898117065
5.07995532085 584.050170898
5.08623850616 1008.03649902
5.09252169147 1982.51062012
5.09880487678 623.063842773
5.10508806208 -591.510070801
5.11137124739 -281.886932373
5.1176544327 385.162322998
5.123937618 384.883605957
5.13022080331 329.432922363
5.13650398862 205.127548218
5.14278717393 940.508544922
5.14907035923 1677.91125488
5.15535354454 117.731880188
5.16163672985 -1371.81274414
5.16791991516 2150.69824219
5.17420310046 198.562332153
5.18048628577 679.265991211
5.18676947108 323.235137939
5.19305265638 -281.224517822
5.19933584169 558.981018066
5.205619027 597.754150391
5.21190221231 -131.801422119
5.21818539761 883.122619629
5.22446858292 235.881195068
5.23075176823 -1046.85400391
5.23703495353 1640.31176758
5.24331813884 213.213745117
5.24960132415 1223.00427246
5.25588450946 309.639587402
5.26216769476 1157.32397461
5.26845088007 -1188.02258301
5.27473406538 2622.47412109
5.28101725068 -25.9897079468
5.28730043599 543.815429688
5.2935836213 71.9947814941
5.29986680661 -430.851806641
5.30614999191 1520.13085938
5.31243317722 709.921203613
5.31871636253 -5143.27148438
5.32499954783 1140.32971191
5.33128273314 -50.6911849976
5.33756591845 24.6980457306
5.34384910376 1373.91003418
5.35013228906 3811.19433594
5.35641547437 3781.45800781
5.36269865968 -1459.37573242
5.36898184498 6502.69189453
5.37526503029 3942.57348633
5.3815482156 3039.66894531
5.38783140091 3871.31201172
5.39411458621 -433.585510254
5.40039777152 4029.30981445
5.40668095683 133.784851074
5.41296414214 -1671.76525879
5.41924732744 -3244.80151367
5.42553051275 2882.75024414
5.43181369806 4649.16162109
5.43809688336 4205.55175781
5.44438006867 4511.35839844
5.45066325398 5266.01367188
5.45694643929 1061.15625
5.46322962459 3224.77050781
5.4695128099 2432.01000977
5.47579599521 1360.39733887
5.48207918051 4557.72460938
5.48836236582 3577.59375
5.49464555113 1421.58520508
5.50092873644 -7595.59667969
5.50721192174 1696.20483398
5.51349510705 -1076.94055176
5.51977829236 18936.9589844
5.52606147766 6957.97460938
5.53234466297 7148.26757812
5.53862784828 225.64881897
5.54491103359 24360.140625
5.55119421889 -8086.02832031
5.5574774042 -20468.8242188
5.56376058951 -80147.9140625
5.57004377481 -110687.039062
