0.00942477796077 92767.796875
0.0157079632679 85108.8125
0.0219911485751 80382.3671875
0.0282743338823 70048.6640625
0.0345575191895 53883.4921875
0.0408407044967 43977.578125
0.0471238898038 38961.8125
0.053407075111 33299.078125
0.0596902604182 32781.953125
0.0659734457254 29072.8925781
0.0722566310326 27301.7675781
0.0785398163397 23608.6347656
0.0848230016469 20378.203125
0.0911061869541 18059.0488281
0.0973893722613 17767.9707031
0.103672557568 15579.59375
0.109955742876 14777.9433594
0.116238928183 14053.2978516
0.12252211349 12588.2373047
0.128805298797 12763.1220703
0.135088484104 11976.5849609
0.141371669412 11333.0957031
0.147654854719 10556.7441406
0.153938040026 10142.8769531
0.160221225333 9631.35742188
0.16650441064 9140.46484375
0.172787595947 8780.92382812
0.179070781255 8376.3515625
0.185353966562 7997.44628906
0.191637151869 7889.33251953
0.197920337176 7557.20117188
0.204203522483 7257.9453125
0.210486707791 7198.09570312
0.216769893098 6680.00878906
0.223053078405 6648.38330078
0.229336263712 6269.18359375
0.235619449019 6387.18896484
0.241902634326 6158.4765625
0.248185819634 5954.87402344
0.254469004941 5858.77197266
0.260752190248 5635.15625
0.267035375555 5520.13232422
0.273318560862 5617.78613281
0.279601746169 5296.38085938
0.285884931477 5321.56445312
0.292168116784 5156.76660156
0.298451302091 5034.79443359
0.304734487398 5066.8125
0.311017672705 4915.66845703
0.317300858013 4814.5
0.32358404332 4735.10888672
0.329867228627 4599.27783203
0.336150413934 4672.13818359
0.342433599241 4505.07373047
0.348716784548 4530.95458984
0.354999969856 4447.09326172
0.361283155163 4334.62353516
0.36756634047 4269.71044922
0.373849525777 4271.39160156
0.380132711084 4211.44824219
0.386415896392 4117.81054688
0.392699081699 4165.83740234
0.398982267006 4051.2121582
0.405265452313 3948.96606445
0.41154863762 3951.38745117
0.417831822927 3867.95996094
0.424115008235 3867.85668945
0.430398193542 3815.97607422
0.436681378849 3825.76904297
0.442964564156 3754.62353516
0.449247749463 3739.16430664
0.455530934771 3669.73120117
0.461814120078 3654.54638672
0.468097305385 3642.58154297
0.474380490692 3614.01635742
0.480663675999 3560.97094727
0.486946861306 3524.07714844
0.493230046614 3523.51196289
0.499513231921 3445.51025391
0.505796417228 3477.26708984
0.512079602535 3415.24047852
0.518362787842 3450.87646484
0.524645973149 3388.69580078
0.530929158457 3374.74560547
0.537212343764 3370.3581543
0.543495529071 3291.35668945
0.549778714378 3290.63305664
0.556061899685 3278.17919922
0.562345084993 3286.27270508
0.5686282703 3254.72631836
0.574911455607 3211.56494141
0.581194640914 3187.84521484
0.587477826221 3168.99023438
0.593761011528 3145.43823242
0.600044196836 3144.98095703
0.606327382143 3131.43481445
0.61261056745 3098.13452148
0.618893752757 3068.52734375
0.625176938064 3084.12524414
0.631460123372 3054.16918945
0.637743308679 3080.80859375
0.644026493986 3017.38232422
0.650309679293 3023.70654297
0.6565928646 2990.61938477
0.662876049907 2980.18847656
0.669159235215 2962.65942383
0.675442420522 2944.58837891
0.681725605829 2933.60791016
0.688008791136 2917.96850586
0.694291976443 2909.34790039
0.700575161751 2906.05273438
0.706858347058 2893.49536133
0.713141532365 2888.88793945
0.719424717672 2839.59960938
0.725707902979 2875.29272461
0.731991088286 2862.36865234
0.738274273594 2801.86523438
0.744557458901 2819.11206055
0.750840644208 2790.4621582
0.757123829515 2796.15112305
0.763407014822 2787.17260742
0.769690200129 2788.43310547
0.775973385437 2755.3503418
0.782256570744 2781.33691406
0.788539756051 2751.38647461
0.794822941358 2724.08740234
0.801106126665 2717.00170898
0.807389311973 2726.48535156
0.81367249728 2705.66870117
0.819955682587 2680.01611328
0.826238867894 2685.1809082
0.832522053201 2658.29638672
0.838805238508 2678.04003906
0.845088423816 2651.64160156
0.851371609123 2638.88476562
0.85765479443 2611.14575195
0.863937979737 2619.94458008
0.870221165044 2604.95581055
0.876504350352 2608.80493164
0.882787535659 2605.87158203
0.889070720966 2585.64941406
0.895353906273 2576.46069336
0.90163709158 2573.34814453
0.907920276887 2548.72045898
0.914203462195 2555.84301758
0.920486647502 2546.53466797
0.926769832809 2548.54101562
0.933053018116 2522.81787109
0.939336203423 2512.73754883
0.945619388731 2516.27368164
0.951902574038 2499.47314453
0.958185759345 2495.43554688
0.964468944652 2484.39135742
0.970752129959 2475.60302734
0.977035315266 2482.53417969
0.983318500574 2473.32373047
0.989601685881 2447.34057617
0.995884871188 2438.85302734
1.0021680565 2426.53173828
1.0084512418 2426.84790039
1.01473442711 2427.00927734
1.02101761242 2425.48193359
1.02730079772 2408.65136719
1.03358398303 2410.0534668
1.03986716834 2399.38110352
1.04615035365 2399.35131836
1.05243353895 2385.703125
1.05871672426 2379.04394531
1.06499990957 2370.1484375
1.07128309487 2369.05200195
1.07756628018 2354.64233398
1.08384946549 2342.59936523
1.0901326508 2327.43725586
1.0964158361 2340.40649414
1.10269902141 2339.29711914
1.10898220672 2324.06225586
1.11526539202 2323.78759766
1.12154857733 2307.5690918
1.12783176264 2308.22290039
1.13411494795 2296.67382812
1.14039813325 2282.12817383
1.14668131856 2276.80664062
1.15296450387 2272.55249023
1.15924768917 2269.5534668
1.16553087448 2268.11352539
1.17181405979 2255.53173828
1.1780972451 2257.88037109
1.1843804304 2243.97412109
1.19066361571 2234.74072266
1.19694680102 2240.54785156
1.20322998632 2223.36499023
1.20951317163 2212.49853516
1.21579635694 2221.86669922
1.22207954225 2214.71191406
1.22836272755 2216.04052734
1.23464591286 2202.25805664
1.24092909817 2193.94604492
1.24721228348 2198.02929688
1.25349546878 2186.17724609
1.25977865409 2173.71069336
1.2660618394 2164.38769531
1.2723450247 2158.73876953
1.27862821001 2155.76928711
1.28491139532 2160.48901367
1.29119458063 2142.04296875
1.29747776593 2146.26049805
1.30376095124 2136.07666016
1.31004413655 2140.26879883
1.31632732185 2130.50146484
1.32261050716 2112.08691406
1.32889369247 2113.00634766
1.33517687778 2112.22631836
1.34146006308 2109.13378906
1.34774324839 2103.30004883
1.3540264337 2085.06811523
1.360309619 2084.52368164
1.36659280431 2077.67138672
1.37287598962 2078.59448242
1.37915917493 2056.99853516
1.38544236023 2071.77563477
1.39172554554 2057.52050781
1.39800873085 2046.85058594
1.40429191615 2039.70373535
1.41057510146 2032.85205078
1.41685828677 2039.2701416
1.42314147208 2038.91223145
1.42942465738 2019.81787109
1.43570784269 2011.78063965
1.441991028 2019.84082031
1.4482742133 1997.03430176
1.45455739861 2002.15112305
1.46084058392 1998.51586914
1.46712376923 1995.00048828
1.47340695453 1998.7956543
1.47969013984 1982.90100098
1.48597332515 1979.03686523
1.49225651046 1973.75854492
1.49853969576 1968.70068359
1.50482288107 1969.4987793
1.51110606638 1964.38122559
1.51738925168 1957.76513672
1.52367243699 1949.93725586
1.5299556223 1943.11291504
1.53623880761 1946.77270508
1.54252199291 1936.74462891
1.54880517822 1931.90368652
1.55508836353 1930.60253906
1.56137154883 1923.07287598
1.56765473414 1913.23876953
1.57393791945 1908.73291016
1.58022110476 1911.1862793
1.58650429006 1902.23986816
1.59278747537 1894.8416748
1.59907066068 1895.05200195
1.60535384598 1891.95849609
1.61163703129 1878.45178223
1.6179202166 1889.03198242
1.62420340191 1878.00524902
1.63048658721 1873.46887207
1.63676977252 1867.5447998
1.64305295783 1854.47436523
1.64933614313 1859.06176758
1.65561932844 1851.15039062
1.66190251375 1845.3984375
1.66818569906 1839.47314453
1.67446888436 1838.53808594
1.68075206967 1827.40637207
1.68703525498 1825.32824707
1.69331844028 1819.36279297
1.69960162559 1815.00891113
1.7058848109 1808.8359375
1.71216799621 1808.16809082
1.71845118151 1811.10021973
1.72473436682 1805.86669922
1.73101755213 1792.77050781
1.73730073744 1795.46520996
1.74358392274 1784.10424805
1.74986710805 1783.46081543
1.75615029336 1776.34020996
1.76243347866 1775.63769531
1.76871666397 1770.89770508
1.77499984928 1756.5637207
1.78128303459 1765.55175781
1.78756621989 1748.13305664
1.7938494052 1752.76611328
1.80013259051 1746.52929688
1.80641577581 1739.81958008
1.81269896112 1741.48815918
1.81898214643 1736.29370117
1.82526533174 1731.88891602
1.83154851704 1725.94445801
1.83783170235 1722.36474609
1.84411488766 1713.67529297
1.85039807296 1714.40441895
1.85668125827 1717.76367188
1.86296444358 1703.63208008
1.86924762889 1698.74780273
1.87553081419 1694.53930664
1.8818139995 1688.57373047
1.88809718481 1691.57885742
1.89438037011 1688.21765137
1.90066355542 1680.47155762
1.90694674073 1681.76953125
1.91322992604 1672.55615234
1.91951311134 1665.46289062
1.92579629665 1664.40014648
1.93207948196 1660.99169922
1.93836266726 1654.74365234
1.94464585257 1656.29162598
1.95092903788 1654.18591309
1.95721222319 1643.99145508
1.96349540849 1639.63757324
1.9697785938 1636.96228027
1.97606177911 1630.24975586
1.98234496442 1625.12841797
1.98862814972 1626.47717285
1.99491133503 1622.43005371
2.00119452034 1618.32226562
2.00747770564 1612.29931641
2.01376089095 1607.3203125
2.02004407626 1606.08483887
2.02632726157 1596.20080566
2.03261044687 1597.53796387
2.03889363218 1599.6262207
2.04517681749 1590.7857666
2.05146000279 1585.44580078
2.0577431881 1583.48803711
2.06402637341 1575.94091797
2.07030955872 1574.13220215
2.07659274402 1569.27734375
2.08287592933 1569.50720215
2.08915911464 1565.5880127
2.09544229994 1559.47302246
2.10172548525 1561.47717285
2.10800867056 1554.36108398
2.11429185587 1551.75195312
2.12057504117 1545.35656738
2.12685822648 1544.94104004
2.13314141179 1540.14880371
2.13942459709 1539.08789062
2.1457077824 1532.04553223
2.15199096771 1530.42993164
2.15827415302 1525.99597168
2.16455733832 1521.75512695
2.17084052363 1520.84436035
2.17712370894 1516.27270508
2.18340689424 1512.58105469
2.18969007955 1509.54492188
2.19597326486 1509.93835449
2.20225645017 1501.72412109
2.20853963547 1502.48522949
2.21482282078 1496.55407715
2.22110600609 1495.53369141
2.2273891914 1494.61169434
2.2336723767 1482.60693359
2.23995556201 1481.28955078
2.24623874732 1478.98400879
2.25252193262 1475.89013672
2.25880511793 1473.27722168
2.26508830324 1468.91845703
2.27137148855 1467.92724609
2.27765467385 1461.7623291
2.28393785916 1458.86474609
2.29022104447 1459.94580078
2.29650422977 1458.87036133
2.30278741508 1451.8326416
2.30907060039 1445.35266113
2.3153537857 1445.33166504
2.321636971 1440.04223633
2.32792015631 1437.67822266
2.33420334162 1438.7277832
2.34048652692 1434.78479004
2.34676971223 1430.43139648
2.35305289754 1425.17663574
2.35933608285 1428.08288574
2.36561926815 1424.23425293
2.37190245346 1421.23144531
2.37818563877 1420.77185059
2.38446882407 1417.46557617
2.39075200938 1412.81274414
2.39703519469 1411.9251709
2.40331838 1404.41516113
2.4096015653 1404.79272461
2.41588475061 1397.59875488
2.42216793592 1399.52172852
2.42845112122 1394.60717773
2.43473430653 1394.73596191
2.44101749184 1396.18017578
2.44730067715 1390.69250488
2.45358386245 1389.25866699
2.45986704776 1384.79492188
2.46615023307 1381.3770752
2.47243341838 1379.00854492
2.47871660368 1374.8314209
2.48499978899 1374.29223633
2.4912829743 1371.31896973
2.4975661596 1370.99450684
2.50384934491 1369.42675781
2.51013253022 1365.91516113
2.51641571553 1363.1229248
2.52269890083 1357.89807129
2.52898208614 1359.3515625
2.53526527145 1354.72119141
2.54154845675 1353.37866211
2.54783164206 1351.50878906
2.55411482737 1346.015625
2.56039801268 1346.34729004
2.56668119798 1344.91540527
2.57296438329 1340.72192383
2.5792475686 1341.2208252
2.5855307539 1337.88867188
2.59181393921 1335.48474121
2.59809712452 1335.41381836
2.60438030983 1336.90136719
2.61066349513 1332.52685547
2.61694668044 1332.87390137
2.62322986575 1326.48608398
2.62951305105 1327.42614746
2.63579623636 1322.38977051
2.64207942167 1320.13696289
2.64836260698 1319.53283691
2.65464579228 1320.44189453
2.66092897759 1318.48364258
2.6672121629 1314.50292969
2.6734953482 1316.7286377
2.67977853351 1311.40209961
2.68606171882 1312.23474121
2.69234490413 1309.453125
2.69862808943 1306.64782715
2.70491127474 1306.47595215
2.71119446005 1305.4185791
2.71747764536 1300.82092285
2.72376083066 1304.04650879
2.73004401597 1300.89550781
2.73632720128 1297.82080078
2.74261038658 1300.4699707
2.74889357189 1299.62536621
2.7551767572 1299.17285156
2.76145994251 1296.15722656
2.76774312781 1293.48217773
2.77402631312 1291.2142334
2.78030949843 1293.83605957
2.78659268373 1290.21130371
2.79287586904 1291.13952637
2.79915905435 1285.19030762
2.80544223966 1288.27612305
2.81172542496 1281.6472168
2.81800861027 1283.58898926
2.82429179558 1286.36132812
2.83057498088 1285.07312012
2.83685816619 1283.63500977
2.8431413515 1282.44555664
2.84942453681 1282.02587891
2.85570772211 1282.27856445
2.86199090742 1277.74377441
2.86827409273 1282.06469727
2.87455727803 1278.57507324
2.88084046334 1278.94470215
2.88712364865 1277.22717285
2.89340683396 1283.20336914
2.89969001926 1277.53540039
2.90597320457 1276.27319336
2.91225638988 1279.02368164
2.91853957518 1276.18188477
2.92482276049 1277.34570312
2.9311059458 1275.0
2.93738913111 1275.19055176
2.94367231641 1272.79638672
2.94995550172 1274.84680176
2.95623868703 1276.0958252
2.96252187234 1273.19445801
2.96880505764 1274.47558594
2.97508824295 1275.3170166
2.98137142826 1275.68383789
2.98765461356 1276.76306152
2.99393779887 1276.1973877
3.00022098418 1277.52819824
3.00650416949 1276.87512207
3.01278735479 1279.74291992
3.0190705401 1279.99487305
3.02535372541 1280.56872559
3.03163691071 1279.82751465
3.03792009602 1281.06591797
3.04420328133 1284.56811523
3.05048646664 1284.03027344
3.05676965194 1283.26501465
3.06305283725 1285.16442871
3.06933602256 1285.0604248
3.07561920786 1287.4161377
3.08190239317 1289.85827637
3.08818557848 1292.1697998
3.09446876379 1289.55615234
3.10075194909 1293.72546387
3.1070351344 1294.67834473
3.11331831971 1295.10021973
3.11960150501 1296.02966309
3.12588469032 1299.99511719
3.13216787563 1298.15686035
3.13845106094 1304.90148926
3.14473424624 1303.36499023
3.15101743155 1306.55969238
3.15730061686 1308.6171875
3.16358380216 1310.28869629
3.16986698747 1308.17053223
3.17615017278 1313.4128418
3.18243335809 1315.00866699
3.18871654339 1317.71472168
3.1949997287 1320.46594238
3.20128291401 1323.59094238
3.20756609932 1325.06982422
3.21384928462 1329.58227539
3.22013246993 1329.79455566
3.22641565524 1328.9765625
3.23269884054 1327.61633301
3.23898202585 1326.29101562
3.24526521116 1324.71386719
3.25154839647 1321.4564209
3.25783158177 1321.40820312
3.26411476708 1321.01318359
3.27039795239 1317.82421875
3.27668113769 1317.63891602
3.282964323 1314.18212891
3.28924750831 1312.32678223
3.29553069362 1313.64782715
3.30181387892 1309.92980957
3.30809706423 1309.91662598
3.31438024954 1305.98083496
3.32066343484 1308.50231934
3.32694662015 1304.95361328
3.33322980546 1305.05639648
3.33951299077 1302.83544922
3.34579617607 1305.76831055
3.35207936138 1303.55212402
3.35836254669 1300.84350586
3.36464573199 1300.90734863
3.3709289173 1302.61303711
3.37721210261 1297.06262207
3.38349528792 1300.0390625
3.38977847322 1294.49731445
3.39606165853 1294.86755371
3.40234484384 1294.87097168
3.40862802914 1293.02233887
3.41491121445 1294.54516602
3.42119439976 1287.94189453
3.42747758507 1289.0994873
3.43376077037 1291.16625977
3.44004395568 1290.38415527
3.44632714099 1286.08520508
3.4526103263 1287.04931641
3.4588935116 1285.3001709
3.46517669691 1284.71289062
3.47145988222 1279.20739746
3.47774306752 1284.60205078
3.48402625283 1282.86706543
3.49030943814 1284.27490234
3.49659262345 1279.34606934
3.50287580875 1281.61071777
3.50915899406 1277.3347168
3.51544217937 1279.28649902
3.52172536467 1279.56616211
3.52800854998 1277.70117188
3.53429173529 1275.5880127
3.5405749206 1280.20251465
3.5468581059 1279.41333008
3.55314129121 1277.91796875
3.55942447652 1277.39538574
3.56570766182 1276.40307617
3.57199084713 1279.04138184
3.57827403244 1272.22021484
3.58455721775 1276.33581543
3.59084040305 1273.56054688
3.59712358836 1276.53320312
3.60340677367 1275.44152832
3.60968995897 1270.77368164
3.61597314428 1271.42492676
3.62225632959 1274.33105469
3.6285395149 1269.31994629
3.6348227002 1272.00134277
3.64110588551 1269.82971191
3.64738907082 1273.71679688
3.65367225612 1271.19909668
3.65995544143 1271.2166748
3.66623862674 1272.54431152
3.67252181205 1275.26965332
3.67880499735 1269.90551758
3.68508818266 1270.62121582
3.69137136797 1272.77282715
3.69765455328 1274.86413574
3.70393773858 1275.0411377
3.71022092389 1273.87902832
3.7165041092 1271.88183594
3.7227872945 1271.46044922
3.72907047981 1274.38110352
3.73535366512 1274.14013672
3.74163685043 1273.25268555
3.74792003573 1274.75537109
3.75420322104 1273.86572266
3.76048640635 1275.28686523
3.76676959165 1276.58312988
3.77305277696 1278.56677246
3.77933596227 1276.55639648
3.78561914758 1276.04150391
3.79190233288 1276.44128418
3.79818551819 1276.81079102
3.8044687035 1277.20788574
3.8107518888 1280.50585938
3.81703507411 1282.41918945
3.82331825942 1281.41345215
3.82960144473 1282.94702148
3.83588463003 1284.10534668
3.84216781534 1284.70605469
3.84845100065 1283.68859863
3.85473418595 1286.54272461
3.86101737126 1286.71032715
3.86730055657 1286.57641602
3.87358374188 1287.51721191
3.87986692718 1285.69006348
3.88615011249 1289.75512695
3.8924332978 1289.90246582
3.8987164831 1290.36279297
3.90499966841 1294.57897949
3.91128285372 1295.8125
3.91756603903 1295.11108398
3.92384922433 1299.97839355
3.93013240964 1302.56555176
3.93641559495 1302.25695801
3.94269878026 1303.55322266
3.94898196556 1303.44873047
3.95526515087 1304.78283691
3.96154833618 1304.46191406
3.96783152148 1307.78369141
3.97411470679 1311.70275879
3.9803978921 1313.15307617
3.98668107741 1317.22167969
3.99296426271 1313.79772949
3.99924744802 1321.42126465
4.00553063333 1318.14233398
4.01181381863 1322.33239746
4.01809700394 1325.04675293
4.02438018925 1325.66833496
4.03066337456 1327.71105957
4.03694655986 1329.13513184
4.04322974517 1333.7935791
4.04951293048 1336.64416504
4.05579611578 1342.50793457
4.06207930109 1340.75646973
4.0683624864 1342.75549316
4.07464567171 1342.93139648
4.08092885701 1345.98327637
4.08721204232 1348.94775391
4.09349522763 1349.19763184
4.09977841293 1354.02990723
4.10606159824 1354.33251953
4.11234478355 1360.44567871
4.11862796886 1360.57470703
4.12491115416 1361.80175781
4.13119433947 1369.1060791
4.13747752478 1372.95947266
4.14376071008 1371.75695801
4.15004389539 1371.11706543
4.1563270807 1377.23974609
4.16261026601 1380.72546387
4.16889345131 1388.13378906
4.17517663662 1388.75354004
4.18145982193 1390.84741211
4.18774300724 1392.86535645
4.19402619254 1400.17626953
4.20030937785 1401.22839355
4.20659256316 1410.22265625
4.21287574846 1405.7253418
4.21915893377 1411.90930176
4.22544211908 1414.91088867
4.23172530439 1416.80456543
4.23800848969 1424.18359375
4.244291675 1425.41809082
4.25057486031 1432.26086426
4.25685804561 1430.01220703
4.26314123092 1438.18713379
4.26942441623 1436.60253906
4.27570760154 1441.96337891
4.28199078684 1448.79626465
4.28827397215 1454.43310547
4.29455715746 1458.54528809
4.30084034276 1454.12512207
4.30712352807 1462.95080566
4.31340671338 1466.7947998
4.31968989869 1472.01403809
4.32597308399 1475.65856934
4.3322562693 1478.28747559
4.33853945461 1486.74060059
4.34482263991 1489.42468262
4.35110582522 1494.68005371
4.35738901053 1501.38574219
4.36367219584 1497.44787598
4.36995538114 1501.64733887
4.37623856645 1502.23962402
4.38252175176 1506.69580078
4.38880493706 1517.86621094
4.39508812237 1522.33447266
4.40137130768 1527.83105469
4.40765449299 1527.60534668
4.41393767829 1533.54467773
4.4202208636 1538.27612305
4.42650404891 1532.82592773
4.43278723422 1534.66357422
4.43907041952 1546.36535645
4.44535360483 1550.4017334
4.45163679014 1550.17199707
4.45791997544 1551.31848145
4.46420316075 1564.06530762
4.47048634606 1554.76672363
4.47676953137 1554.13537598
4.48305271667 1559.82116699
4.48933590198 1566.09716797
4.49561908729 1567.84875488
4.50190227259 1562.16833496
4.5081854579 1562.77038574
4.51446864321 1563.40710449
4.52075182852 1575.83837891
4.52703501382 1564.88330078
4.53331819913 1561.43481445
4.53960138444 1566.23974609
4.54588456974 1563.17919922
4.55216775505 1564.53918457
4.55845094036 1558.50830078
4.56473412567 1556.13513184
4.57101731097 1557.25671387
4.57730049628 1557.75891113
4.58358368159 1552.61413574
4.58986686689 1569.25610352
4.5961500522 1552.76660156
4.60243323751 1558.35083008
4.60871642282 1562.70214844
4.61499960812 1564.18029785
4.62128279343 1565.95446777
4.62756597874 1580.87658691
4.63384916404 1569.53186035
4.64013234935 1571.30212402
4.64641553466 1575.45874023
4.65269871997 1578.56652832
4.65898190527 1570.0057373
4.66526509058 1584.33337402
4.67154827589 1583.91247559
4.6778314612 1587.61340332
4.6841146465 1587.45056152
4.69039783181 1593.02734375
4.69668101712 1599.60046387
4.70296420242 1592.38256836
4.70924738773 1600.48742676
4.71553057304 1606.12072754
4.72181375835 1614.88659668
4.72809694365 1613.89416504
4.73438012896 1608.7364502
4.74066331427 1616.77832031
4.74694649957 1618.84753418
4.75322968488 1619.58374023
4.75951287019 1630.66638184
4.7657960555 1636.06018066
4.7720792408 1618.31994629
4.77836242611 1646.36303711
4.78464561142 1642.00720215
4.79092879672 1662.66796875
4.79721198203 1666.1697998
4.80349516734 1652.74304199
4.80977835265 1668.78662109
4.81606153795 1676.68701172
4.82234472326 1671.9407959
4.82862790857 1675.12841797
4.83491109387 1688.14953613
4.84119427918 1692.28173828
4.84747746449 1700.92956543
4.8537606498 1722.35388184
4.8600438351 1704.57507324
4.86632702041 1709.07995605
4.87261020572 1721.8380127
4.87889339102 1729.88964844
4.88517657633 1721.15014648
4.89145976164 1736.55578613
4.89774294695 1749.1875
4.90402613225 1744.09716797
4.91030931756 1775.57922363
4.91659250287 1761.56945801
4.92287568818 1776.27319336
4.92915887348 1778.33679199
4.93544205879 1794.00939941
4.9417252441 1794.2779541
4.9480084294 1791.81201172
4.95429161471 1808.90612793
4.96057480002 1814.08581543
4.96685798533 1836.00292969
4.97314117063 1836.03710938
4.97942435594 1836.73522949
4.98570754125 1856.56384277
4.99199072655 1862.64147949
4.99827391186 1889.40222168
5.00455709717 1891.5802002
5.01084028248 1899.94665527
5.01712346778 1928.3215332
5.02340665309 1910.02185059
5.0296898384 1939.1138916
5.0359730237 1932.3125
5.04225620901 1949.29931641
5.04853939432 1956.09692383
5.05482257963 1956.61364746
5.06110576493 1954.23461914
5.06738895024 1993.28479004
5.07367213555 1989.17199707
5.07995532085 2037.61877441
5.08623850616 2032.84912109
5.09252169147 2051.21777344
5.09880487678 2060.21289062
5.10508806208 2067.77563477
5.11137124739 2058.53637695
5.1176544327 2079.83325195
5.123937618 2078.0559082
5.13022080331 2110.43164062
5.13650398862 2115.59985352
5.14278717393 2180.01708984
5.14907035923 2173.57275391
5.15535354454 2166.54907227
5.16163672985 2208.07324219
5.16791991516 2213.02514648
5.17420310046 2210.27685547
5.18048628577 2235.73486328
5.18676947108 2302.70092773
5.19305265638 2285.95092773
5.19933584169 2243.58251953
5.205619027 2317.54858398
5.21190221231 2347.89941406
5.21818539761 2337.73388672
5.22446858292 2305.20239258
5.23075176823 2310.03149414
5.23703495353 2380.27612305
5.24331813884 2410.68798828
5.24960132415 2464.24438477
5.25588450946 2415.23242188
5.26216769476 2482.93432617
5.26845088007 2487.32397461
5.27473406538 2503.94750977
5.28101725068 2465.61206055
5.28730043599 2617.71289062
5.2935836213 2578.08886719
5.29986680661 2602.8215332
5.30614999191 2678.59350586
5.31243317722 2680.80029297
5.31871636253 2599.35913086
5.32499954783 2747.29541016
5.33128273314 2756.66088867
5.33756591845 2770.82080078
5.34384910376 2796.60742188
5.35013228906 2776.734375
5.35641547437 2856.05200195
5.36269865968 2860.37939453
5.36898184498 2903.48364258
5.37526503029 2903.01757812
5.3815482156 3004.16577148
5.38783140091 3067.16333008
5.39411458621 3051.78857422
5.40039777152 3083.59277344
5.40668095683 3186.14306641
5.41296414214 3257.66748047
5.41924732744 3152.65722656
5.42553051275 3210.74462891
5.43181369806 3182.53125
5.43809688336 3059.31884766
5.44438006867 3485.83764648
5.45066325398 3382.640625
5.45694643929 3386.53491211
5.46322962459 3337.02368164
5.4695128099 3504.83740234
5.47579599521 3414.77758789
5.48207918051 3721.96923828
5.48836236582 3544.80517578
5.49464555113 3495.89941406
5.50092873644 3807.92895508
5.50721192174 3782.33959961
5.51349510705 3956.36791992
5.51977829236 3510.12011719
5.52606147766 3634.48852539
5.53234466297 3947.05053711
5.53862784828 4207.61376953
5.54491103359 3582.94165039
5.55119421889 4274.47900391
5.5574774042 5601.45458984
5.56376058951 1848.64819336
5.57004377481 7189.56933594
