0.00942477796077 255994.03125 95155.171875
0.0157079632679 234233.28125 55935.6992188
0.0219911485751 226738.90625 35308.828125
0.0282743338823 210061.5 27471.9296875
0.0345575191895 171484.1875 18059.8046875
0.0408407044967 135714.03125 14534.3173828
0.0471238898038 118440.640625 10699.6455078
0.053407075111 108287.21875 9389.3671875
0.0596902604182 105704.625 7971.19384766
0.0659734457254 80330.875 6425.13232422
0.0722566310326 86693.375 6094.94775391
0.0785398163397 75815.21875 5190.68212891
0.0848230016469 56660.609375 4179.51513672
0.0911061869541 52353.015625 3914.48632812
0.0973893722613 54577.203125 3613.60839844
0.103672557568 47099.0 3300.57543945
0.109955742876 42587.625 2926.94384766
0.116238928183 41586.1953125 2794.07104492
0.12252211349 35981.4375 2505.46655273
0.128805298797 36277.984375 2403.37841797
0.135088484104 32753.2421875 2234.36376953
0.141371669412 31699.5546875 2110.21899414
0.147654854719 31446.2109375 2001.67492676
0.153938040026 30742.6796875 1941.1427002
0.160221225333 26114.8828125 1754.15734863
0.16650441064 25431.609375 1700.82104492
0.172787595947 23831.828125 1591.96496582
0.179070781255 19371.4765625 1516.43786621
0.185353966562 18497.3046875 1413.40734863
0.191637151869 17888.1875 1393.07617188
0.197920337176 17974.6328125 1314.88513184
0.204203522483 17984.3359375 1298.04064941
0.210486707791 17105.140625 1234.43103027
0.216769893098 12219.9921875 1150.83911133
0.223053078405 14099.453125 1136.41833496
0.229336263712 13137.4140625 1096.67407227
0.235619449019 12719.734375 1065.5201416
0.241902634326 12696.4765625 1034.04443359
0.248185819634 12812.234375 1007.08911133
0.254469004941 10841.0234375 970.117858887
0.260752190248 9276.46875 923.17755127
0.267035375555 7994.703125 894.468811035
0.273318560862 10350.125 888.60333252
0.279601746169 7867.1484375 851.976135254
0.285884931477 9667.1875 847.95690918
0.292168116784 6657.0234375 809.72442627
0.298451302091 6604.25 784.99041748
0.304734487398 8684.1484375 789.606201172
0.311017672705 8281.15625 766.334350586
0.317300858013 7190.234375 747.407958984
0.32358404332 7319.25 726.698486328
0.329867228627 5194.9453125 703.830993652
0.336150413934 7524.5390625 702.180664062
0.342433599241 5017.5234375 680.175048828
0.348716784548 7579.921875 676.700256348
0.354999969856 6619.8984375 663.628662109
0.361283155163 6051.8203125 648.513244629
0.36756634047 5444.625 628.837585449
0.373849525777 5334.015625 621.547485352
0.380132711084 5313.375 606.872741699
0.386415896392 4698.734375 596.665893555
0.392699081699 4470.5078125 586.354492188
0.398982267006 4964.078125 573.688659668
0.405265452313 2593.4921875 559.720275879
0.41154863762 3810.203125 549.075195312
0.417831822927 3119.046875 544.940185547
0.424115008235 3388.03125 533.93359375
0.430398193542 3499.734375 526.603149414
0.436681378849 3795.671875 522.132202148
0.442964564156 3383.0703125 513.033569336
0.449247749463 3487.4375 506.177307129
0.455530934771 3292.5859375 497.728881836
0.461814120078 2221.96875 481.210510254
0.468097305385 3285.609375 486.236083984
0.474380490692 3048.203125 474.354217529
0.480663675999 2371.7578125 468.016326904
0.486946861306 2436.6484375 460.996368408
0.493230046614 2232.015625 454.539703369
0.499513231921 2244.453125 448.591400146
0.505796417228 2205.6171875 443.481262207
0.512079602535 1503.8046875 433.262573242
0.518362787842 2305.2265625 430.490509033
0.524645973149 2351.484375 427.963287354
0.530929158457 2431.3984375 423.771850586
0.537212343764 2182.0625 415.223114014
0.543495529071 1792.015625 410.39276123
0.549778714378 1111.1484375 401.604034424
0.556061899685 992.484375 399.633026123
0.562345084993 2093.15625 394.933837891
0.5686282703 1355.25 390.139160156
0.574911455607 1153.0546875 385.177032471
0.581194640914 1395.484375 381.546356201
0.587477826221 232.6875 372.652160645
0.593761011528 1222.640625 373.277679443
0.600044196836 1545.421875 369.920623779
0.606327382143 1438.6953125 367.274871826
0.61261056745 961.8359375 359.382873535
0.618893752757 975.1171875 356.725860596
0.625176938064 384.9921875 350.655456543
0.631460123372 689.40625 349.098907471
0.637743308679 1476.359375 347.042053223
0.644026493986 527.5234375 341.821380615
0.650309679293 496.84375 336.980621338
0.6565928646 704.3359375 335.44354248
0.662876049907 528.921875 331.314056396
0.669159235215 780.4609375 329.557556152
0.675442420522 617.625 324.584289551
0.681725605829 390.671875 323.090270996
0.688008791136 760.703125 319.100524902
0.694291976443 -225.4609375 315.057556152
0.700575161751 673.9296875 312.749450684
0.706858347058 567.0234375 311.306976318
0.713141532365 5.3984375 305.788574219
0.719424717672 387.2890625 304.67565918
0.725707902979 59.3515625 300.794921875
0.731991088286 469.0703125 300.117828369
0.738274273594 179.6953125 296.002410889
0.744557458901 484.5078125 295.577758789
0.750840644208 2.515625 290.92779541
0.757123829515 -183.3203125 287.563964844
0.763407014822 -118.40625 285.438354492
0.769690200129 488.0546875 285.525238037
0.775973385437 212.765625 281.29019165
0.782256570744 502.234375 280.890533447
0.788539756051 291.921875 277.026885986
0.794822941358 -3.65625 276.392822266
0.801106126665 47.1640625 272.130523682
0.807389311973 267.0859375 271.575317383
0.81367249728 -301.5625 266.890960693
0.819955682587 -21.1640625 266.348968506
0.826238867894 246.65625 264.912139893
0.832522053201 -665.625 259.907073975
0.838805238508 -219.1171875 258.944091797
0.845088423816 -426.1875 258.283294678
0.851371609123 178.75 256.711151123
0.85765479443 -193.875 253.744735718
0.863937979737 -405.1640625 251.738571167
0.870221165044 -448.125 249.472900391
0.876504350352 -245.921875 248.708282471
0.882787535659 -472.28125 245.549560547
0.889070720966 -29.1796875 245.745544434
0.895353906273 -689.3828125 242.113861084
0.90163709158 46.8671875 241.779724121
0.907920276887 -283.6015625 240.118972778
0.914203462195 -326.015625 237.098800659
0.920486647502 -43.03125 237.636184692
0.926769832809 -48.28125 235.062454224
0.933053018116 -450.4453125 232.848236084
0.939336203423 -381.890625 230.973114014
0.945619388731 -361.4765625 230.675872803
0.951902574038 -228.21875 228.606140137
0.958185759345 -517.46875 226.928878784
0.964468944652 -306.671875 224.726806641
0.970752129959 -274.6640625 224.432281494
0.977035315266 77.0546875 223.714874268
0.983318500574 -311.453125 221.533218384
0.989601685881 -538.5234375 219.221832275
0.995884871188 -426.4375 217.949539185
1.0021680565 -599.6328125 216.340530396
1.0084512418 -605.7265625 215.42817688
1.01473442711 -378.59375 213.684951782
1.02101761242 -266.9609375 213.069137573
1.02730079772 -239.15625 212.08883667
1.03358398303 -283.5703125 210.37701416
1.03986716834 4.203125 209.852874756
1.04615035365 -174.578125 208.578659058
1.05243353895 -401.78125 206.279296875
1.05871672426 -713.828125 204.988525391
1.06499990957 -367.375 203.68812561
1.07128309487 -334.8515625 203.058944702
1.07756628018 -203.5 202.017425537
1.08384946549 -434.53125 200.515777588
1.0901326508 -897.96875 198.228759766
1.0964158361 -328.296875 198.275085449
1.10269902141 -471.53125 196.742156982
1.10898220672 -646.625 195.671340942
1.11526539202 -107.6796875 195.821640015
1.12154857733 -213.4765625 194.15512085
1.12783176264 -357.4296875 192.49029541
1.13411494795 -317.078125 191.715911865
1.14039813325 -159.828125 191.433654785
1.14668131856 -492.1875 189.19039917
1.15296450387 -742.1171875 187.301177979
1.15924768917 64.328125 188.75668335
1.16553087448 -586.1875 185.884567261
1.17181405979 -387.9609375 185.619293213
1.1780972451 15.3203125 184.813934326
1.1843804304 -407.078125 184.129226685
1.19066361571 -257.640625 182.58934021
1.19694680102 -350.5546875 182.069030762
1.20322998632 -520.8203125 179.772949219
1.20951317163 -606.1875 179.754638672
1.21579635694 -309.6171875 178.624923706
1.22207954225 -55.09375 178.698898315
1.22836272755 -88.3671875 177.255874634
1.23464591286 -305.7890625 176.14012146
1.24092909817 -3.5625 176.394943237
1.24721228348 -572.8125 173.742340088
1.25349546878 -444.3828125 173.202362061
1.25977865409 -408.3984375 172.551879883
1.2660618394 -254.921875 171.814193726
1.2723450247 -285.765625 171.203781128
1.27862821001 -226.8125 169.954467773
1.28491139532 -128.4296875 170.007110596
1.29119458063 -219.90625 168.158630371
1.29747776593 -143.8671875 168.255386353
1.30376095124 -78.1640625 167.281158447
1.31004413655 -167.890625 166.474304199
1.31632732185 -338.4765625 165.072799683
1.32261050716 -461.984375 164.254867554
1.32889369247 -292.8359375 163.797210693
1.33517687778 -88.2265625 163.367996216
1.34146006308 -146.265625 162.089401245
1.34774324839 48.546875 162.313873291
1.3540264337 -420.4453125 160.526733398
1.360309619 59.0625 160.542129517
1.36659280431 -284.4765625 159.337188721
1.37287598962 95.875 158.98840332
1.37915917493 114.484375 158.710723877
1.38544236023 52.3984375 157.677108765
1.39172554554 17.5 156.748580933
1.39800873085 -206.546875 155.891296387
1.40429191615 -205.09375 154.938217163
1.41057510146 -34.7421875 154.84173584
1.41685828677 81.140625 154.037109375
1.42314147208 196.75 154.04095459
1.42942465738 65.0078125 152.621994019
1.43570784269 388.375 152.812438965
1.441991028 369.671875 151.834350586
1.4482742133 58.671875 151.140563965
1.45455739861 301.15625 150.466323853
1.46084058392 123.2890625 149.671524048
1.46712376923 494.9921875 149.486236572
1.47340695453 209.8515625 148.686355591
1.47969013984 31.2734375 147.540252686
1.48597332515 186.5703125 147.264083862
1.49225651046 262.6015625 146.808410645
1.49853969576 209.5 146.295410156
1.50482288107 467.59375 145.596939087
1.51110606638 129.1015625 144.789276123
1.51738925168 352.21875 144.325317383
1.52367243699 365.2421875 143.889312744
1.5299556223 93.4375 142.706634521
1.53623880761 406.375 142.705169678
1.54252199291 247.671875 142.051269531
1.54880517822 440.4765625 141.789535522
1.55508836353 354.515625 140.669708252
1.56137154883 514.1953125 140.936050415
1.56765473414 193.84375 139.535507202
1.57393791945 481.328125 139.463272095
1.58022110476 456.4921875 138.76159668
1.58650429006 360.9609375 138.290603638
1.59278747537 705.84375 138.284835815
1.59907066068 688.09375 137.387832642
1.60535384598 548.1328125 136.819976807
1.61163703129 488.8125 136.33354187
1.6179202166 703.609375 136.026351929
1.62420340191 628.1328125 135.365890503
1.63048658721 380.46875 134.495559692
1.63676977252 343.8203125 133.894897461
1.64305295783 499.6484375 133.628112793
1.64933614313 690.7265625 133.563552856
1.65561932844 654.7734375 132.660568237
1.66190251375 420.3359375 132.125656128
1.66818569906 679.4609375 131.642349243
1.67446888436 626.5234375 131.586959839
1.68075206967 504.984375 130.621887207
1.68703525498 578.6796875 130.097488403
1.69331844028 869.5390625 130.132247925
1.69960162559 439.671875 129.406555176
1.7058848109 601.1484375 128.570709229
1.71216799621 871.5546875 128.924484253
1.71845118151 799.1953125 128.035583496
1.72473436682 769.7421875 127.872001648
1.73101755213 815.65625 127.291236877
1.73730073744 898.140625 126.797744751
1.74358392274 682.2890625 126.423988342
1.74986710805 896.59375 125.99924469
1.75615029336 975.7421875 125.658615112
1.76243347866 765.84375 124.991966248
1.76871666397 999.578125 124.792686462
1.77499984928 974.1171875 124.453788757
1.78128303459 981.6484375 123.770584106
1.78756621989 1152.734375 123.926116943
1.7938494052 941.3671875 122.785125732
1.80013259051 1015.28125 122.949714661
1.80641577581 1348.640625 122.587226868
1.81269896112 1147.125 122.187309265
1.81898214643 1017.6484375 121.293792725
1.82526533174 949.265625 120.927032471
1.83154851704 1145.9140625 120.760284424
1.83783170235 1343.8203125 120.624694824
1.84411488766 1093.5078125 119.728378296
1.85039807296 1152.671875 119.656837463
1.85668125827 1047.515625 118.928352356
1.86296444358 1399.53125 119.177886963
1.86924762889 1304.1015625 118.446998596
1.87553081419 1294.2421875 118.108299255
1.8818139995 1314.71875 117.810043335
1.88809718481 1460.4609375 117.611251831
1.89438037011 1444.59375 117.252090454
1.90066355542 1652.4609375 116.830322266
1.90694674073 1274.6875 116.231712341
1.91322992604 1457.6640625 116.125152588
1.91951311134 1612.0234375 115.701683044
1.92579629665 1415.1171875 115.307983398
1.93207948196 1641.0078125 114.925270081
1.93836266726 1676.6015625 115.089790344
1.94464585257 1867.53125 114.523979187
1.95092903788 1693.640625 114.113243103
1.95721222319 1785.1796875 113.727577209
1.96349540849 1754.0078125 113.467567444
1.9697785938 1705.0 113.021476746
1.97606177911 1545.5703125 112.319450378
1.98234496442 2068.7890625 112.749328613
1.98862814972 1820.3984375 112.138656616
1.99491133503 2042.9921875 111.995681763
2.00119452034 2030.3203125 111.665184021
2.00747770564 1876.8125 111.08984375
2.01376089095 1989.546875 110.995346069
2.02004407626 2057.515625 110.580383301
2.02632726157 2073.09375 110.180099487
2.03261044687 2119.6953125 110.013168335
2.03889363218 2040.25 109.744926453
2.04517681749 1957.1015625 109.047241211
2.05146000279 2164.9375 109.034576416
2.0577431881 2248.640625 108.802406311
2.06402637341 1984.9765625 108.206100464
2.07030955872 2100.25 107.913879395
2.07659274402 2314.109375 107.900978088
2.08287592933 2315.21875 107.736579895
2.08915911464 2495.03125 107.583816528
2.09544229994 2456.53125 106.943626404
2.10172548525 2342.0 106.835327148
2.10800867056 2411.203125 106.337661743
2.11429185587 2581.703125 106.346466064
2.12057504117 2403.203125 105.815605164
2.12685822648 2642.6171875 105.728477478
2.13314141179 2611.71875 105.387184143
2.13942459709 2849.703125 105.318771362
2.1457077824 2717.53125 104.921020508
2.15199096771 2882.6171875 104.932296753
2.15827415302 2830.3046875 104.24646759
2.16455733832 2906.296875 104.370063782
2.17084052363 3067.9375 103.943557739
2.17712370894 3078.4921875 103.959587097
2.18340689424 2744.28125 103.179496765
2.18969007955 2958.8828125 103.028945923
2.19597326486 3285.3671875 103.123847961
2.20225645017 3177.171875 102.802482605
2.20853963547 3077.5078125 102.350387573
2.21482282078 3307.921875 102.313270569
2.22110600609 3193.71875 101.804985046
2.2273891914 3384.046875 101.9584198
2.2336723767 3320.8359375 101.312309265
2.23995556201 3423.171875 101.387649536
2.24623874732 3478.1015625 101.02368927
2.25252193262 3742.875 101.132850647
2.25880511793 3763.328125 100.888717651
2.26508830324 3750.5546875 100.428749084
2.27137148855 3739.4375 100.360168457
2.27765467385 3824.640625 99.950302124
2.28393785916 3916.4375 99.8946304321
2.29022104447 4115.265625 99.879447937
2.29650422977 4052.1328125 99.3362731934
2.30278741508 4130.2421875 99.4936447144
2.30907060039 4053.6953125 98.8066940308
2.3153537857 4337.8203125 99.0577774048
2.321636971 4217.203125 98.4401168823
2.32792015631 4243.5 98.4496994019
2.33420334162 4473.078125 98.3892364502
2.34048652692 4617.7421875 98.1741485596
2.34676971223 4522.6796875 97.8163757324
2.35305289754 4527.609375 97.5794448853
2.35933608285 4688.4140625 97.5183563232
2.36561926815 4829.4296875 97.5353775024
2.37190245346 4717.6328125 96.8826599121
2.37818563877 5015.59375 97.1710205078
2.38446882407 4793.3046875 96.541595459
2.39075200938 4971.1015625 96.5828781128
2.39703519469 4995.9921875 96.35206604
2.40331838 5019.0859375 96.0327377319
2.4096015653 5135.4140625 95.8854064941
2.41588475061 5208.2890625 95.7741775513
2.42216793592 5316.421875 95.5382080078
2.42845112122 5554.8671875 95.7872924805
2.43473430653 5515.25 95.2624435425
2.44101749184 5531.75 95.1799697876
2.44730067715 5600.3671875 94.8154602051
2.45358386245 5733.3984375 94.9621582031
2.45986704776 5881.8203125 94.6642990112
2.46615023307 6050.6484375 94.6842803955
2.47243341838 6102.296875 94.5045318604
2.47871660368 6129.9375 94.3360443115
2.48499978899 6247.265625 94.1029434204
2.4912829743 6333.0859375 93.9777374268
2.4975661596 6422.265625 93.9334182739
2.50384934491 6516.3984375 93.6532058716
2.51013253022 6401.2109375 93.3530578613
2.51641571553 6604.3046875 93.3701324463
2.52269890083 6719.96875 93.1083602905
2.52898208614 6994.8984375 93.35962677
2.53526527145 7006.09375 92.9761886597
2.54154845675 7205.1640625 93.0255126953
2.54783164206 7236.4921875 92.7577438354
2.55411482737 7298.1328125 92.7526397705
2.56039801268 7391.2734375 92.4992370605
2.56668119798 7546.828125 92.3103027344
2.57296438329 7497.4453125 92.2015304565
2.5792475686 7754.03125 92.199256897
2.5855307539 7769.84375 91.8949279785
2.59181393921 8073.265625 92.092300415
2.59809712452 8205.4765625 91.9465713501
2.60438030983 8244.578125 91.8493881226
2.61066349513 8428.6953125 91.5930404663
2.61694668044 8418.0078125 91.5700836182
2.62322986575 8543.4765625 91.4376602173
2.62951305105 8531.8125 91.0657653809
2.63579623636 8734.5 91.1765518188
2.64207942167 8914.6875 91.0578842163
2.64836260698 9054.65625 91.0126571655
2.65464579228 9123.8125 90.7957687378
2.66092897759 9388.625 90.875793457
2.6672121629 9512.9609375 90.8639373779
2.6734953482 9772.7578125 90.6963348389
2.67977853351 9952.1875 90.8104553223
2.68606171882 9798.3046875 90.3798751831
2.69234490413 10255.484375 90.6905593872
2.69862808943 10223.0859375 90.4030838013
2.70491127474 10302.0078125 90.316986084
2.71119446005 10475.703125 90.2025756836
2.71747764536 10693.9140625 90.1891860962
2.72376083066 10893.28125 90.1365280151
2.73004401597 11025.2265625 90.0039596558
2.73632720128 11158.5546875 90.1314239502
2.74261038658 11376.953125 90.0117721558
2.74889357189 11484.859375 89.8042373657
2.7551767572 11649.3828125 89.9121246338
2.76145994251 12015.1640625 89.8899307251
2.76774312781 12030.7734375 89.8061065674
2.77402631312 12177.7109375 89.6733856201
2.78030949843 12343.53125 89.674621582
2.78659268373 12608.671875 89.7143859863
2.79287586904 12691.5234375 89.5841140747
2.79915905435 12945.28125 89.5037002563
2.80544223966 12992.21875 89.474395752
2.81172542496 13339.78125 89.4468231201
2.81800861027 13549.1796875 89.7432327271
2.82429179558 13635.125 89.2398910522
2.83057498088 14108.328125 89.6085739136
2.83685816619 14202.9453125 89.4950485229
2.8431413515 14364.7109375 89.4682846069
2.84942453681 14780.703125 89.6092147827
2.85570772211 14708.3671875 89.3520126343
2.86199090742 15082.75 89.5108032227
2.86827409273 15223.40625 89.4076004028
2.87455727803 15439.0625 89.3781280518
2.88084046334 15609.96875 89.3957519531
2.88712364865 15759.9609375 89.2638931274
2.89340683396 16087.53125 89.4601516724
2.89969001926 16440.828125 89.4911346436
2.90597320457 16514.5859375 89.4081878662
2.91225638988 16817.140625 89.3533706665
2.91853957518 17057.1328125 89.5006637573
2.92482276049 17255.984375 89.392539978
2.9311059458 17772.9609375 89.6561050415
2.93738913111 17692.5390625 89.4560775757
2.94367231641 18059.578125 89.5285186768
2.94995550172 18157.421875 89.3934326172
2.95623868703 18512.671875 89.6212463379
2.96252187234 18674.4453125 89.4130783081
2.96880505764 19112.3125 89.7042312622
2.97508824295 19389.0234375 89.7255554199
2.98137142826 19522.0625 89.6317596436
2.98765461356 19919.203125 89.7470016479
2.99393779887 20012.6796875 89.7076187134
3.00022098418 20672.7578125 90.0910644531
3.00650416949 20713.671875 89.884803772
3.01278735479 21200.5390625 90.0790863037
3.0190705401 21233.7578125 89.9739685059
3.02535372541 21595.109375 89.9841156006
3.03163691071 22078.609375 90.3115768433
3.03792009602 22307.9921875 90.1818313599
3.04420328133 22593.0078125 90.3554763794
3.05048646664 22754.8984375 90.2743759155
3.05676965194 23268.65625 90.5362701416
3.06305283725 23396.2734375 90.3620223999
3.06933602256 23983.7109375 90.7511520386
3.07561920786 24239.8203125 90.6500854492
3.08190239317 24467.8046875 90.8283691406
3.08818557848 24851.5703125 90.8010787964
3.09446876379 25179.5625 91.0013580322
3.10075194909 25628.890625 91.0308914185
3.1070351344 25926.7578125 91.2637023926
3.11331831971 26391.4453125 91.3148269653
3.11960150501 26753.6953125 91.5529251099
3.12588469032 27024.6328125 91.4374389648
3.13216787563 27449.828125 91.7087402344
3.13845106094 27770.9609375 91.7500762939
3.14473424624 28366.2734375 91.992980957
3.15101743155 28555.828125 92.0818939209
3.15730061686 29190.1328125 92.2943191528
3.16358380216 29399.25 92.2799072266
3.16986698747 29928.625 92.5866241455
3.17615017278 30377.46875 92.6075592041
3.18243335809 30786.90625 92.9483032227
3.18871654339 31049.8046875 92.7906723022
3.1949997287 31633.171875 93.158164978
3.20128291401 31895.6015625 93.1462402344
3.20756609932 32529.96875 93.5888214111
3.21384928462 32892.484375 93.4887924194
3.22013246993 33271.9453125 93.853302002
3.22641565524 33539.2421875 94.1020507812
3.23269884054 33549.953125 94.3008804321
3.23898202585 33833.71875 94.5004653931
3.24526521116 33746.734375 94.6145477295
3.25154839647 34039.40625 94.9069213867
3.25783158177 34142.625 95.0895233154
3.26411476708 34257.7109375 95.2489700317
3.27039795239 34476.0 95.594078064
3.27668113769 34535.2109375 95.6266860962
3.282964323 34650.359375 95.9074783325
3.28924750831 34875.7109375 96.1762466431
3.29553069362 34925.3125 96.3212432861
3.30181387892 35134.1796875 96.5297470093
3.30809706423 35189.4296875 96.8219680786
3.31438024954 35406.8203125 96.9792556763
3.32066343484 35644.0625 97.3529281616
3.32694662015 35943.078125 97.6854019165
3.33322980546 36130.375 97.8756408691
3.33951299077 36332.8046875 98.1926574707
3.34579617607 36428.7890625 98.4075241089
3.35207936138 36389.078125 98.4708633423
3.35836254669 36685.1953125 98.8815841675
3.36464573199 36631.234375 98.9391860962
3.3709289173 36854.84375 99.150718689
3.37721210261 37356.6015625 99.8139343262
3.38349528792 37379.671875 99.7934112549
3.38977847322 37649.0546875 100.23046875
3.39606165853 37507.4921875 100.279289246
3.40234484384 37911.9921875 100.685218811
3.40862802914 38277.7109375 101.190811157
3.41491121445 38326.8515625 101.14806366
3.42119439976 38435.5703125 101.636276245
3.42747758507 38606.421875 101.703895569
3.43376077037 38904.40625 102.154594421
3.44004395568 39058.046875 102.425971985
3.44632714099 39271.4296875 102.757591248
3.4526103263 39656.125 103.107925415
3.4588935116 39642.1171875 103.415046692
3.46517669691 40224.078125 103.872001648
3.47145988222 39970.9609375 103.909042358
3.47774306752 40319.0234375 104.249450684
3.48402625283 40469.765625 104.613922119
3.49030943814 40813.4453125 105.092521667
3.49659262345 41010.71875 105.205337524
3.50287580875 40983.046875 105.567008972
3.50915899406 41321.7265625 105.908500671
3.51544217937 41665.65625 106.335746765
3.52172536467 41686.3671875 106.537567139
3.52800854998 42181.921875 107.10761261
3.53429173529 42118.109375 107.209411621
3.5405749206 42447.9453125 107.560997009
3.5468581059 42823.6875 108.251899719
3.55314129121 42846.6328125 108.126670837
3.55942447652 43313.515625 108.992904663
3.56570766182 43372.7578125 109.087837219
3.57199084713 43688.1875 109.57043457
3.57827403244 43711.5 109.69140625
3.58455721775 44008.140625 110.223464966
3.59084040305 44247.171875 110.609039307
3.59712358836 44460.65625 110.9245224
3.60340677367 44703.921875 111.271499634
3.60968995897 45062.3125 111.92301178
3.61597314428 45408.421875 112.189659119
3.62225632959 45413.90625 112.574584961
3.6285395149 45943.1875 113.139862061
3.6348227002 46211.21875 113.552093506
3.64110588551 46411.953125 113.855415344
3.64738907082 46717.078125 114.396362305
3.65367225612 46934.046875 114.900756836
3.65995544143 47182.625 115.183883667
3.66623862674 47459.90625 115.631591797
3.67252181205 47825.328125 116.294670105
3.67880499735 48105.703125 116.632926941
3.68508818266 48651.9375 117.399833679
3.69137136797 48854.875 117.774612427
3.69765455328 49138.96875 118.228820801
3.70393773858 49306.0625 118.635643005
3.71022092389 49821.15625 119.272026062
3.7165041092 49774.03125 119.486053467
3.7227872945 50255.546875 120.179397583
3.72907047981 50453.515625 120.559555054
3.73535366512 51016.234375 121.351112366
3.74163685043 51196.53125 121.704177856
3.74792003573 51644.625 122.377998352
3.75420322104 52006.984375 122.842315674
3.76048640635 52280.671875 123.483566284
3.76676959165 52626.203125 124.058288574
3.77305277696 53043.0 124.730430603
3.77933596227 53403.546875 125.019340515
3.78561914758 53483.59375 125.725616455
3.79190233288 54384.375 126.580360413
3.79818551819 54313.28125 126.90940094
3.8044687035 55148.90625 127.90271759
3.8107518888 55280.5625 128.406143188
3.81703507411 55377.078125 128.682998657
3.82331825942 55841.984375 129.387481689
3.82960144473 56322.265625 130.139450073
3.83588463003 56496.265625 130.707000732
3.84216781534 57113.03125 131.381896973
3.84845100065 57283.25 132.043884277
3.85473418595 58120.65625 133.027709961
3.86101737126 58246.828125 133.537887573
3.86730055657 58629.90625 134.222961426
3.87358374188 59046.234375 134.831161499
3.87986692718 59300.84375 135.534713745
3.88615011249 59945.21875 136.274810791
3.8924332978 60343.734375 137.234802246
3.8987164831 60908.453125 137.919113159
3.90499966841 61307.640625 138.682235718
3.91128285372 61753.171875 139.681915283
3.91756603903 62232.671875 140.242843628
3.92384922433 62633.78125 141.127853394
3.93013240964 62948.71875 141.710662842
3.93641559495 63436.8125 142.774978638
3.94269878026 63949.5 143.339157104
3.94898196556 64320.203125 144.196746826
3.95526515087 64720.5625 145.070556641
3.96154833618 65672.78125 146.445098877
3.96783152148 65717.09375 146.723449707
3.97411470679 66321.9375 147.9246521
3.9803978921 66980.234375 148.852798462
3.98668107741 67397.453125 149.878158569
3.99296426271 67935.15625 150.526657104
3.99924744802 68440.390625 151.772323608
4.00553063333 69134.0 152.759002686
4.01181381863 69496.5625 153.620483398
4.01809700394 69866.609375 154.442321777
4.02438018925 70662.796875 155.754577637
4.03066337456 71154.46875 156.787353516
4.03694655986 72041.75 157.987960815
4.04322974517 72182.109375 158.657699585
4.04951293048 72935.25 160.080932617
4.05579611578 73604.71875 161.199661255
4.06207930109 74238.796875 162.530639648
4.0683624864 74381.515625 162.826217651
4.07464567171 74899.078125 164.375045776
4.08092885701 75796.59375 165.52947998
4.08721204232 76389.90625 166.676879883
4.09349522763 77042.46875 168.181472778
4.09977841293 77723.109375 169.355377197
4.10606159824 78474.046875 170.692764282
4.11234478355 79055.859375 172.003967285
4.11862796886 79479.203125 172.907424927
4.12491115416 80009.09375 174.486099243
4.13119433947 80667.3125 175.463272095
4.13747752478 81546.234375 177.20173645
4.14376071008 82290.015625 178.559066772
4.15004389539 82867.734375 179.930740356
4.1563270807 83744.71875 181.608306885
4.16261026601 84328.78125 182.831878662
4.16889345131 84881.296875 184.281799316
4.17517663662 85367.6875 185.511566162
4.18145982193 86393.125 187.285629272
4.18774300724 86707.0625 188.422042847
4.19402619254 87929.71875 190.778656006
4.20030937785 88479.21875 192.140975952
4.20659256316 89039.703125 193.247024536
4.21287574846 89729.640625 195.412948608
4.21915893377 90855.796875 197.054779053
4.22544211908 91594.0 198.852966309
4.23172530439 92356.640625 200.638641357
4.23800848969 93095.25 202.574157715
4.244291675 94026.515625 204.406463623
4.25057486031 94755.078125 205.8800354
4.25685804561 95140.796875 207.75112915
4.26314123092 96356.1875 210.030410767
4.26942441623 96563.109375 211.270492554
4.27570760154 97703.265625 213.657241821
4.28199078684 99006.578125 216.219055176
4.28827397215 99071.546875 217.470184326
4.29455715746 100226.5 219.703155518
4.30084034276 101112.140625 222.112243652
4.30712352807 101541.78125 223.767593384
4.31340671338 102828.390625 226.467712402
4.31968989869 103343.203125 228.650772095
4.32597308399 104785.828125 231.029937744
4.3322562693 105224.296875 233.223571777
4.33853945461 106012.78125 235.541610718
4.34482263991 106960.9375 237.78994751
4.35110582522 107561.671875 240.518112183
4.35738901053 108607.78125 242.590484619
4.36367219584 108946.25 244.781661987
4.36995538114 110174.875 247.690887451
4.37623856645 110868.171875 250.455978394
4.38252175176 111883.625 253.359954834
4.38880493706 112880.390625 255.641235352
4.39508812237 113380.765625 258.727966309
4.40137130768 114521.765625 261.390045166
4.40765449299 115201.375 264.326904297
4.41393767829 114958.03125 265.585754395
4.4202208636 117046.421875 270.136566162
4.42650404891 116531.3125 272.124145508
4.43278723422 118833.125 275.907318115
4.43907041952 119050.703125 279.508026123
4.44535360483 120103.0625 282.128814697
4.45163679014 120672.5625 285.712432861
4.45791997544 120928.0625 287.898406982
4.46420316075 121949.6875 291.520721436
4.47048634606 122218.40625 294.918670654
4.47676953137 123558.71875 298.608215332
4.48305271667 123726.75 301.506988525
4.48933590198 124925.375 305.930175781
4.49561908729 124990.5625 308.850524902
4.50190227259 124808.984375 311.633789062
4.5081854579 126162.0625 315.465820312
4.51446864321 126375.625 319.501251221
4.52075182852 126399.859375 322.471496582
4.52703501382 126795.96875 326.118225098
4.53331819913 127587.28125 330.438262939
4.53960138444 127677.53125 334.135467529
4.54588456974 127905.65625 338.231933594
4.55216775505 127357.953125 340.508117676
4.55845094036 127944.296875 344.648834229
4.56473412567 129259.65625 350.842254639
4.57101731097 129479.78125 354.096221924
4.57730049628 129694.46875 357.432739258
4.58358368159 130083.84375 361.660888672
4.58986686689 131053.0625 366.564971924
4.5961500522 131186.96875 370.106628418
4.60243323751 131680.953125 374.321380615
4.60871642282 133227.125 379.932037354
4.61499960812 133745.25 385.022949219
4.62128279343 133899.984375 387.88760376
4.62756597874 134083.203125 392.094482422
4.63384916404 134664.125 396.588745117
4.64013234935 135779.8125 402.569458008
4.64641553466 136567.125 406.882507324
4.65269871997 136780.65625 410.779815674
4.65898190527 137715.4375 416.696868896
4.66526509058 138951.921875 422.598449707
4.67154827589 139996.234375 427.869476318
4.6778314612 139688.859375 431.073791504
4.6841146465 141490.078125 439.278839111
4.69039783181 142003.75 443.537750244
4.69668101712 142706.765625 448.384552002
4.70296420242 143532.6875 455.349700928
4.70924738773 144524.796875 461.296356201
4.71553057304 144568.96875 464.336975098
4.72181375835 146152.390625 472.406097412
4.72809694365 146922.296875 478.468505859
4.73438012896 148691.6875 486.52923584
4.74066331427 148937.796875 490.439025879
4.74694649957 149251.8125 496.805267334
4.75322968488 151527.375 505.575134277
4.75951287019 152327.375 512.093933105
4.7657960555 153468.953125 519.535583496
4.7720792408 154369.921875 525.770751953
4.77836242611 155858.1875 534.582275391
4.78464561142 156843.5625 541.932373047
4.79092879672 157557.21875 547.055541992
4.79721198203 158294.96875 555.504516602
4.80349516734 159698.640625 564.84375
4.80977835265 161012.921875 571.522094727
4.81606153795 162184.984375 580.263793945
4.82234472326 162773.296875 587.676391602
4.82862790857 164103.15625 597.491516113
4.83491109387 165430.9375 603.58001709
4.84119427918 167168.28125 616.067077637
4.84747746449 168453.21875 625.926757812
4.8537606498 169976.234375 634.904968262
4.8600438351 170522.421875 641.710144043
4.86632702041 171743.46875 653.287536621
4.87261020572 173700.40625 663.961608887
4.87889339102 174615.4375 672.694152832
4.88517657633 177037.21875 685.760681152
4.89145976164 177891.71875 697.040649414
4.89774294695 178875.84375 706.277770996
4.90402613225 180636.59375 717.064941406
4.91030931756 181619.0625 728.366333008
4.91659250287 183980.59375 742.926330566
4.92287568818 183917.875 750.92388916
4.92915887348 186402.875 765.128540039
4.93544205879 187859.3125 776.440856934
4.9417252441 189465.0625 792.87878418
4.9480084294 191870.28125 807.967834473
4.95429161471 191673.59375 813.498046875
4.96057480002 194222.5 833.213378906
4.96685798533 197429.9375 854.584594727
4.97314117063 199503.46875 865.458984375
4.97942435594 200147.71875 877.795959473
4.98570754125 202515.34375 899.144165039
4.99199072655 203225.15625 912.99029541
4.99827391186 205918.5625 925.944702148
5.00455709717 207076.34375 944.50579834
5.01084028248 209231.5625 964.985534668
5.01712346778 211593.15625 985.85357666
5.02340665309 212965.96875 995.018798828
5.0296898384 214884.5 1019.00805664
5.0359730237 218336.59375 1045.18249512
5.04225620901 221653.6875 1067.31799316
5.04853939432 220040.875 1076.34448242
5.05482257963 224532.5 1105.47155762
5.06110576493 227403.21875 1138.35070801
5.06738895024 229250.375 1147.25598145
5.07367213555 232454.59375 1180.13049316
5.07995532085 234455.0625 1208.00744629
5.08623850616 234243.0 1222.53405762
5.09252169147 238389.25 1250.30151367
5.09880487678 241931.6875 1282.359375
5.10508806208 243536.9375 1314.34313965
5.11137124739 245777.59375 1339.78198242
5.1176544327 248120.28125 1362.17114258
5.123937618 250996.0625 1400.22131348
5.13022080331 254828.8125 1439.75
5.13650398862 258234.71875 1471.83959961
5.14278717393 259832.90625 1496.09265137
5.14907035923 262559.8125 1544.32629395
5.15535354454 263537.0625 1580.50476074
5.16163672985 267603.03125 1600.01965332
5.16791991516 271127.15625 1649.89001465
5.17420310046 273911.21875 1697.49450684
5.18048628577 278461.65625 1753.82897949
5.18676947108 280260.3125 1772.35864258
5.19305265638 282057.75 1823.72753906
5.19933584169 286999.0 1886.08398438
5.205619027 291592.15625 1937.62255859
5.21190221231 293037.8125 1972.21142578
5.21818539761 297490.28125 2043.68981934
5.22446858292 296480.78125 2092.81494141
5.23075176823 300245.875 2118.78881836
5.23703495353 312072.875 2231.12524414
5.24331813884 308993.15625 2284.3684082
5.24960132415 318315.28125 2395.88842773
5.25588450946 320184.0625 2400.73583984
5.26216769476 321332.6875 2471.90380859
5.26845088007 326416.53125 2597.55615234
5.27473406538 334660.5 2701.54931641
5.28101725068 332658.6875 2698.48803711
5.28730043599 342432.5 2852.61938477
5.2935836213 345110.78125 2957.24829102
5.29986680661 345770.875 3025.90917969
5.30614999191 353492.90625 3122.60205078
5.31243317722 357457.875 3248.79272461
5.31871636253 358094.25 3381.56860352
5.32499954783 366798.09375 3452.26611328
5.33128273314 364017.71875 3551.72119141
5.33756591845 373409.09375 3772.07226562
5.34384910376 375103.21875 3920.2956543
5.35013228906 379609.5625 3897.31420898
5.35641547437 393316.78125 4263.44970703
5.36269865968 395792.0625 4488.89501953
5.36898184498 403156.1875 4640.71191406
5.37526503029 407476.9375 4645.94726562
5.3815482156 415522.90625 5096.46386719
5.38783140091 419734.59375 5485.7109375
5.39411458621 429822.96875 5478.06591797
5.40039777152 436896.0 5651.63134766
5.40668095683 434922.875 6126.11767578
5.41296414214 425140.21875 6619.52294922
5.41924732744 454546.46875 6507.38085938
5.42553051275 462474.40625 6937.12255859
5.43181369806 466885.53125 7740.57080078
5.43809688336 459208.03125 8616.26171875
5.44438006867 478921.15625 7981.53369141
5.45066325398 481969.90625 8654.00878906
5.45694643929 483643.71875 9881.49609375
5.46322962459 482763.84375 11133.0712891
5.4695128099 480696.59375 9956.62207031
5.47579599521 521031.15625 11548.2773438
5.48207918051 503486.03125 13570.2509766
5.48836236582 522034.03125 15190.2441406
5.49464555113 529024.625 14316.703125
5.50092873644 538138.625 16015.7890625
5.50721192174 564428.875 24678.1445312
5.51349510705 571624.125 20386.7773438
5.51977829236 545281.375 21767.21875
5.52606147766 521720.59375 24294.3027344
5.53234466297 613527.375 44944.8085938
5.53862784828 540276.75 32883.1015625
5.54491103359 654042.125 49082.8632812
5.55119421889 553916.75 57564.3554688
5.5574774042 692029.5 135627.796875
5.56376058951 611840.5 132085.984375
5.57004377481 945937.625 552177.9375
