0.00942477796077 618380.375 531702.8125
0.0157079632679 403248.875 296271.5
0.0219911485751 377069.375 188538.9375
0.0282743338823 351235.625 152536.734375
0.0345575191895 411870.75 119471.554688
0.0408407044967 356100.875 107947.398438
0.0471238898038 392142.875 88021.84375
0.053407075111 213963.75 72694.046875
0.0596902604182 328283.375 67267.5390625
0.0659734457254 213106.875 58017.8710938
0.0722566310326 205339.875 52749.0195312
0.0785398163397 238846.75 48990.3554688
0.0848230016469 220974.375 44183.3398438
0.0911061869541 214169.5 42468.9023438
0.0973893722613 108549.875 35895.0625
0.103672557568 169878.5 36121.1132812
0.109955742876 157788.75 32873.609375
0.116238928183 182439.5 32160.7382812
0.12252211349 116832.5 28816.5214844
0.128805298797 77593.5 26811.5039062
0.135088484104 142816.625 26875.1035156
0.141371669412 102747.25 24895.2246094
0.147654854719 151749.875 24492.6191406
0.153938040026 117559.75 23330.5273438
0.160221225333 103477.375 21726.8066406
0.16650441064 63299.125 20586.8066406
0.172787595947 106243.5 20163.4414062
0.179070781255 116308.25 20154.8671875
0.185353966562 47864.875 18024.8496094
0.191637151869 86707.25 18384.0820312
0.197920337176 73045.0 17166.9570312
0.204203522483 79234.375 17021.9316406
0.210486707791 87045.0 16416.9042969
0.216769893098 101165.125 16221.6826172
0.223053078405 51000.75 15157.5400391
0.229336263712 66733.5 14939.9697266
0.235619449019 56562.375 14467.7255859
0.241902634326 40581.0 13878.0136719
0.248185819634 54889.375 13644.8164062
0.254469004941 29397.125 13155.9394531
0.260752190248 18082.875 12614.2412109
0.267035375555 47087.25 12659.5546875
0.273318560862 34842.875 12160.8769531
0.279601746169 40901.625 12018.8466797
0.285884931477 70265.375 11996.9462891
0.292168116784 47451.0 11626.8164062
0.298451302091 40803.375 11222.3173828
0.304734487398 56110.5 11169.3623047
0.311017672705 21656.25 10609.1328125
0.317300858013 33016.875 10556.8974609
0.32358404332 8759.625 10063.6474609
0.329867228627 17258.125 10036.1386719
0.336150413934 19914.0 9785.79394531
0.342433599241 15845.875 9707.07519531
0.348716784548 16295.5 9399.31054688
0.354999969856 29641.125 9406.68457031
0.361283155163 35845.875 9291.69238281
0.36756634047 22359.0 8977.25488281
0.373849525777 36025.125 8975.70214844
0.380132711084 17683.375 8645.28417969
0.386415896392 36662.625 8680.16601562
0.392699081699 23155.625 8464.92382812
0.398982267006 12293.375 8169.97558594
0.405265452313 12901.5 8185.53515625
0.41154863762 21879.875 7976.61230469
0.417831822927 13315.75 7925.46142578
0.424115008235 16361.125 7760.27050781
0.430398193542 5728.0 7582.48242188
0.436681378849 22590.375 7590.49707031
0.442964564156 15586.125 7452.52050781
0.449247749463 14111.5 7336.2109375
0.455530934771 10926.5 7211.77734375
0.461814120078 4927.75 7023.69677734
0.468097305385 11608.625 7049.46728516
0.474380490692 16665.75 6921.9296875
0.480663675999 18029.25 6888.21484375
0.486946861306 14056.125 6759.52099609
0.493230046614 1743.875 6617.46386719
0.499513231921 23514.125 6639.27050781
0.505796417228 10821.0 6503.45703125
0.512079602535 12324.875 6411.28857422
0.518362787842 4139.625 6273.74511719
0.524645973149 12589.25 6274.11816406
0.530929158457 18764.25 6236.35351562
0.537212343764 17866.375 6123.43798828
0.543495529071 23465.875 6104.61572266
0.549778714378 2701.625 5925.45410156
0.556061899685 15811.375 5963.79394531
0.562345084993 3842.875 5767.93212891
0.5686282703 17987.375 5807.83447266
0.574911455607 4124.875 5686.59570312
0.581194640914 -3078.75 5586.50048828
0.587477826221 16223.25 5611.296875
0.593761011528 9875.25 5530.88085938
0.600044196836 8829.875 5456.81689453
0.606327382143 9178.75 5425.76660156
0.61261056745 8196.125 5333.91992188
0.618893752757 6900.875 5288.43994141
0.625176938064 2465.875 5215.73779297
0.631460123372 839.25 5168.10888672
0.637743308679 6325.625 5113.50732422
0.644026493986 6189.125 5090.59130859
0.650309679293 4436.625 5013.51513672
0.6565928646 2204.125 4970.32275391
0.662876049907 2806.5 4921.24121094
0.669159235215 1644.25 4876.77978516
0.675442420522 3672.5 4819.60791016
0.681725605829 -6723.875 4771.47460938
0.688008791136 -710.625 4714.54589844
0.694291976443 1651.125 4716.22265625
0.700575161751 3663.0 4640.86474609
0.706858347058 3643.375 4625.02392578
0.713141532365 253.625 4560.43212891
0.719424717672 -3711.625 4510.18847656
0.725707902979 6408.625 4504.42480469
0.731991088286 -746.5 4448.73046875
0.738274273594 3604.5 4417.03271484
0.744557458901 -6375.75 4361.66113281
0.750840644208 -3067.25 4327.85400391
0.757123829515 -8007.375 4270.61523438
0.763407014822 2199.125 4269.38037109
0.769690200129 1606.375 4239.17480469
0.775973385437 -4447.25 4169.9609375
0.782256570744 -1039.875 4161.20214844
0.788539756051 968.5 4120.20996094
0.794822941358 4403.75 4135.63330078
0.801106126665 4455.875 4069.64453125
0.807389311973 2287.5 4044.37695312
0.81367249728 6419.875 4013.36425781
0.819955682587 -6096.5 3954.02929688
0.826238867894 -3376.375 3928.89111328
0.832522053201 -5133.625 3890.06420898
0.838805238508 -5391.5 3854.96264648
0.845088423816 637.5 3872.27978516
0.851371609123 -5706.25 3803.37084961
0.85765479443 -3283.75 3782.61572266
0.863937979737 -7487.875 3749.64794922
0.870221165044 -7737.875 3717.02294922
0.876504350352 -2195.625 3712.87426758
0.882787535659 -5150.25 3666.9230957
0.889070720966 -5672.75 3649.69702148
0.895353906273 -1065.875 3636.14599609
0.90163709158 -5720.625 3587.53271484
0.907920276887 -5198.625 3577.89697266
0.914203462195 -3473.625 3539.3359375
0.920486647502 -5116.75 3531.34057617
0.926769832809 -1267.125 3503.70068359
0.933053018116 -2602.125 3483.21899414
0.939336203423 -6792.5 3441.27490234
0.945619388731 -12645.125 3420.47143555
0.951902574038 -4717.0 3405.44604492
0.958185759345 -3676.375 3394.48242188
0.964468944652 -13566.375 3327.76855469
0.970752129959 -3867.625 3347.25415039
0.977035315266 1317.25 3336.39868164
0.983318500574 -7102.5 3297.15917969
0.989601685881 -8459.125 3267.8815918
0.995884871188 -5585.875 3251.93994141
1.0021680565 -6702.25 3231.60375977
1.0084512418 -5428.875 3221.37402344
1.01473442711 -11525.25 3171.91455078
1.02101761242 -13049.5 3154.96655273
1.02730079772 -14024.125 3137.06542969
1.03358398303 -9480.375 3124.34912109
1.03986716834 -10096.25 3104.78369141
1.04615035365 -7847.625 3097.67529297
1.05243353895 -11521.875 3062.8125
1.05871672426 -11274.75 3055.22900391
1.06499990957 -9905.125 3026.93652344
1.07128309487 -1835.625 3035.34228516
1.07756628018 -4985.875 3007.8840332
1.08384946549 -3881.25 2996.04077148
1.0901326508 -6868.5 2970.92407227
1.0964158361 -9025.875 2947.17724609
1.10269902141 -7163.875 2933.45703125
1.10898220672 -9593.5 2917.90063477
1.11526539202 -6506.375 2908.99902344
1.12154857733 -13110.625 2872.99536133
1.12783176264 -7708.5 2865.07641602
1.13411494795 -9856.875 2847.47705078
1.14039813325 -8100.25 2842.00976562
1.14668131856 -1065.125 2834.85522461
1.15296450387 -2698.75 2811.12670898
1.15924768917 -6659.875 2798.18041992
1.16553087448 -4011.125 2782.01660156
1.17181405979 -2251.125 2775.46313477
1.1780972451 -10286.0 2733.57983398
1.1843804304 -4955.125 2748.04614258
1.19066361571 -193.375 2730.38720703
1.19694680102 -6507.0 2712.27099609
1.20322998632 -4496.875 2687.50756836
1.20951317163 -2823.875 2693.36376953
1.21579635694 -6865.5 2658.97094727
1.22207954225 -4545.125 2657.05761719
1.22836272755 -7695.375 2630.19091797
1.23464591286 -5387.375 2624.8671875
1.24092909817 -4723.375 2620.88720703
1.24721228348 -701.125 2606.53637695
1.25349546878 -4209.625 2587.57080078
1.25977865409 -2134.25 2580.9140625
1.2660618394 -3301.375 2563.02880859
1.2723450247 2681.875 2566.63110352
1.27862821001 -388.0 2540.16650391
1.28491139532 342.125 2539.50610352
1.29119458063 -4997.625 2504.20288086
1.29747776593 -147.375 2512.83813477
1.30376095124 -978.625 2494.80419922
1.31004413655 -755.875 2485.76025391
1.31632732185 -403.875 2470.34985352
1.32261050716 269.875 2462.89086914
1.32889369247 -620.875 2449.56152344
1.33517687778 -2420.75 2434.01757812
1.34146006308 -1093.875 2419.05371094
1.34774324839 -2100.75 2415.11230469
1.3540264337 1798.0 2408.66650391
1.360309619 -1789.75 2389.03491211
1.36659280431 -1372.125 2381.25439453
1.37287598962 -65.625 2368.05883789
1.37915917493 1755.875 2366.73364258
1.38544236023 -783.625 2348.40014648
1.39172554554 -259.875 2336.44897461
1.39800873085 2148.0 2333.98266602
1.40429191615 2774.25 2320.79101562
1.41057510146 -3954.875 2302.83886719
1.41685828677 -1985.375 2291.30712891
1.42314147208 1113.875 2293.79907227
1.42942465738 1355.625 2276.52807617
1.43570784269 -813.0 2267.1550293
1.441991028 -813.5 2253.12451172
1.4482742133 1245.125 2254.40307617
1.45455739861 5845.375 2246.03930664
1.46084058392 170.25 2228.99267578
1.46712376923 747.25 2217.77001953
1.47340695453 4062.625 2218.75415039
1.47969013984 2834.375 2204.08447266
1.48597332515 4855.125 2199.45410156
1.49225651046 2417.25 2186.64282227
1.49853969576 3678.25 2182.44042969
1.50482288107 4432.75 2166.87304688
1.51110606638 3006.375 2160.84790039
1.51738925168 1914.125 2146.62475586
1.52367243699 2639.375 2141.01464844
1.5299556223 43.625 2125.78759766
1.53623880761 3720.625 2124.16015625
1.54252199291 5193.75 2120.66479492
1.54880517822 3653.75 2109.6003418
1.55508836353 2425.375 2093.02075195
1.56137154883 3957.375 2095.62597656
1.56765473414 1123.625 2077.88549805
1.57393791945 864.0 2069.57885742
1.58022110476 5587.5 2067.23681641
1.58650429006 2761.625 2058.00195312
1.59278747537 4212.125 2052.1171875
1.59907066068 2794.875 2036.99987793
1.60535384598 3877.875 2033.51098633
1.61163703129 6872.125 2032.3145752
1.6179202166 32.5 2012.17724609
1.62420340191 6019.5 2013.3692627
1.63048658721 435.25 1997.5020752
1.63676977252 4029.0 1994.91809082
1.64305295783 3282.75 1986.26245117
1.64933614313 2952.0 1980.47827148
1.65561932844 4036.625 1969.53442383
1.66190251375 3928.75 1966.68505859
1.66818569906 5886.625 1956.6427002
1.67446888436 4478.625 1954.88757324
1.68075206967 7715.375 1948.06896973
1.68703525498 5954.0 1936.00366211
1.69331844028 2411.625 1924.87719727
1.69960162559 2910.625 1924.28051758
1.7058848109 5006.375 1911.40380859
1.71216799621 6553.625 1913.03894043
1.71845118151 3991.625 1897.68139648
1.72473436682 5659.625 1898.31945801
1.73101755213 7493.375 1891.36584473
1.73730073744 5464.375 1879.34362793
1.74358392274 7598.625 1881.48571777
1.74986710805 7790.5 1870.87207031
1.75615029336 9312.625 1866.30944824
1.76243347866 6816.375 1857.29199219
1.76871666397 7713.125 1850.68103027
1.77499984928 8950.75 1847.93786621
1.78128303459 7921.0 1836.18884277
1.78756621989 9617.0 1837.3137207
1.7938494052 11667.5 1827.62841797
1.80013259051 9902.875 1826.08032227
1.80641577581 9827.625 1813.7298584
1.81269896112 6168.875 1806.87487793
1.81898214643 12590.625 1805.13769531
1.82526533174 5419.25 1791.22741699
1.83154851704 6485.875 1786.23059082
1.83783170235 8112.375 1782.45080566
1.84411488766 9824.25 1776.55212402
1.85039807296 9325.25 1773.62353516
1.85668125827 9433.75 1765.07519531
1.86296444358 10224.5 1762.80749512
1.86924762889 12118.125 1756.42529297
1.87553081419 12793.125 1752.50024414
1.8818139995 15412.5 1751.16052246
1.88809718481 13756.625 1743.12878418
1.89438037011 9324.625 1732.24755859
1.90066355542 11563.125 1724.92089844
1.90694674073 13042.125 1725.36437988
1.91322992604 13218.125 1720.45153809
1.91951311134 13877.125 1712.05419922
1.92579629665 15433.25 1712.05187988
1.93207948196 16671.0 1703.62866211
1.93836266726 14363.75 1702.3918457
1.94464585257 12201.375 1687.60314941
1.95092903788 18345.625 1692.74072266
1.95721222319 16214.875 1682.5559082
1.96349540849 19399.75 1683.36572266
1.9697785938 17495.625 1675.24914551
1.97606177911 18541.375 1669.16320801
1.98234496442 12697.625 1658.3293457
1.98862814972 14923.125 1656.76220703
1.99491133503 20645.5 1657.7076416
2.00119452034 16592.375 1647.97253418
2.00747770564 21630.5 1648.60107422
2.01376089095 20646.0 1643.8873291
2.02004407626 18579.875 1633.93041992
2.02632726157 20114.875 1629.62817383
2.03261044687 19757.125 1625.86767578
2.03889363218 17665.75 1620.77404785
2.04517681749 20274.75 1615.16882324
2.05146000279 17668.125 1608.0369873
2.0577431881 20990.0 1607.15466309
2.06402637341 19495.5 1601.2623291
2.07030955872 23688.75 1599.94750977
2.07659274402 21640.0 1593.45703125
2.08287592933 24021.375 1593.87902832
2.08915911464 21903.125 1585.88061523
2.09544229994 22869.375 1578.27514648
2.10172548525 24733.375 1580.92297363
2.10800867056 25560.0 1573.32397461
2.11429185587 26378.125 1571.43286133
2.12057504117 26914.0 1567.34069824
2.12685822648 23606.875 1557.97546387
2.13314141179 27810.625 1558.4197998
2.13942459709 28103.875 1553.6307373
2.1457077824 30519.625 1552.86303711
2.15199096771 28707.5 1548.06750488
2.15827415302 30443.375 1540.85644531
2.16455733832 31963.875 1543.1439209
2.17084052363 33050.5 1535.33532715
2.17712370894 30953.0 1532.97424316
2.18340689424 32181.5 1528.54223633
2.18969007955 35142.375 1526.06213379
2.19597326486 32947.25 1519.44519043
2.20225645017 33081.75 1516.67883301
2.20853963547 33819.875 1512.51574707
2.21482282078 35624.125 1510.15539551
2.22110600609 37793.5 1506.99987793
2.2273891914 36106.375 1504.19506836
2.2336723767 36758.125 1496.43835449
2.23995556201 37246.875 1496.40539551
2.24623874732 39342.125 1492.46655273
2.25252193262 41430.875 1492.04980469
2.25880511793 42707.625 1489.53063965
2.26508830324 41771.625 1481.91320801
2.27137148855 40250.625 1479.40197754
2.27765467385 44295.125 1476.42565918
2.28393785916 44211.375 1474.02307129
2.29022104447 46746.375 1473.36218262
2.29650422977 46802.625 1466.42602539
2.30278741508 46524.125 1467.18762207
2.30907060039 49457.75 1461.46142578
2.3153537857 48836.625 1459.94921875
2.321636971 48473.875 1452.37133789
2.32792015631 51145.25 1454.97387695
2.33420334162 52971.5 1452.39685059
2.34048652692 54242.375 1448.29638672
2.34676971223 51339.375 1441.4161377
2.35305289754 51708.375 1438.24023438
2.35933608285 53717.375 1436.95629883
2.36561926815 55738.25 1437.14648438
2.37190245346 53861.25 1427.28674316
2.37818563877 58269.75 1431.5546875
2.38446882407 56755.625 1424.1315918
2.39075200938 58214.875 1423.52001953
2.39703519469 58759.75 1420.30444336
2.40331838 59424.375 1415.9354248
2.4096015653 62871.75 1415.56396484
2.41588475061 63887.0 1413.85900879
2.42216793592 66782.75 1411.71899414
2.42845112122 64418.25 1409.31225586
2.43473430653 67330.875 1405.18579102
2.44101749184 67797.25 1404.19824219
2.44730067715 70770.875 1400.8269043
2.45358386245 71047.0 1401.26623535
2.45986704776 73224.625 1396.85827637
2.46615023307 72391.625 1393.77368164
2.47243341838 73667.5 1391.65075684
2.47871660368 74156.25 1389.25219727
2.48499978899 77652.375 1387.60217285
2.4912829743 78444.625 1385.27990723
2.4975661596 79194.125 1384.0592041
2.50384934491 82611.375 1381.96166992
2.51013253022 82595.625 1379.21362305
2.51641571553 83500.25 1377.37768555
2.52269890083 83122.0 1371.44702148
2.52898208614 86043.75 1374.02905273
2.53526527145 86364.625 1368.54003906
2.54154845675 90966.625 1370.9152832
2.54783164206 90049.125 1365.61303711
2.55411482737 92354.125 1366.91101074
2.56039801268 95713.25 1365.12145996
2.56668119798 94888.875 1359.28967285
2.57296438329 96561.875 1360.02770996
2.5792475686 98718.5 1358.41137695
2.5855307539 101561.875 1356.45629883
2.59181393921 102152.375 1355.60693359
2.59809712452 103760.25 1353.13562012
2.60438030983 107613.125 1354.86291504
2.61066349513 106366.625 1347.28210449
2.61694668044 107304.375 1347.99414062
2.62322986575 111850.0 1348.62487793
2.62951305105 111856.75 1343.31005859
2.63579623636 113905.0 1344.04833984
2.64207942167 114067.75 1339.93408203
2.64836260698 116724.25 1339.83361816
2.65464579228 122320.75 1340.96105957
2.66092897759 122184.25 1338.33068848
2.6672121629 122581.875 1336.80773926
2.6734953482 125523.625 1333.51757812
2.67977853351 128148.875 1335.18359375
2.68606171882 129160.75 1331.90698242
2.69234490413 131965.75 1332.82214355
2.69862808943 134364.375 1331.26782227
2.70491127474 131663.75 1326.41784668
2.71119446005 135563.375 1325.984375
2.71747764536 139475.875 1326.43786621
2.72376083066 141910.875 1325.20605469
2.73004401597 144169.875 1323.54943848
2.73632720128 146038.0 1325.33886719
2.74261038658 150380.375 1324.61340332
2.74889357189 153687.625 1323.12573242
2.7551767572 151819.875 1320.80725098
2.76145994251 156278.25 1319.65136719
2.76774312781 159206.75 1320.86645508
2.77402631312 159261.875 1317.01208496
2.78030949843 163262.875 1318.44189453
2.78659268373 164632.0 1316.75097656
2.79287586904 171441.875 1319.86096191
2.79915905435 171252.5 1315.16162109
2.80544223966 172318.875 1315.06787109
2.81172542496 174646.75 1312.18640137
2.81800861027 181043.375 1319.49914551
2.82429179558 179668.125 1309.76062012
2.83057498088 185133.0 1313.86108398
2.83685816619 187032.125 1312.64868164
2.8431413515 187851.25 1310.88635254
2.84942453681 195635.875 1314.43725586
2.85570772211 196246.625 1312.13195801
2.86199090742 200762.5 1313.60351562
2.86827409273 204924.875 1313.92248535
2.87455727803 204750.5 1310.57470703
2.88084046334 209239.0 1312.55871582
2.88712364865 213138.375 1312.09533691
2.89340683396 216847.25 1314.02124023
2.89969001926 220379.625 1313.04418945
2.90597320457 221933.375 1312.23413086
2.91225638988 225756.125 1310.89831543
2.91853957518 228416.0 1312.31933594
2.92482276049 231289.25 1310.69750977
2.9311059458 236240.875 1312.31494141
2.93738913111 239787.5 1313.41967773
2.94367231641 243023.125 1312.64990234
2.94995550172 249333.375 1314.81066895
2.95623868703 250833.0 1314.99951172
2.96252187234 254559.375 1313.08874512
2.96880505764 257681.5 1314.57006836
2.97508824295 261128.375 1314.37023926
2.98137142826 266449.625 1315.8314209
2.98765461356 270567.5 1316.08728027
2.99393779887 273519.0 1316.83337402
3.00022098418 278305.5 1318.36340332
3.00650416949 282182.375 1318.07824707
3.01278735479 287873.375 1319.72229004
3.0190705401 290498.625 1319.95837402
3.02535372541 295516.25 1319.87255859
3.03163691071 299372.25 1321.99890137
3.03792009602 306136.875 1322.90808105
3.04420328133 309498.375 1324.78015137
3.05048646664 312638.5 1324.22094727
3.05676965194 317671.625 1326.00952148
3.06305283725 320235.125 1324.02539062
3.06933602256 329156.125 1329.98291016
3.07561920786 332250.25 1327.96508789
3.08190239317 335293.125 1330.33520508
3.08818557848 343062.375 1331.67822266
3.09446876379 347750.875 1334.51660156
3.10075194909 351608.5 1332.74377441
3.1070351344 358989.25 1338.59069824
3.11331831971 365404.625 1339.01843262
3.11960150501 367525.875 1339.94396973
3.12588469032 373784.375 1340.09094238
3.13216787563 377607.625 1342.13903809
3.13845106094 386121.625 1345.79052734
3.14473424624 391655.625 1346.80554199
3.15101743155 394007.375 1347.77026367
3.15730061686 401290.125 1349.29077148
3.16358380216 407135.125 1351.28869629
3.16986698747 414280.0 1355.29968262
3.17615017278 418927.0 1354.09008789
3.18243335809 426153.125 1360.04956055
3.18871654339 433494.25 1360.48754883
3.1949997287 438800.625 1363.32800293
3.20128291401 444932.5 1364.94702148
3.20756609932 450903.0 1368.83093262
3.21384928462 456934.875 1367.93664551
3.22013246993 462294.875 1373.12023926
3.22641565524 466339.25 1376.86376953
3.23269884054 464027.5 1377.84338379
3.23898202585 468670.25 1381.14770508
3.24526521116 467941.25 1383.23974609
3.25154839647 473269.5 1388.33630371
3.25783158177 473688.0 1390.15148926
3.26411476708 476651.875 1393.48815918
3.27039795239 479363.375 1398.15808105
3.27668113769 480384.125 1398.7565918
3.282964323 482772.125 1403.41821289
3.28924750831 485097.25 1406.58435059
3.29553069362 486215.875 1409.01525879
3.30181387892 488632.0 1411.56066895
3.30809706423 492346.5 1418.13500977
3.31438024954 488870.0 1415.16589355
3.32066343484 495803.625 1423.37219238
3.32694662015 496553.0 1425.3572998
3.33322980546 500127.0 1428.80114746
3.33951299077 503869.125 1434.05529785
3.34579617607 503550.875 1435.82287598
3.35207936138 504801.875 1438.20666504
3.35836254669 508543.875 1443.73986816
3.36464573199 512759.5 1448.58190918
3.3709289173 514583.875 1450.51953125
3.37721210261 517543.125 1456.70812988
3.38349528792 522146.0 1459.82897949
3.38977847322 524377.625 1464.84924316
3.39606165853 528737.125 1470.7364502
3.40234484384 527000.25 1470.51257324
3.40862802914 528918.25 1475.13354492
3.41491121445 530881.25 1475.51586914
3.42119439976 534529.625 1484.30761719
3.42747758507 540566.75 1488.16088867
3.43376077037 542625.125 1492.8894043
3.44004395568 546723.625 1498.36022949
3.44632714099 545910.125 1500.01123047
3.4526103263 553881.125 1507.04150391
3.4588935116 554818.875 1512.46252441
3.46517669691 557786.75 1514.62316895
3.47145988222 559510.5 1519.59106445
3.47774306752 564194.375 1524.23693848
3.48402625283 565001.125 1528.42004395
3.49030943814 569414.5 1534.91296387
3.49659262345 570054.625 1534.72021484
3.50287580875 575053.0 1544.44885254
3.50915899406 578466.75 1548.17358398
3.51544217937 584636.75 1555.3626709
3.52172536467 585464.875 1558.74914551
3.52800854998 589697.75 1564.58935547
3.53429173529 592014.375 1568.77197266
3.5405749206 594991.625 1572.38134766
3.5468581059 598496.625 1580.8248291
3.55314129121 598996.375 1579.13317871
3.55942447652 606938.0 1592.72277832
3.56570766182 610714.25 1596.54382324
3.57199084713 615842.375 1604.03540039
3.57827403244 616627.5 1606.17858887
3.58455721775 621858.375 1614.71533203
3.59084040305 621964.875 1617.50415039
3.59712358836 627284.875 1623.97131348
3.60340677367 632262.0 1630.24645996
3.60968995897 635819.125 1638.3572998
3.61597314428 637499.875 1639.39379883
3.62225632959 642948.0 1649.57910156
3.6285395149 647497.0 1655.13525391
3.6348227002 648994.625 1659.10144043
3.64110588551 656812.625 1667.69946289
3.64738907082 661093.375 1675.46166992
3.65367225612 659718.75 1678.94616699
3.65995544143 665947.5 1685.31079102
3.66623862674 667962.625 1690.10668945
3.67252181205 674251.875 1700.61572266
3.67880499735 679659.375 1706.68994141
3.68508818266 683573.25 1714.38415527
3.69137136797 685307.625 1718.7923584
3.69765455328 691656.625 1727.33251953
3.70393773858 697404.75 1736.15270996
3.71022092389 702577.5 1743.40515137
3.7165041092 705165.25 1749.39416504
3.7227872945 707384.125 1755.31835938
3.72907047981 714875.625 1764.90283203
3.73535366512 720623.75 1774.30310059
3.74163685043 725686.0 1781.60046387
3.74792003573 728213.375 1787.9074707
3.75420322104 733897.875 1795.03613281
3.76048640635 740518.875 1806.72912598
3.76676959165 745987.375 1815.50476074
3.77305277696 751213.75 1824.56396484
3.77933596227 753362.125 1826.00866699
3.78561914758 759938.875 1841.16088867
3.79190233288 765060.5 1846.45788574
3.79818551819 774600.5 1860.75024414
3.8044687035 777995.125 1867.35009766
3.8107518888 784248.5 1878.60632324
3.81703507411 786358.125 1883.28674316
3.82331825942 794761.0 1895.04443359
3.82960144473 800302.5 1904.70349121
3.83588463003 801242.75 1911.54736328
3.84216781534 811986.0 1922.9876709
3.84845100065 817357.0 1935.31054688
3.85473418595 821542.5 1942.32067871
3.86101737126 829364.5 1955.26403809
3.86730055657 831942.5 1962.50305176
3.87358374188 840912.0 1974.05493164
3.87986692718 844481.25 1984.2088623
3.88615011249 852441.75 1993.67871094
3.8924332978 860840.75 2010.11450195
3.8987164831 866916.75 2018.09143066
3.90499966841 871608.0 2028.18310547
3.91128285372 876909.75 2041.66381836
3.91756603903 888817.0 2054.46362305
3.92384922433 896011.75 2068.67138672
3.93013240964 903765.0 2080.17724609
3.93641559495 905094.0 2090.26464844
3.94269878026 909731.75 2095.80249023
3.94898196556 919455.5 2112.44042969
3.95526515087 924750.75 2124.6965332
3.96154833618 934255.75 2140.57080078
3.96783152148 938662.25 2148.24853516
3.97411470679 952314.0 2170.46020508
3.9803978921 957361.0 2179.62280273
3.98668107741 965208.75 2196.32348633
3.99296426271 968476.75 2201.34912109
3.99924744802 977671.75 2221.32861328
4.00553063333 990426.5 2238.31494141
4.01181381863 997253.0 2252.42333984
4.01809700394 999831.25 2261.67163086
4.02438018925 1013319.5 2282.69384766
4.03066337456 1019614.25 2296.92724609
4.03694655986 1028963.5 2310.89306641
4.04322974517 1035711.25 2325.36572266
4.04951293048 1043624.5 2343.09912109
4.05579611578 1050904.25 2356.94677734
4.06207930109 1059110.0 2375.3347168
4.0683624864 1071768.75 2390.31542969
4.07464567171 1078221.25 2411.89013672
4.08092885701 1085454.75 2422.79760742
4.08721204232 1099156.75 2444.70751953
4.09349522763 1111432.0 2469.54663086
4.09977841293 1115959.0 2481.16601562
4.10606159824 1126314.75 2500.09350586
4.11234478355 1134784.0 2519.24389648
4.11862796886 1145574.0 2537.24072266
4.12491115416 1152915.75 2559.953125
4.13119433947 1160993.5 2572.63793945
4.13747752478 1171753.0 2595.8918457
4.14376071008 1179756.75 2612.72729492
4.15004389539 1192717.75 2637.57006836
4.1563270807 1202562.25 2658.96020508
4.16261026601 1211930.75 2677.74633789
4.16889345131 1223242.0 2702.43139648
4.17517663662 1229788.25 2719.83447266
4.18145982193 1245768.0 2746.86547852
4.18774300724 1257156.75 2770.88769531
4.19402619254 1270936.25 2800.96508789
4.20030937785 1278118.25 2819.99633789
4.20659256316 1293070.5 2843.60961914
4.21287574846 1299568.5 2871.44213867
4.21915893377 1311003.25 2889.90527344
4.22544211908 1322856.5 2917.41967773
4.23172530439 1336781.25 2946.67700195
4.23800848969 1344692.25 2971.80126953
4.244291675 1357035.5 2997.19360352
4.25057486031 1371063.5 3022.58764648
4.25685804561 1377341.25 3050.75878906
4.26314123092 1393771.75 3082.60644531
4.26942441623 1408287.0 3114.01220703
4.27570760154 1415278.0 3137.84423828
4.28199078684 1419156.0 3157.734375
4.28827397215 1442266.5 3201.89453125
4.29455715746 1451973.0 3226.21166992
4.30084034276 1464769.5 3261.34155273
4.30712352807 1487299.0 3304.88964844
4.31340671338 1491313.75 3326.89672852
4.31968989869 1496822.75 3356.50097656
4.32597308399 1524141.25 3398.8203125
4.3322562693 1529517.0 3429.7890625
4.33853945461 1546478.75 3470.42333984
4.34482263991 1555613.75 3497.62524414
4.35110582522 1566367.75 3540.1237793
4.35738901053 1583879.75 3573.24780273
4.36367219584 1586933.75 3603.11083984
4.36995538114 1607134.75 3648.59082031
4.37623856645 1623370.25 3696.94140625
4.38252175176 1628261.25 3726.94897461
4.38880493706 1641319.5 3758.45605469
4.39508812237 1650001.75 3805.54760742
4.40137130768 1669795.75 3848.60791016
4.40765449299 1685220.0 3898.92871094
4.41393767829 1691754.5 3930.80444336
4.4202208636 1707955.5 3978.69580078
4.42650404891 1709613.75 4020.32446289
4.43278723422 1732138.25 4060.83251953
4.43907041952 1740505.75 4120.83105469
4.44535360483 1750316.75 4151.703125
4.45163679014 1761628.0 4208.46875
4.45791997544 1776267.0 4255.71923828
4.46420316075 1789408.75 4306.53076172
4.47048634606 1789789.25 4351.67041016
4.47676953137 1812017.25 4409.58642578
4.48305271667 1810160.75 4446.18847656
4.48933590198 1832213.75 4517.73193359
4.49561908729 1834989.25 4563.49707031
4.50190227259 1833458.25 4606.31591797
4.5081854579 1855673.25 4666.234375
4.51446864321 1851003.75 4714.20849609
4.52075182852 1870163.0 4786.43310547
4.52703501382 1876185.0 4840.77832031
4.53331819913 1878177.25 4889.89013672
4.53960138444 1888221.0 4958.15039062
4.54588456974 1879152.25 4999.34472656
4.55216775505 1879942.25 5047.09667969
4.55845094036 1892818.25 5115.1796875
4.56473412567 1901518.5 5189.55078125
4.57101731097 1909785.0 5245.875
4.57730049628 1913628.25 5296.39794922
4.58358368159 1916279.0 5353.85546875
4.58986686689 1934587.75 5433.109375
4.5961500522 1949323.25 5507.22265625
4.60243323751 1944094.5 5548.41503906
4.60871642282 1963103.25 5624.83789062
4.61499960812 1969214.25 5697.48828125
4.62128279343 1976278.5 5748.25976562
4.62756597874 1988112.25 5826.76757812
4.63384916404 1990866.75 5883.04296875
4.64013234935 2019021.75 5992.72265625
4.64641553466 2014599.0 6027.56054688
4.65269871997 2031895.75 6111.22851562
4.65898190527 2052910.0 6212.43164062
4.66526509058 2065053.5 6288.65625
4.67154827589 2077268.0 6360.82617188
4.6778314612 2073285.25 6409.57861328
4.6841146465 2089013.5 6510.3359375
4.69039783181 2105787.75 6591.19140625
4.69668101712 2112830.5 6656.57421875
4.70296420242 2130183.5 6770.02978516
4.70924738773 2147080.0 6862.71777344
4.71553057304 2155393.0 6923.29785156
4.72181375835 2168068.5 7021.46533203
4.72809694365 2179081.75 7110.69335938
4.73438012896 2191002.5 7200.82421875
4.74066331427 2220858.25 7313.15771484
4.74694649957 2232058.5 7421.7890625
4.75322968488 2253933.75 7527.12402344
4.75951287019 2258213.0 7607.85546875
4.7657960555 2283466.5 7736.32177734
4.7720792408 2314838.75 7868.26855469
4.77836242611 2322093.75 7967.09082031
4.78464561142 2335018.5 8072.72070312
4.79092879672 2355573.25 8171.2265625
4.79721198203 2377202.75 8321.44628906
4.80349516734 2379219.5 8417.83789062
4.80977835265 2408070.75 8538.70507812
4.81606153795 2440216.5 8703.37597656
4.82234472326 2449409.75 8815.42578125
4.82862790857 2475153.75 8976.44335938
4.83491109387 2479683.5 9031.06152344
4.84119427918 2500726.25 9205.89941406
4.84747746449 2519625.5 9352.49414062
4.8537606498 2544542.75 9491.98046875
4.8600438351 2562868.75 9619.02929688
4.86632702041 2599237.75 9838.16699219
4.87261020572 2617480.25 9970.32714844
4.87889339102 2639645.0 10123.1132812
4.88517657633 2657255.25 10270.8476562
4.89145976164 2664909.0 10426.2578125
4.89774294695 2700028.25 10618.5947266
4.90402613225 2720326.75 10764.2421875
4.91030931756 2742073.75 10952.8632812
4.91659250287 2776237.25 11168.1132812
4.92287568818 2784504.75 11313.859375
4.92915887348 2812868.0 11502.4804688
4.93544205879 2842637.0 11694.7783203
4.9417252441 2865154.5 11937.5839844
4.9480084294 2891726.5 12136.8398438
4.95429161471 2921530.25 12315.5058594
4.96057480002 2955660.25 12600.7744141
4.96685798533 2989700.75 12880.5234375
4.97314117063 3013775.75 13022.7480469
4.97942435594 3058201.25 13314.5253906
4.98570754125 3051201.25 13505.1074219
4.99199072655 3085268.75 13786.6835938
4.99827391186 3129404.25 13993.2460938
5.00455709717 3154209.25 14297.2148438
5.01084028248 3191768.75 14623.2949219
5.01712346778 3233875.25 14960.3837891
5.02340665309 3254594.25 15099.0888672
5.0296898384 3276887.25 15440.1054688
5.0359730237 3321905.75 15811.7607422
5.04225620901 3347525.75 16061.7236328
5.04853939432 3399792.75 16465.7871094
5.05482257963 3435068.25 16792.7539062
5.06110576493 3455255.25 17207.4335938
5.06738895024 3480370.75 17331.8691406
5.07367213555 3556638.25 17931.4023438
5.07995532085 3585433.25 18348.9648438
5.08623850616 3629579.25 18749.828125
5.09252169147 3641069.25 18975.5527344
5.09880487678 3695167.25 19463.3925781
5.10508806208 3738568.25 20024.5117188
5.11137124739 3811727.25 20569.1464844
5.1176544327 3819408.75 20797.9394531
5.123937618 3893435.25 21503.6328125
5.13022080331 3926625.75 22002.5976562
5.13650398862 3923269.25 22256.8496094
5.14278717393 4017390.75 22925.2675781
5.14907035923 4021975.25 23500.0683594
5.15535354454 4091436.25 24296.6660156
5.16163672985 4111738.75 24406.2890625
5.16791991516 4143757.25 25066.8808594
5.17420310046 4214275.0 25922.8320312
5.18048628577 4291067.0 26818.15625
5.18676947108 4331385.0 27163.3242188
5.19305265638 4370756.0 28009.0195312
5.19933584169 4428808.0 28876.7695312
5.205619027 4489167.0 29614.8613281
5.21190221231 4483354.0 29998.7265625
5.21818539761 4576258.0 31219.765625
5.22446858292 4678563.0 32612.5332031
5.23075176823 4649586.0 32537.8378906
5.23703495353 4735406.0 33727.46875
5.24331813884 4757794.0 34929.953125
5.24960132415 4844600.0 36305.7929688
5.25588450946 4989148.0 37064.3789062
5.26216769476 5000940.0 38127.1640625
5.26845088007 5006855.0 39609.828125
5.27473406538 5075413.0 40829.5195312
5.28101725068 5159234.0 41516.6132812
5.28730043599 5227940.0 43345.578125
5.2935836213 5283725.0 45038.6523438
5.29986680661 5408122.0 46883.6640625
5.30614999191 5444015.0 47788.2460938
5.31243317722 5451122.0 49327.9492188
5.31871636253 5617199.0 52532.0585938
5.32499954783 5591770.0 52408.4921875
5.33128273314 5725910.0 55306.7539062
5.33756591845 5850437.0 58560.1640625
5.34384910376 5906528.0 61113.9570312
5.35013228906 5991327.0 60877.1875
5.35641547437 6003733.0 64806.28125
5.36269865968 6030496.0 68132.171875
5.36898184498 6104188.0 70075.9765625
5.37526503029 6315451.0 71526.7109375
5.3815482156 6206958.0 76106.4921875
5.38783140091 6358482.0 82878.5
5.39411458621 6331570.0 80862.546875
5.40039777152 6670668.0 85955.90625
5.40668095683 6577393.0 92429.9375
5.41296414214 6615851.0 102278.757812
5.41924732744 6582818.0 94690.40625
5.42553051275 6772014.0 101875.6875
5.43181369806 6842137.0 113749.460938
5.43809688336 7097783.0 132429.40625
5.44438006867 7026564.0 117397.070312
5.45066325398 7022518.0 126544.757812
5.45694643929 7173364.0 146681.828125
5.46322962459 7275966.0 167519.984375
5.4695128099 7395888.0 152466.28125
5.47579599521 7466380.0 166448.9375
5.48207918051 7683447.0 206390.75
5.48836236582 7856876.0 228319.359375
5.49464555113 7830397.0 212132.59375
5.50092873644 7856190.0 234509.640625
5.50721192174 7985149.0 351650.9375
5.51349510705 7400982.0 269248.4375
5.51977829236 7618083.0 306928.375
5.52606147766 7505392.0 351321.5625
5.53234466297 7565122.0 568614.5
5.53862784828 7778963.0 475798.875
5.54491103359 8550330.0 652268.0625
5.55119421889 8649638.0 893387.25
5.5574774042 7588222.0 1547014.75
5.56376058951 10238745.0 2180372.25
5.57004377481 10707918.0 6417808.5
