0.00942477796077 316452.0625 106228.476562
0.0157079632679 241080.921875 53553.4414062
0.0219911485751 252423.703125 35888.4882812
0.0282743338823 230645.890625 27476.7109375
0.0345575191895 171240.734375 16608.7363281
0.0408407044967 139195.234375 13422.0029297
0.0471238898038 122698.328125 9852.40429688
0.053407075111 101763.6875 8089.12841797
0.0596902604182 104053.4375 7054.00439453
0.0659734457254 90118.828125 6012.78808594
0.0722566310326 83634.546875 5267.55908203
0.0785398163397 73298.375 4456.26367188
0.0848230016469 57285.0078125 3600.69824219
0.0911061869541 54723.78125 3404.65039062
0.0973893722613 56841.421875 3147.63110352
0.103672557568 48763.8671875 2836.50390625
0.109955742876 43777.828125 2490.3762207
0.116238928183 41408.5078125 2344.37695312
0.12252211349 34350.2265625 2054.26855469
0.128805298797 35099.7890625 1980.43078613
0.135088484104 31239.359375 1823.33642578
0.141371669412 32294.8671875 1756.05334473
0.147654854719 29495.734375 1622.01977539
0.153938040026 27717.9140625 1553.07348633
0.160221225333 26366.453125 1439.90100098
0.16650441064 25196.5546875 1386.91430664
0.172787595947 22757.9609375 1281.87304688
0.179070781255 20181.28125 1235.51281738
0.185353966562 18002.6328125 1131.93981934
0.191637151869 17722.6328125 1118.41503906
0.197920337176 18009.21875 1058.35827637
0.204203522483 17269.1328125 1035.5612793
0.210486707791 17209.546875 992.417907715
0.216769893098 11599.953125 905.721191406
0.223053078405 14110.8046875 905.958007812
0.229336263712 11042.34375 849.09161377
0.235619449019 12243.453125 841.245300293
0.241902634326 11258.0703125 806.374145508
0.248185819634 11797.71875 789.883666992
0.254469004941 10579.875 764.137512207
0.260752190248 8736.0546875 721.306274414
0.267035375555 8514.71875 706.213928223
0.273318560862 9995.8125 698.130493164
0.279601746169 7692.765625 666.19354248
0.285884931477 8722.453125 659.739624023
0.292168116784 7157.359375 636.703735352
0.298451302091 6791.203125 614.534912109
0.304734487398 8062.703125 615.207092285
0.311017672705 6381.2578125 586.087585449
0.317300858013 6006.59375 575.256835938
0.32358404332 6220.859375 560.202209473
0.329867228627 5211.9296875 547.368530273
0.336150413934 6431.9296875 541.693786621
0.342433599241 5438.4140625 531.662658691
0.348716784548 6248.7890625 520.422546387
0.354999969856 5527.984375 510.493743896
0.361283155163 4723.1171875 496.304992676
0.36756634047 4688.9765625 484.17300415
0.373849525777 4997.7265625 481.20892334
0.380132711084 4673.578125 467.823730469
0.386415896392 4208.125 460.009857178
0.392699081699 4487.3125 454.97479248
0.398982267006 4230.0546875 441.156951904
0.405265452313 2891.3515625 433.437530518
0.41154863762 3788.2890625 424.920776367
0.417831822927 3107.0078125 420.836395264
0.424115008235 2986.5 410.399475098
0.430398193542 2853.4921875 403.492797852
0.436681378849 3249.5390625 401.039672852
0.442964564156 2244.984375 390.151977539
0.449247749463 3210.125 389.88772583
0.455530934771 2447.9765625 380.009765625
0.461814120078 2558.2578125 372.39642334
0.468097305385 2803.5859375 373.177001953
0.474380490692 2333.234375 362.541656494
0.480663675999 2082.421875 359.090148926
0.486946861306 1604.890625 350.988830566
0.493230046614 1787.4375 347.794586182
0.499513231921 1804.6875 343.282012939
0.505796417228 1732.0390625 339.158355713
0.512079602535 1449.625 332.587127686
0.518362787842 1634.5625 328.387268066
0.524645973149 1590.078125 326.077758789
0.530929158457 1895.7265625 324.042755127
0.537212343764 1645.71875 317.229827881
0.543495529071 971.5234375 311.802490234
0.549778714378 1091.1484375 308.025115967
0.556061899685 953.71875 306.302825928
0.562345084993 1470.625 301.254302979
0.5686282703 1197.9765625 298.877075195
0.574911455607 944.5859375 294.645782471
0.581194640914 1107.3828125 291.770782471
0.587477826221 785.375 287.389770508
0.593761011528 970.9296875 285.429595947
0.600044196836 964.8515625 281.807189941
0.606327382143 1079.6171875 280.605041504
0.61261056745 863.2890625 275.179443359
0.618893752757 324.6796875 270.922088623
0.625176938064 1052.46875 271.025726318
0.631460123372 215.625 265.558929443
0.637743308679 917.8828125 264.40032959
0.644026493986 315.6640625 260.893585205
0.650309679293 424.25 257.706726074
0.6565928646 515.8671875 256.275024414
0.662876049907 434.171875 253.317977905
0.669159235215 372.7109375 251.023208618
0.675442420522 138.9296875 246.828918457
0.681725605829 447.5625 247.470016479
0.688008791136 410.25 243.249130249
0.694291976443 97.1796875 241.758209229
0.700575161751 347.5234375 238.419906616
0.706858347058 213.9921875 237.135467529
0.713141532365 207.09375 234.40965271
0.719424717672 144.4140625 232.318649292
0.725707902979 439.8984375 231.242431641
0.731991088286 590.984375 230.160095215
0.738274273594 -32.6171875 225.641616821
0.744557458901 310.34375 225.691192627
0.750840644208 -90.4609375 222.031219482
0.757123829515 93.2734375 220.54119873
0.763407014822 285.21875 219.377563477
0.769690200129 253.3203125 217.820785522
0.775973385437 -63.7421875 214.245056152
0.782256570744 987.046875 216.603210449
0.788539756051 281.5859375 211.901535034
0.794822941358 45.6953125 211.385406494
0.801106126665 -193.71875 207.256561279
0.807389311973 181.7109375 207.480133057
0.81367249728 326.6953125 205.683074951
0.819955682587 -111.84375 203.262939453
0.826238867894 132.8515625 202.288696289
0.832522053201 -450.5859375 198.807159424
0.838805238508 392.53125 199.565612793
0.845088423816 -226.0859375 197.688323975
0.851371609123 -72.0546875 195.57611084
0.85765479443 -113.4453125 194.024276733
0.863937979737 -257.5703125 192.540893555
0.870221165044 -159.53125 191.184890747
0.876504350352 -178.2890625 190.101425171
0.882787535659 -69.8671875 188.484893799
0.889070720966 -82.4921875 187.63961792
0.895353906273 -450.4921875 185.248016357
0.90163709158 -42.2109375 184.562194824
0.907920276887 -319.0390625 183.226486206
0.914203462195 -136.109375 181.51020813
0.920486647502 -26.46875 181.629516602
0.926769832809 123.5390625 180.078308105
0.933053018116 -211.578125 178.309417725
0.939336203423 -309.9921875 176.471496582
0.945619388731 -281.7890625 176.277893066
0.951902574038 -91.4921875 174.929077148
0.958185759345 -322.7265625 173.619674683
0.964468944652 -159.6875 171.939483643
0.970752129959 -168.5078125 171.628036499
0.977035315266 -24.3515625 170.759109497
0.983318500574 -210.0625 169.376800537
0.989601685881 -331.890625 167.740722656
0.995884871188 -322.0078125 166.576416016
1.0021680565 -714.0390625 164.697174072
1.0084512418 -261.96875 165.140228271
1.01473442711 -59.5 163.873809814
1.02101761242 -24.0859375 163.278366089
1.02730079772 -318.359375 161.756484985
1.03358398303 -218.65625 160.774658203
1.03986716834 -176.1640625 159.946609497
1.04615035365 -92.96875 159.502029419
1.05243353895 -328.2578125 157.597229004
1.05871672426 -374.3515625 157.067474365
1.06499990957 -190.0078125 155.880569458
1.07128309487 -188.3359375 155.344711304
1.07756628018 -262.1328125 154.142715454
1.08384946549 -441.6953125 152.989318848
1.0901326508 -506.859375 151.907699585
1.0964158361 -349.9375 151.30418396
1.10269902141 -258.0234375 150.591430664
1.10898220672 -183.15625 150.244628906
1.11526539202 -138.515625 149.528930664
1.12154857733 -429.90625 147.785705566
1.12783176264 -262.7265625 147.132705688
1.13411494795 -320.1640625 146.345748901
1.14039813325 -536.6796875 145.389160156
1.14668131856 -508.7265625 144.297988892
1.15296450387 -433.0234375 143.434753418
1.15924768917 -399.7109375 143.284011841
1.16553087448 -172.578125 142.652954102
1.17181405979 -108.875 142.26008606
1.1780972451 -62.171875 141.086166382
1.1843804304 -320.0703125 140.700592041
1.19066361571 -463.40625 138.982406616
1.19694680102 -64.96875 139.571105957
1.20322998632 -331.2734375 137.529006958
1.20951317163 -376.5 137.556762695
1.21579635694 -206.1640625 136.575714111
1.22207954225 -119.7890625 136.410049438
1.22836272755 -77.03125 135.447372437
1.23464591286 -267.8984375 134.544616699
1.24092909817 -3.3046875 134.807571411
1.24721228348 -157.1015625 133.34513855
1.25349546878 -85.7265625 132.876342773
1.25977865409 -303.4609375 131.888961792
1.2660618394 -258.8359375 131.181289673
1.2723450247 -254.484375 130.770263672
1.27862821001 -0.71875 130.224395752
1.28491139532 -62.5 129.99659729
1.29119458063 -190.265625 128.471221924
1.29747776593 -77.0859375 128.651733398
1.30376095124 -129.4375 127.709617615
1.31004413655 194.3125 127.844863892
1.31632732185 -24.078125 126.602272034
1.32261050716 -296.15625 125.638671875
1.32889369247 -145.359375 125.329040527
1.33517687778 -132.1171875 124.731506348
1.34146006308 -104.9765625 123.888534546
1.34774324839 -42.453125 123.899200439
1.3540264337 -409.0078125 122.519165039
1.360309619 -74.4453125 122.473052979
1.36659280431 -150.203125 121.895828247
1.37287598962 106.34375 121.566207886
1.37915917493 -274.8828125 120.63420105
1.38544236023 -37.4453125 120.363548279
1.39172554554 -113.46875 119.56590271
1.39800873085 -83.9609375 119.271537781
1.40429191615 -49.0234375 118.602676392
1.41057510146 -181.03125 118.062080383
1.41685828677 -39.1640625 117.543144226
1.42314147208 216.2109375 117.841056824
1.42942465738 -47.5703125 116.470123291
1.43570784269 -93.140625 116.104797363
1.441991028 58.2578125 115.649154663
1.4482742133 -253.2421875 114.99131012
1.45455739861 27.3515625 114.643791199
1.46084058392 76.296875 114.354789734
1.46712376923 158.96875 113.869613647
1.47340695453 66.234375 113.472297668
1.47969013984 89.4296875 112.867713928
1.48597332515 47.7578125 112.385673523
1.49225651046 43.8125 111.933784485
1.49853969576 -75.265625 111.410957336
1.50482288107 187.5546875 110.989227295
1.51110606638 233.7265625 110.87852478
1.51738925168 175.0703125 110.14440918
1.52367243699 171.3515625 109.789215088
1.5299556223 66.9609375 109.055381775
1.53623880761 374.84375 109.166366577
1.54252199291 231.5 108.630485535
1.54880517822 303.421875 108.307998657
1.55508836353 382.3046875 107.685119629
1.56137154883 345.859375 107.633720398
1.56765473414 121.203125 106.596092224
1.57393791945 170.328125 106.26940155
1.58022110476 235.0546875 105.86730957
1.58650429006 264.0703125 105.6690979
1.59278747537 68.609375 104.941795349
1.59907066068 304.53125 104.651374817
1.60535384598 414.15625 104.556419373
1.61163703129 201.328125 103.923957825
1.6179202166 504.5078125 103.905830383
1.62420340191 388.1640625 103.310775757
1.63048658721 369.328125 102.908187866
1.63676977252 358.0078125 102.474220276
1.64305295783 329.390625 102.044433594
1.64933614313 540.9609375 102.095024109
1.65561932844 491.7578125 101.371948242
1.66190251375 397.5 101.091369629
1.66818569906 322.953125 100.312431335
1.67446888436 554.84375 100.678581238
1.68075206967 405.8671875 99.8567047119
1.68703525498 456.0 99.4466094971
1.69331844028 417.2109375 99.0868835449
1.69960162559 424.046875 99.0283203125
1.7058848109 424.75 98.2085418701
1.71216799621 543.140625 98.3495635986
1.71845118151 616.953125 97.859413147
1.72473436682 659.3046875 97.8287658691
1.73101755213 495.0625 97.0957794189
1.73730073744 783.7734375 97.0447311401
1.74358392274 504.1640625 96.5938873291
1.74986710805 700.4609375 96.3159790039
1.75615029336 658.359375 95.9091949463
1.76243347866 724.6171875 95.7225570679
1.76871666397 840.421875 95.4804153442
1.77499984928 614.40625 94.9292602539
1.78128303459 868.625 94.75730896
1.78756621989 497.3671875 94.1710739136
1.7938494052 841.6875 94.00831604
1.80013259051 727.3515625 93.8957901001
1.80641577581 815.71875 93.3885726929
1.81269896112 760.0234375 93.219367981
1.81898214643 794.8046875 92.7215423584
1.82526533174 845.3515625 92.5823974609
1.83154851704 935.3515625 92.3718566895
1.83783170235 898.203125 92.0109939575
1.84411488766 889.578125 91.5748138428
1.85039807296 1036.3359375 91.6577377319
1.85668125827 1155.9921875 91.3698501587
1.86296444358 915.328125 90.8732299805
1.86924762889 862.0625 90.342048645
1.87553081419 909.171875 90.1567306519
1.8818139995 1019.1484375 90.0547790527
1.88809718481 1123.8671875 89.8939208984
1.89438037011 1094.109375 89.5960540771
1.90066355542 1168.734375 89.1629180908
1.90694674073 1234.5625 89.1718673706
1.91322992604 1203.8515625 88.8657531738
1.91951311134 1081.15625 88.2275695801
1.92579629665 1272.5 88.3722686768
1.93207948196 1200.5703125 87.7615661621
1.93836266726 1198.8125 87.8496780396
1.94464585257 1266.046875 87.3167266846
1.95092903788 1413.9453125 87.3640518188
1.95721222319 1347.703125 86.8943634033
1.96349540849 1371.859375 86.7569656372
1.9697785938 1406.5234375 86.5076828003
1.97606177911 1324.7890625 86.0214157104
1.98234496442 1412.65625 85.9550323486
1.98862814972 1408.9765625 85.7236709595
1.99491133503 1554.71875 85.583694458
2.00119452034 1485.4921875 85.2565307617
2.00747770564 1519.8515625 85.0065002441
2.01376089095 1480.4765625 84.7776412964
2.02004407626 1581.1484375 84.5211868286
2.02632726157 1429.5078125 84.0131378174
2.03261044687 1628.046875 84.0868530273
2.03889363218 1859.6171875 84.2417144775
2.04517681749 1763.53125 83.6666488647
2.05146000279 1683.0390625 83.3638305664
2.0577431881 1754.9375 83.195930481
2.06402637341 1612.765625 82.812171936
2.07030955872 1838.6640625 82.7550964355
2.07659274402 1730.0078125 82.4161605835
2.08287592933 1972.0234375 82.5811920166
2.08915911464 1792.703125 82.0832443237
2.09544229994 1929.109375 81.7927780151
2.10172548525 1952.8671875 81.8429794312
2.10800867056 1951.109375 81.3966522217
2.11429185587 2020.9921875 81.331489563
2.12057504117 1971.7578125 81.0286865234
2.12685822648 2058.3125 80.8479537964
2.13314141179 2091.9375 80.6542358398
2.13942459709 2201.34375 80.5167160034
2.1457077824 2142.1796875 80.2615585327
2.15199096771 2177.03125 80.16355896
2.15827415302 2282.453125 79.8081588745
2.16455733832 2227.21875 79.7712554932
2.17084052363 2377.4609375 79.4760513306
2.17712370894 2497.8359375 79.6177902222
2.18340689424 2501.1953125 79.3181838989
2.18969007955 2549.4375 79.0688934326
2.19597326486 2506.2890625 78.8065948486
2.20225645017 2525.7890625 78.6773757935
2.20853963547 2652.640625 78.5619430542
2.21482282078 2774.4296875 78.4711151123
2.22110600609 2725.8203125 78.1252441406
2.2273891914 2828.703125 78.1943359375
2.2336723767 2712.8125 77.6232757568
2.23995556201 2776.0859375 77.6640472412
2.24623874732 2747.90625 77.306892395
2.25252193262 2767.71875 77.1868972778
2.25880511793 2948.25 77.1837081909
2.26508830324 2900.1953125 76.7894897461
2.27137148855 3068.9453125 76.9328918457
2.27765467385 2927.140625 76.3910064697
2.28393785916 2988.1953125 76.3384628296
2.29022104447 3162.1171875 76.3509292603
2.29650422977 3193.1875 76.0221710205
2.30278741508 3244.546875 76.1334228516
2.30907060039 3204.5234375 75.6278686523
2.3153537857 3254.1875 75.6382522583
2.321636971 3274.9296875 75.288269043
2.32792015631 3339.1171875 75.3431091309
2.33420334162 3504.5078125 75.2857666016
2.34048652692 3584.3125 75.0881195068
2.34676971223 3603.96875 74.9130859375
2.35305289754 3647.875 74.7743835449
2.35933608285 3825.2890625 74.7851409912
2.36561926815 3891.4375 74.7536315918
2.37190245346 3866.1953125 74.3171615601
2.37818563877 4015.0 74.4542160034
2.38446882407 3915.9453125 74.0468215942
2.39075200938 4014.40625 74.0387115479
2.39703519469 4072.9375 73.9030532837
2.40331838 4074.0859375 73.6408615112
2.4096015653 4212.09375 73.5786209106
2.41588475061 4126.6171875 73.3465499878
2.42216793592 4296.625 73.2559814453
2.42845112122 4255.578125 73.2154998779
2.43473430653 4501.671875 73.0986328125
2.44101749184 4558.8203125 73.0810623169
2.44730067715 4643.1171875 72.8335189819
2.45358386245 4676.3359375 72.8756561279
2.45986704776 4789.1640625 72.645980835
2.46615023307 4755.359375 72.4952392578
2.47243341838 4880.9453125 72.4448699951
2.47871660368 4850.0703125 72.2630233765
2.48499978899 5007.1328125 72.1521987915
2.4912829743 5102.75 72.0861816406
2.4975661596 5253.8203125 72.1352386475
2.50384934491 5344.78125 71.9387283325
2.51013253022 5402.421875 71.8540649414
2.51641571553 5345.421875 71.6546325684
2.52269890083 5406.140625 71.4259109497
2.52898208614 5586.2265625 71.5880813599
2.53526527145 5601.796875 71.3009643555
2.54154845675 5826.390625 71.4097442627
2.54783164206 5925.6875 71.2781906128
2.55411482737 5854.9296875 71.1581954956
2.56039801268 5980.65625 71.0169219971
2.56668119798 6136.703125 70.907585144
2.57296438329 6053.125 70.779548645
2.5792475686 6284.9140625 70.8116378784
2.5855307539 6193.6328125 70.477722168
2.59181393921 6335.375 70.5410690308
2.59809712452 6647.5625 70.6329498291
2.60438030983 6758.2578125 70.6360015869
2.61066349513 6807.671875 70.3504638672
2.61694668044 6995.109375 70.520401001
2.62322986575 6892.203125 70.227645874
2.62951305105 7009.5390625 70.062286377
2.63579623636 7146.421875 70.1293945312
2.64207942167 7191.6015625 69.9495239258
2.64836260698 7272.0 69.8890991211
2.65464579228 7423.640625 69.8155288696
2.66092897759 7571.8671875 69.8248901367
2.6672121629 7588.90625 69.7419433594
2.6734953482 7817.578125 69.6407089233
2.67977853351 7887.0546875 69.6644287109
2.68606171882 8009.40625 69.5583572388
2.69234490413 8121.4140625 69.5740280151
2.69862808943 8159.8671875 69.4122924805
2.70491127474 8337.40625 69.4546356201
2.71119446005 8434.7890625 69.3331832886
2.71747764536 8407.5546875 69.1430969238
2.72376083066 8772.3125 69.2976531982
2.73004401597 8763.34375 69.0944595337
2.73632720128 8924.0390625 69.2458190918
2.74261038658 9105.609375 69.1665039062
2.74889357189 9280.96875 69.091255188
2.7551767572 9404.15625 69.1711578369
2.76145994251 9414.21875 68.9079818726
2.76774312781 9609.546875 69.0098495483
2.77402631312 9651.234375 68.8435287476
2.78030949843 9832.09375 68.8927612305
2.78659268373 9912.8984375 68.8127441406
2.79287586904 10201.25 68.914642334
2.79915905435 10145.96875 68.6286697388
2.80544223966 10489.2421875 68.8809051514
2.81172542496 10398.7421875 68.5407867432
2.81800861027 10702.2578125 68.8954772949
2.82429179558 11007.7421875 68.7212524414
2.83057498088 11056.4921875 68.7256774902
2.83685816619 11138.4375 68.6468887329
2.8431413515 11425.484375 68.770072937
2.84942453681 11483.3125 68.6480026245
2.85570772211 11699.6875 68.6895217896
2.86199090742 11754.0625 68.6070861816
2.86827409273 12100.4765625 68.7364883423
2.87455727803 12138.859375 68.6027679443
2.88084046334 12397.734375 68.7274475098
2.88712364865 12616.421875 68.7157745361
2.89340683396 12875.3515625 68.8727264404
2.89969001926 13044.578125 68.807762146
2.90597320457 13110.3671875 68.7518157959
2.91225638988 13223.671875 68.6070327759
2.91853957518 13391.921875 68.7063598633
2.92482276049 13646.28125 68.7104873657
2.9311059458 13811.8203125 68.7148742676
2.93738913111 13959.9140625 68.7406082153
2.94367231641 14108.375 68.6825408936
2.94995550172 14463.78125 68.817024231
2.95623868703 14621.1015625 68.8938140869
2.96252187234 14725.0703125 68.7165527344
2.96880505764 14862.2578125 68.7719573975
2.97508824295 15079.6640625 68.7927474976
2.98137142826 15257.6484375 68.7847061157
2.98765461356 15608.203125 68.9115447998
2.99393779887 15825.3671875 69.003074646
3.00022098418 16055.4921875 69.0659484863
3.00650416949 16153.3125 68.9632263184
3.01278735479 16549.4296875 69.1310653687
3.0190705401 16764.828125 69.2081222534
3.02535372541 16927.7421875 69.1206817627
3.03163691071 17193.9140625 69.2851791382
3.03792009602 17361.4921875 69.1787109375
3.04420328133 17778.8125 69.4755859375
3.05048646664 17970.2109375 69.4682235718
3.05676965194 18167.7890625 69.507522583
3.06305283725 18488.5390625 69.5559387207
3.06933602256 18593.8828125 69.5720825195
3.07561920786 18997.1796875 69.6631240845
3.08190239317 19235.6875 69.8516769409
3.08818557848 19577.96875 69.868927002
3.09446876379 19727.7265625 69.9398574829
3.10075194909 20099.0390625 69.9835357666
3.1070351344 20349.9453125 70.1802139282
3.11331831971 20639.8671875 70.1652832031
3.11960150501 20934.4609375 70.3612976074
3.12588469032 21277.515625 70.380569458
3.13216787563 21443.2265625 70.4600296021
3.13845106094 21886.5546875 70.6488418579
3.14473424624 22048.0703125 70.5993270874
3.15101743155 22552.09375 70.9530563354
3.15730061686 22682.6484375 70.8324279785
3.16358380216 23016.171875 70.958442688
3.16986698747 23192.21875 71.011505127
3.17615017278 23628.6640625 71.1002426147
3.18243335809 23912.421875 71.3377304077
3.18871654339 24287.609375 71.3529510498
3.1949997287 24547.1640625 71.4872207642
3.20128291401 24987.3203125 71.6649856567
3.20756609932 25280.9375 71.8533630371
3.21384928462 25688.5625 71.8773193359
3.22013246993 25938.515625 72.1249771118
3.22641565524 26004.3828125 72.20728302
3.23269884054 26189.8125 72.4983596802
3.23898202585 26310.3671875 72.5755310059
3.24526521116 26380.09375 72.7700500488
3.25154839647 26485.578125 72.9011917114
3.25783158177 26504.3515625 72.9940032959
3.26411476708 26716.109375 73.2132568359
3.27039795239 26747.15625 73.3710098267
3.27668113769 27017.578125 73.5729141235
3.282964323 27015.1875 73.7172698975
3.28924750831 27038.53125 73.8056869507
3.29553069362 27287.8203125 74.083694458
3.30181387892 27364.4140625 74.1776809692
3.30809706423 27412.5390625 74.4067230225
3.31438024954 27539.515625 74.4958572388
3.32066343484 27826.6953125 74.8661346436
3.32694662015 27779.171875 74.901512146
3.33322980546 27973.90625 75.0879821777
3.33951299077 28176.1328125 75.3685379028
3.34579617607 28335.2421875 75.601524353
3.35207936138 28506.734375 75.8112640381
3.35836254669 28522.09375 75.9576263428
3.36464573199 28676.0859375 76.1581573486
3.3709289173 28842.9140625 76.3167495728
3.37721210261 28906.375 76.5683746338
3.38349528792 29115.5234375 76.7061233521
3.38977847322 29287.5390625 77.0139160156
3.39606165853 29386.671875 77.21875
3.40234484384 29497.203125 77.3694763184
3.40862802914 29735.2265625 77.7232666016
3.41491121445 29769.4140625 77.6875762939
3.42119439976 29846.4140625 78.0572814941
3.42747758507 30047.953125 78.1661071777
3.43376077037 30330.8125 78.5561447144
3.44004395568 30426.5859375 78.7466812134
3.44632714099 30493.8515625 78.9229278564
3.4526103263 30624.546875 79.0579681396
3.4588935116 30821.9140625 79.4632568359
3.46517669691 30942.1484375 79.5476531982
3.47145988222 31009.3515625 79.7894897461
3.47774306752 31406.8671875 80.1574554443
3.48402625283 31466.40625 80.3914718628
3.49030943814 31612.6875 80.6624450684
3.49659262345 31702.1484375 80.6981582642
3.50287580875 32026.6953125 81.2605743408
3.50915899406 31993.921875 81.2814025879
3.51544217937 32189.5859375 81.5528945923
3.52172536467 32580.3046875 82.0177841187
3.52800854998 32689.6953125 82.2311782837
3.53429173529 32724.8359375 82.3791351318
3.5405749206 33056.625 82.7143478394
3.5468581059 33239.484375 83.1572570801
3.55314129121 33478.5 83.2452850342
3.55942447652 33564.8984375 83.6839752197
3.56570766182 33760.375 83.8822860718
3.57199084713 33980.1796875 84.2343215942
3.57827403244 34053.5703125 84.3738327026
3.58455721775 34336.8828125 84.8294372559
3.59084040305 34494.734375 85.1041870117
3.59712358836 34729.421875 85.4063110352
3.60340677367 35038.3125 85.7761306763
3.60968995897 34965.640625 85.9828338623
3.61597314428 35344.59375 86.2834091187
3.62225632959 35612.625 86.8035888672
3.6285395149 35683.8203125 86.9529190063
3.6348227002 35961.9296875 87.3311767578
3.64110588551 36142.6328125 87.5868988037
3.64738907082 36456.765625 88.070930481
3.65367225612 36458.0078125 88.3171005249
3.65995544143 36785.09375 88.6514053345
3.66623862674 37079.3125 89.0654296875
3.67252181205 37461.0546875 89.6626052856
3.67880499735 37479.2265625 89.7525939941
3.68508818266 37633.421875 90.1125717163
3.69137136797 37898.3046875 90.4947662354
3.69765455328 38308.375 91.0102005005
3.70393773858 38588.4765625 91.455116272
3.71022092389 38699.4453125 91.6964416504
3.7165041092 38903.6953125 92.0709381104
3.7227872945 39079.9453125 92.4347763062
3.72907047981 39432.984375 92.903137207
3.73535366512 39719.9609375 93.3842468262
3.74163685043 39855.921875 93.6534957886
3.74792003573 40132.046875 94.1114120483
3.75420322104 40426.796875 94.4826965332
3.76048640635 40721.9453125 95.0509109497
3.76676959165 41104.1953125 95.5965423584
3.77305277696 41290.6171875 95.9945297241
3.77933596227 41517.859375 96.1721801758
3.78561914758 41624.4765625 96.7557830811
3.79190233288 41992.3125 97.1224441528
3.79818551819 42282.4609375 97.6842651367
3.8044687035 42604.96875 98.160484314
3.8107518888 42938.1875 98.7562408447
3.81703507411 43218.265625 99.155090332
3.82331825942 43579.7734375 99.7009124756
3.82960144473 43877.3671875 100.214553833
3.83588463003 44070.0546875 100.70501709
3.84216781534 44340.8671875 101.038803101
3.84845100065 44625.6875 101.688667297
3.85473418595 45219.4375 102.399475098
3.86101737126 45256.765625 102.737251282
3.86730055657 45635.8359375 103.341995239
3.87358374188 46021.5546875 103.870399475
3.87986692718 46281.7265625 104.471679688
3.88615011249 46630.4921875 104.905067444
3.8924332978 46991.8984375 105.69493103
3.8987164831 47200.1640625 106.010726929
3.90499966841 47786.4296875 106.858421326
3.91128285372 48055.03125 107.558616638
3.91756603903 48416.2265625 107.983009338
3.92384922433 48798.03125 108.733215332
3.93013240964 49275.546875 109.404067993
3.93641559495 49599.34375 110.175437927
3.94269878026 49859.6484375 110.482383728
3.94898196556 50324.8671875 111.314331055
3.95526515087 50581.703125 111.938972473
3.96154833618 50689.890625 112.398956299
3.96783152148 51284.265625 113.150657654
3.97411470679 51685.15625 114.013786316
3.9803978921 52184.9296875 114.721801758
3.98668107741 52695.9296875 115.695854187
3.99296426271 53014.21875 116.102470398
3.99924744802 53555.8828125 117.211555481
4.00553063333 53739.4765625 117.629302979
4.01181381863 54266.109375 118.535446167
4.01809700394 54700.359375 119.31590271
4.02438018925 55019.34375 120.037330627
4.03066337456 55452.0078125 120.886520386
4.03694655986 56042.5234375 121.719299316
4.04322974517 56549.65625 122.632713318
4.04951293048 57120.671875 123.721687317
4.05579611578 57373.890625 124.321281433
4.06207930109 57711.5703125 125.195327759
4.0683624864 58358.921875 125.964897156
4.07464567171 58660.515625 127.062850952
4.08092885701 59154.5546875 127.75226593
4.08721204232 59710.765625 128.738037109
4.09349522763 60165.578125 129.849716187
4.09977841293 60628.5546875 130.691818237
4.10606159824 61089.6484375 131.601806641
4.11234478355 61939.7578125 133.028396606
4.11862796886 62046.7265625 133.498291016
4.12491115416 62567.7890625 134.834075928
4.13119433947 63254.40625 135.77532959
4.13747752478 63525.390625 136.690658569
4.14376071008 64008.953125 137.64263916
4.15004389539 64446.53125 138.69178772
4.1563270807 64997.546875 139.852005005
4.16261026601 65566.046875 140.920852661
4.16889345131 66212.5 142.274841309
4.17517663662 66644.453125 143.284973145
4.18145982193 67196.5625 144.396194458
4.18774300724 67760.828125 145.621704102
4.19402619254 68781.4375 147.525512695
4.20030937785 69072.03125 148.43196106
4.20659256316 69785.296875 149.593902588
4.21287574846 69937.46875 150.848495483
4.21915893377 70900.625 152.219802856
4.22544211908 71394.609375 153.523986816
4.23172530439 71718.609375 154.606567383
4.23800848969 72748.328125 156.61579895
4.244291675 73035.921875 157.544433594
4.25057486031 73820.140625 158.932281494
4.25685804561 74154.0 160.417831421
4.26314123092 75149.4375 162.243026733
4.26942441623 75563.609375 163.493560791
4.27570760154 75746.46875 164.531860352
4.28199078684 76734.671875 166.486694336
4.28827397215 77365.8125 168.128875732
4.29455715746 78274.03125 169.873184204
4.30084034276 78550.4375 171.253936768
4.30712352807 79098.46875 172.787384033
4.31340671338 79937.03125 174.68762207
4.31968989869 80522.265625 176.597412109
4.32597308399 81371.59375 178.116027832
4.3322562693 81735.140625 179.838180542
4.33853945461 82542.828125 181.869155884
4.34482263991 83264.515625 183.592422485
4.35110582522 84019.5 186.058578491
4.35738901053 84690.421875 187.490234375
4.36367219584 85307.171875 189.627197266
4.36995538114 86175.703125 191.776367188
4.37623856645 86522.625 193.677047729
4.38252175176 87082.15625 195.635269165
4.38880493706 87864.71875 197.413269043
4.39508812237 88496.53125 200.113632202
4.40137130768 89259.3125 202.017410278
4.40765449299 89835.0 204.353103638
4.41393767829 90634.65625 206.624725342
4.4202208636 91247.96875 208.826797485
4.42650404891 91391.59375 211.087371826
4.43278723422 92052.0625 212.514602661
4.43907041952 92943.84375 216.26991272
4.44535360483 93828.265625 218.393295288
4.45163679014 94206.328125 221.081039429
4.45791997544 94472.703125 222.867553711
4.46420316075 95319.015625 225.74899292
4.47048634606 95223.65625 227.952728271
4.47676953137 95890.640625 230.281478882
4.48305271667 96796.609375 233.627319336
4.48933590198 97230.25 236.340240479
4.49561908729 97412.265625 238.787994385
4.50190227259 97781.3125 241.689102173
4.5081854579 98447.890625 244.094772339
4.51446864321 98716.828125 247.372421265
4.52075182852 99511.625 250.844284058
4.52703501382 98986.578125 252.410644531
4.53331819913 99206.34375 255.149856567
4.53960138444 99590.71875 258.494262695
4.54588456974 99915.46875 261.896636963
4.55216775505 99940.65625 264.372467041
4.55845094036 100603.703125 267.920410156
4.56473412567 100624.203125 271.110076904
4.57101731097 100576.359375 273.268218994
4.57730049628 100778.71875 275.903594971
4.58358368159 101311.8125 279.55456543
4.58986686689 102535.703125 284.142974854
4.5961500522 102370.25 286.431793213
4.60243323751 102922.703125 289.984741211
4.60871642282 103101.5625 292.574157715
4.61499960812 103959.703125 297.295013428
4.62128279343 104027.4375 299.416137695
4.62756597874 104911.96875 303.980834961
4.63384916404 105032.890625 306.875946045
4.64013234935 105959.09375 311.617370605
4.64641553466 106221.46875 314.324615479
4.65269871997 106950.34375 318.370056152
4.65898190527 107326.171875 322.309753418
4.66526509058 108329.421875 326.962127686
4.67154827589 108907.875 330.607788086
4.6778314612 109409.546875 334.488769531
4.6841146465 110202.59375 339.69354248
4.69039783181 110847.703125 343.466888428
4.69668101712 111421.796875 347.278045654
4.70296420242 111762.578125 352.082489014
4.70924738773 112858.796875 357.335998535
4.71553057304 113500.828125 360.909606934
4.72181375835 114745.078125 367.208831787
4.72809694365 114656.265625 370.516021729
4.73438012896 115653.640625 375.988800049
4.74066331427 116136.796875 379.619049072
4.74694649957 116896.046875 385.631835938
4.75322968488 117457.15625 389.8855896
4.75951287019 118781.75 396.426330566
4.7657960555 119517.234375 401.866912842
4.7720792408 119712.953125 405.598632812
4.77836242611 121544.953125 413.900939941
4.78464561142 121814.09375 418.494750977
4.79092879672 123329.0 424.606140137
4.79721198203 124163.140625 431.756011963
4.80349516734 124739.34375 437.836608887
4.80977835265 125309.34375 441.979492188
4.81606153795 126622.8125 449.687316895
4.82234472326 127327.140625 456.016082764
4.82862790857 128497.234375 463.961029053
4.83491109387 130064.09375 469.969543457
4.84119427918 130691.875 477.935791016
4.84747746449 131453.421875 485.008483887
4.8537606498 133386.25 493.824371338
4.8600438351 133915.75 499.378173828
4.86632702041 133427.0625 504.755981445
4.87261020572 135490.875 514.40802002
4.87889339102 136410.953125 521.716369629
4.88517657633 136873.921875 528.175842285
4.89145976164 139205.1875 541.264770508
4.89774294695 140484.796875 549.806274414
4.90402613225 140223.484375 553.832702637
4.91030931756 142642.890625 567.062561035
4.91659250287 143158.984375 574.773681641
4.92287568818 145065.015625 586.376831055
4.92915887348 145164.734375 592.319213867
4.93544205879 146138.484375 600.64239502
4.9417252441 148373.796875 616.205810547
4.9480084294 149719.734375 626.416870117
4.95429161471 150817.390625 634.352539062
4.96057480002 151906.328125 647.06463623
4.96685798533 153950.828125 662.320617676
4.97314117063 154881.953125 668.707336426
4.97942435594 156203.0625 680.75579834
4.98570754125 157806.953125 696.590759277
4.99199072655 159875.28125 712.092895508
4.99827391186 161077.453125 719.357116699
5.00455709717 161048.1875 730.795043945
5.01084028248 163834.4375 750.283996582
5.01712346778 165286.171875 765.24029541
5.02340665309 165652.515625 770.035644531
5.0296898384 169901.140625 797.927429199
5.0359730237 170598.671875 811.559753418
5.04225620901 171493.828125 822.938171387
5.04853939432 172973.28125 839.440612793
5.05482257963 173751.8125 852.491882324
5.06110576493 177094.28125 881.932250977
5.06738895024 179288.640625 891.599609375
5.07367213555 179068.859375 907.140075684
5.07995532085 182695.15625 936.415039062
5.08623850616 184171.890625 953.919433594
5.09252169147 187018.0625 974.091308594
5.09880487678 187927.65625 991.855651855
5.10508806208 189787.15625 1019.0501709
5.11137124739 191087.78125 1037.01635742
5.1176544327 192222.875 1051.59008789
5.123937618 196813.890625 1090.78393555
5.13022080331 197299.640625 1111.05029297
5.13650398862 199622.109375 1134.51013184
5.14278717393 201265.828125 1154.98059082
5.14907035923 205323.203125 1200.8392334
5.15535354454 208188.453125 1238.46118164
5.16163672985 210713.765625 1250.7722168
5.16791991516 210636.015625 1276.71057129
5.17420310046 212630.546875 1312.79602051
5.18048628577 216884.203125 1359.8873291
5.18676947108 222127.140625 1392.82177734
5.19305265638 219186.984375 1411.68676758
5.19933584169 220184.234375 1445.6986084
5.205619027 227689.890625 1505.59313965
5.21190221231 227059.546875 1523.37133789
5.21818539761 232592.265625 1589.70788574
5.22446858292 232130.203125 1629.68359375
5.23075176823 231432.734375 1630.05664062
5.23703495353 236478.421875 1693.82543945
5.24331813884 242192.546875 1780.68640137
5.24960132415 247275.046875 1854.70910645
5.25588450946 249011.890625 1860.17211914
5.26216769476 252207.359375 1929.2689209
5.26845088007 253601.921875 2011.17333984
5.27473406538 255332.328125 2061.88891602
5.28101725068 259374.796875 2095.36254883
5.28730043599 263609.5625 2192.76635742
5.2935836213 264941.625 2268.22070312
5.29986680661 274156.6875 2381.76196289
5.30614999191 272316.875 2401.75292969
5.31243317722 276571.5625 2507.61889648
5.31871636253 276873.3125 2608.66479492
5.32499954783 284181.875 2667.72216797
5.33128273314 288060.75 2792.03125
5.33756591845 291270.875 2931.07226562
5.34384910376 297897.375 3091.28857422
5.35013228906 298122.8125 3045.37573242
5.35641547437 302480.75 3275.09545898
5.36269865968 310660.4375 3506.64013672
5.36898184498 309731.0625 3561.98461914
5.37526503029 315594.9375 3589.93310547
5.3815482156 320187.125 3921.5715332
5.38783140091 328427.5 4275.19921875
5.39411458621 334303.3125 4248.18994141
5.40039777152 329701.0625 4273.98828125
5.40668095683 340529.25 4777.39941406
5.41296414214 340714.5 5263.15917969
5.41924732744 354718.3125 5061.33837891
5.42553051275 357680.8125 5355.14453125
5.43181369806 353985.5 5876.15673828
5.43809688336 360435.75 6734.58300781
5.44438006867 369335.5 6146.6953125
5.45066325398 377882.9375 6758.85791016
5.45694643929 399549.75 8070.03369141
5.46322962459 378612.6875 8697.17089844
5.4695128099 388238.875 7975.24902344
5.47579599521 385028.3125 8575.66796875
5.48207918051 400405.4375 10729.8798828
5.48836236582 410045.5 11885.4648438
5.49464555113 398317.0625 10802.3388672
5.50092873644 398864.3125 11922.2080078
5.50721192174 407517.9375 17956.9882812
5.51349510705 429377.6875 15348.8916016
5.51977829236 435244.3125 17272.8222656
5.52606147766 470128.0625 21416.1914062
5.53234466297 414194.25 30840.4101562
5.53862784828 456721.75 27427.4238281
5.54491103359 470936.6875 35596.5976562
5.55119421889 517909.1875 52486.8984375
5.5574774042 481241.4375 95360.015625
5.56376058951 244370.765625 58760.421875
5.57004377481 592896.375 352494.34375
