0.00942477796077 -934859.0 3390060.25
0.0157079632679 4294845.0 3038132.0
0.0219911485751 533470.0 1540398.875
0.0282743338823 3142034.0 1506929.125
0.0345575191895 295673.0 939637.9375
0.0408407044967 2528671.0 1023278.625
0.0471238898038 1755015.0 776335.0625
0.053407075111 1292578.0 694445.4375
0.0596902604182 1507878.0 606355.0625
0.0659734457254 1800334.0 574044.1875
0.0722566310326 670331.0 484977.0625
0.0785398163397 1142889.0 455660.875
0.0848230016469 450188.0 395644.0
0.0911061869541 1101943.0 400298.3125
0.0973893722613 1301688.0 368823.75
0.103672557568 845136.0 344417.78125
0.109955742876 848674.0 316134.3125
0.116238928183 451159.0 295500.0625
0.12252211349 791691.0 283976.65625
0.128805298797 908602.0 274028.4375
0.135088484104 687690.0 258131.71875
0.141371669412 692106.0 246030.359375
0.147654854719 420347.0 229285.0
0.153938040026 307732.0 221823.65625
0.160221225333 513430.0 211837.625
0.16650441064 423755.0 205288.3125
0.172787595947 613021.0 197636.984375
0.179070781255 1072833.0 202697.171875
0.185353966562 459240.0 182276.09375
0.191637151869 605205.0 182633.453125
0.197920337176 440785.0 170183.046875
0.204203522483 482794.0 168506.3125
0.210486707791 750703.0 164774.84375
0.216769893098 581641.0 159214.046875
0.223053078405 587163.0 154360.921875
0.229336263712 882102.0 153619.296875
0.235619449019 336873.0 144059.484375
0.241902634326 370842.0 140188.515625
0.248185819634 169891.0 134350.21875
0.254469004941 547015.0 135758.734375
0.260752190248 532399.0 131147.28125
0.267035375555 339295.0 126965.265625
0.273318560862 298919.0 122715.59375
0.279601746169 377702.0 121440.679688
0.285884931477 293995.0 117885.703125
0.292168116784 335241.0 116541.203125
0.298451302091 170378.0 111663.734375
0.304734487398 437345.0 112082.101562
0.311017672705 148478.0 106917.296875
0.317300858013 326360.0 106893.421875
0.32358404332 95224.0 102010.46875
0.329867228627 205419.0 101915.054688
0.336150413934 42823.0 97966.03125
0.342433599241 358787.0 99811.890625
0.348716784548 224420.0 95653.875
0.354999969856 242567.0 94895.6484375
0.361283155163 142924.0 92606.0390625
0.36756634047 -55710.0 89035.7890625
0.373849525777 185008.0 89727.6953125
0.380132711084 72422.0 86889.390625
0.386415896392 247702.0 87139.3984375
0.392699081699 132990.0 85112.3359375
0.398982267006 38725.0 82239.890625
0.405265452313 163388.0 83136.328125
0.41154863762 176004.0 80539.796875
0.417831822927 88187.0 80015.2109375
0.424115008235 -170.0 77644.6015625
0.430398193542 68643.0 76884.1796875
0.436681378849 156525.0 76488.078125
0.442964564156 4262.0 74634.5546875
0.449247749463 228943.0 74807.8203125
0.455530934771 24753.0 72593.390625
0.461814120078 114985.0 71511.65625
0.468097305385 28434.0 70942.4453125
0.474380490692 184914.0 70214.6171875
0.480663675999 231273.0 70042.7734375
0.486946861306 -59086.0 67447.09375
0.493230046614 84115.0 67383.4765625
0.499513231921 109865.0 66621.703125
0.505796417228 157722.0 66129.109375
0.512079602535 108548.0 64876.65625
0.518362787842 59345.0 63646.7460938
0.524645973149 75754.0 63318.8984375
0.530929158457 182375.0 63147.484375
0.537212343764 113562.0 61726.375
0.543495529071 184292.0 61602.5820312
0.549778714378 81696.0 60281.5507812
0.556061899685 175859.0 60493.7226562
0.562345084993 179377.0 59060.171875
0.5686282703 216113.0 58991.9453125
0.574911455607 232938.0 58448.5117188
0.581194640914 218167.0 57675.2695312
0.587477826221 258280.0 57252.0625
0.593761011528 185723.0 56398.6601562
0.600044196836 200196.0 55748.3125
0.606327382143 155696.0 55231.7109375
0.61261056745 237841.0 54672.8320312
0.618893752757 140645.0 53866.734375
0.625176938064 115001.0 53204.4921875
0.631460123372 128360.0 52837.7617188
0.637743308679 108822.0 51983.1835938
0.644026493986 180124.0 52033.796875
0.650309679293 112796.0 51055.8515625
0.6565928646 221994.0 51120.0625
0.662876049907 151099.0 50323.7617188
0.669159235215 186551.0 50046.640625
0.675442420522 107499.0 49090.3671875
0.681725605829 85117.0 48908.5117188
0.688008791136 145113.0 48319.0195312
0.694291976443 91980.0 48055.7109375
0.700575161751 161194.0 47461.4492188
0.706858347058 69786.0 46975.5390625
0.713141532365 126700.0 46640.1835938
0.719424717672 63914.0 46048.9023438
0.725707902979 83863.0 45702.28125
0.731991088286 106552.0 45463.7929688
0.738274273594 215030.0 45356.9726562
0.744557458901 232161.0 45192.0820312
0.750840644208 240275.0 44754.3984375
0.757123829515 92223.0 43841.6445312
0.763407014822 150346.0 43675.8515625
0.769690200129 87482.0 43181.6796875
0.775973385437 148910.0 42873.234375
0.782256570744 167106.0 42729.1914062
0.788539756051 155135.0 42204.9296875
0.794822941358 118213.0 42134.0625
0.801106126665 15016.0 41137.8359375
0.807389311973 98353.0 41209.6289062
0.81367249728 126490.0 40850.671875
0.819955682587 17407.0 40302.7539062
0.826238867894 102776.0 40221.3554688
0.832522053201 -3506.0 39558.3632812
0.838805238508 13914.0 39261.15625
0.845088423816 14135.0 39255.1835938
0.851371609123 54541.0 38864.640625
0.85765479443 64588.0 38609.6132812
0.863937979737 9347.0 38237.3046875
0.870221165044 79986.0 38115.3398438
0.876504350352 24452.0 37751.0078125
0.882787535659 15559.0 37343.75
0.889070720966 -10526.0 37109.7070312
0.895353906273 -111327.0 36558.203125
0.90163709158 3364.0 36517.5195312
0.907920276887 9175.0 36420.8125
0.914203462195 38584.0 36060.6679688
0.920486647502 9898.0 35946.59375
0.926769832809 -11903.0 35500.546875
0.933053018116 -90706.0 35117.59375
0.939336203423 19170.0 35099.9257812
0.945619388731 -62252.0 34829.9492188
0.951902574038 -14631.0 34589.8125
0.958185759345 -44772.0 34371.7382812
0.964468944652 -43187.0 33959.6328125
0.970752129959 3944.0 34024.4609375
0.977035315266 2549.0 33775.2734375
0.983318500574 -13436.0 33554.828125
0.989601685881 -79902.0 33123.4960938
0.995884871188 -48929.0 32966.5625
1.0021680565 13211.0 32944.140625
1.0084512418 -66709.0 32608.4453125
1.01473442711 -16909.0 32382.5839844
1.02101761242 -30426.0 32214.5722656
1.02730079772 -18885.0 32084.2753906
1.03358398303 -36288.0 31799.421875
1.03986716834 19197.0 31749.078125
1.04615035365 -36129.0 31488.4394531
1.05243353895 13033.0 31339.90625
1.05871672426 -69702.0 31059.9667969
1.06499990957 -40340.0 30808.6015625
1.07128309487 -37854.0 30707.7402344
1.07756628018 -23321.0 30537.8417969
1.08384946549 -73354.0 30275.8828125
1.0901326508 1809.0 30264.3515625
1.0964158361 -36631.0 29984.8242188
1.10269902141 -42436.0 29789.0214844
1.10898220672 -74771.0 29613.7011719
1.11526539202 -66891.0 29470.5664062
1.12154857733 -68291.0 29252.2089844
1.12783176264 -11367.0 29175.8476562
1.13411494795 -58571.0 28940.6757812
1.14039813325 -124427.0 28700.7714844
1.14668131856 -26860.0 28686.4570312
1.15296450387 -16569.0 28504.5234375
1.15924768917 -61321.0 28363.3125
1.16553087448 -55263.0 28154.796875
1.17181405979 -118517.0 27914.9257812
1.1780972451 -26704.0 27859.9277344
1.1843804304 -6773.0 27934.296875
1.19066361571 -22828.0 27619.2539062
1.19694680102 1000.0 27620.0644531
1.20322998632 -42966.0 27234.0800781
1.20951317163 -33148.0 27278.5957031
1.21579635694 -46816.0 26986.3847656
1.22207954225 -85253.0 26839.6972656
1.22836272755 -2309.0 26802.125
1.23464591286 -15211.0 26673.9550781
1.24092909817 -38975.0 26571.7128906
1.24721228348 -22113.0 26378.1875
1.25349546878 5100.0 26311.6269531
1.25977865409 -62418.0 26067.5292969
1.2660618394 1835.0 26037.3378906
1.2723450247 -32218.0 25886.8964844
1.27862821001 -56852.0 25632.3574219
1.28491139532 -28138.0 25667.4199219
1.29119458063 -46341.0 25379.8378906
1.29747776593 -38433.0 25387.5371094
1.30376095124 3418.0 25301.9375
1.31004413655 24982.0 25247.1875
1.31632732185 -52340.0 24936.7382812
1.32261050716 42785.0 25028.9101562
1.32889369247 -62587.0 24711.6914062
1.33517687778 -17474.0 24673.6835938
1.34146006308 3717.0 24536.4238281
1.34774324839 -53773.0 24408.3867188
1.3540264337 -18551.0 24335.5
1.360309619 -19759.0 24201.7011719
1.36659280431 -22846.0 24109.4492188
1.37287598962 -25119.0 23947.5820312
1.37915917493 -31590.0 23888.8828125
1.38544236023 3551.0 23813.7910156
1.39172554554 -15228.0 23649.2519531
1.39800873085 -31849.0 23550.7382812
1.40429191615 -5609.0 23453.15625
1.41057510146 -26386.0 23355.734375
1.41685828677 30366.0 23303.7617188
1.42314147208 57.0 23219.9902344
1.42942465738 -18623.0 23008.1582031
1.43570784269 40522.0 23055.0332031
1.441991028 50962.0 22930.4882812
1.4482742133 8790.0 22834.03125
1.45455739861 -47845.0 22571.5839844
1.46084058392 36946.0 22643.65625
1.46712376923 24968.0 22499.2050781
1.47340695453 42534.0 22481.8242188
1.47969013984 57984.0 22380.4199219
1.48597332515 -4370.0 22193.5722656
1.49225651046 -6654.0 22101.8046875
1.49853969576 51543.0 22135.4941406
1.50482288107 68796.0 21993.5605469
1.51110606638 71074.0 21960.2207031
1.51738925168 45458.0 21791.7167969
1.52367243699 109383.0 21827.8222656
1.5299556223 84944.0 21675.8984375
1.53623880761 28878.0 21506.7148438
1.54252199291 74341.0 21521.0097656
1.54880517822 66673.0 21421.6210938
1.55508836353 53862.0 21252.71875
1.56137154883 36982.0 21226.9921875
1.56765473414 81844.0 21164.9003906
1.57393791945 95005.0 21105.4589844
1.58022110476 86801.0 20992.2226562
1.58650429006 105754.0 20973.7929688
1.59278747537 78658.0 20847.8613281
1.59907066068 128997.0 20795.6015625
1.60535384598 98270.0 20694.7539062
1.61163703129 103021.0 20642.5390625
1.6179202166 104165.0 20547.4101562
1.62420340191 89955.0 20443.3105469
1.63048658721 134319.0 20437.5917969
1.63676977252 73725.0 20262.0585938
1.64305295783 110806.0 20242.2773438
1.64933614313 105289.0 20180.0644531
1.65561932844 86126.0 20022.8710938
1.66190251375 85989.0 19995.3535156
1.66818569906 85423.0 19862.5507812
1.67446888436 116618.0 19912.9667969
1.68075206967 109406.0 19783.59375
1.68703525498 120688.0 19704.3496094
1.69331844028 122693.0 19647.4082031
1.69960162559 131893.0 19647.3945312
1.7058848109 136678.0 19491.5605469
1.71216799621 130702.0 19476.3535156
1.71845118151 143183.0 19376.1757812
1.72473436682 174925.0 19404.0996094
1.73101755213 159413.0 19283.421875
1.73730073744 153662.0 19182.3710938
1.74358392274 138863.0 19151.5429688
1.74986710805 199891.0 19128.1015625
1.75615029336 175210.0 19024.03125
1.76243347866 202971.0 19007.8066406
1.76871666397 173936.0 18886.0195312
1.77499984928 203438.0 18881.8691406
1.78128303459 196887.0 18767.4003906
1.78756621989 174815.0 18723.5566406
1.7938494052 200741.0 18631.8710938
1.80013259051 179032.0 18610.8984375
1.80641577581 186517.0 18496.4609375
1.81269896112 197095.0 18492.8710938
1.81898214643 179304.0 18360.1230469
1.82526533174 212547.0 18364.4824219
1.83154851704 191828.0 18269.9335938
1.83783170235 232207.0 18263.6582031
1.84411488766 162165.0 18084.3085938
1.85039807296 195712.0 18106.8730469
1.85668125827 192644.0 18013.96875
1.86296444358 190495.0 17977.0625
1.86924762889 193437.0 17890.0449219
1.87553081419 207613.0 17859.8222656
1.8818139995 239650.0 17853.2871094
1.88809718481 265755.0 17828.4960938
1.89438037011 257334.0 17766.0839844
1.90066355542 232421.0 17627.9199219
1.90694674073 233819.0 17614.4101562
1.91322992604 257398.0 17592.8183594
1.91951311134 309839.0 17566.5625
1.92579629665 295801.0 17527.4492188
1.93207948196 265363.0 17385.3808594
1.93836266726 308855.0 17459.6738281
1.94464585257 292369.0 17315.3261719
1.95092903788 324725.0 17328.5996094
1.95721222319 306750.0 17229.25
1.96349540849 342103.0 17241.0410156
1.9697785938 350086.0 17192.8945312
1.97606177911 334986.0 17097.7011719
1.98234496442 362661.0 17097.4179688
1.98862814972 345000.0 17030.0449219
1.99491133503 340693.0 16960.4472656
2.00119452034 387788.0 16971.8085938
2.00747770564 384873.0 16909.8535156
2.01376089095 351016.0 16831.9042969
2.02004407626 379529.0 16791.5605469
2.02632726157 379534.0 16727.8613281
2.03261044687 380925.0 16695.5078125
2.03889363218 400488.0 16693.7324219
2.04517681749 397926.0 16599.953125
2.05146000279 450513.0 16623.6191406
2.0577431881 438985.0 16558.6386719
2.06402637341 423839.0 16498.234375
2.07030955872 421002.0 16428.9785156
2.07659274402 467503.0 16443.8417969
2.08287592933 440100.0 16385.5644531
2.08915911464 486514.0 16385.2265625
2.09544229994 479705.0 16286.5947266
2.10172548525 484293.0 16296.421875
2.10800867056 499188.0 16225.6601562
2.11429185587 449112.0 16136.7666016
2.12057504117 483776.0 16129.2236328
2.12685822648 508979.0 16102.6396484
2.13314141179 505671.0 16052.3027344
2.13942459709 530068.0 16028.0048828
2.1457077824 547298.0 16011.0996094
2.15199096771 519016.0 15950.4589844
2.15827415302 544804.0 15885.3212891
2.16455733832 620182.0 15978.1396484
2.17084052363 559451.0 15814.3017578
2.17712370894 580864.0 15839.578125
2.18340689424 565664.0 15761.7470703
2.18969007955 579012.0 15716.5136719
2.19597326486 581371.0 15676.8525391
2.20225645017 567254.0 15630.65625
2.20853963547 600431.0 15616.7734375
2.21482282078 578917.0 15546.9716797
2.22110600609 624605.0 15540.8203125
2.2273891914 627247.0 15534.4794922
2.2336723767 616380.0 15434.6523438
2.23995556201 640139.0 15455.2792969
2.24623874732 661509.0 15414.2939453
2.25252193262 647891.0 15370.8105469
2.25880511793 684582.0 15370.9970703
2.26508830324 679596.0 15297.5566406
2.27137148855 681638.0 15291.2373047
2.27765467385 678746.0 15211.3378906
2.28393785916 716004.0 15228.4257812
2.29022104447 664980.0 15137.0458984
2.29650422977 704650.0 15108.3876953
2.30278741508 730437.0 15147.4912109
2.30907060039 724879.0 15049.5126953
2.3153537857 752565.0 15070.8671875
2.321636971 724782.0 14966.7265625
2.32792015631 761932.0 15003.9169922
2.33420334162 763383.0 14958.6650391
2.34048652692 761526.0 14900.4316406
2.34676971223 770933.0 14871.5791016
2.35305289754 797055.0 14862.5791016
2.35933608285 787421.0 14817.015625
2.36561926815 774101.0 14782.734375
2.37190245346 779319.0 14707.1933594
2.37818563877 804671.0 14729.9960938
2.38446882407 821277.0 14687.4326172
2.39075200938 832814.0 14677.4394531
2.39703519469 803796.0 14608.0449219
2.40331838 842113.0 14595.9296875
2.4096015653 851476.0 14564.8886719
2.41588475061 856358.0 14541.5742188
2.42216793592 888179.0 14521.6699219
2.42845112122 890268.0 14524.21875
2.43473430653 907176.0 14468.2080078
2.44101749184 949355.0 14496.4482422
2.44730067715 930761.0 14411.2207031
2.45358386245 940844.0 14423.1494141
2.45986704776 971690.0 14386.3642578
2.46615023307 989527.0 14381.4492188
2.47243341838 1013894.0 14370.9033203
2.47871660368 1033512.0 14360.8808594
2.48499978899 1051393.0 14325.4150391
2.4912829743 1037869.0 14279.609375
2.4975661596 1068024.0 14289.5566406
2.50384934491 1090054.0 14254.6425781
2.51013253022 1086986.0 14223.3974609
2.51641571553 1102024.0 14210.1503906
2.52269890083 1103767.0 14154.5703125
2.52898208614 1138132.0 14185.3955078
2.53526527145 1154885.0 14142.0068359
2.54154845675 1168355.0 14132.9267578
2.54783164206 1166295.0 14085.5400391
2.55411482737 1212623.0 14121.0917969
2.56039801268 1207504.0 14063.6181641
2.56668119798 1210669.0 14014.9091797
2.57296438329 1210443.0 14005.4853516
2.5792475686 1254355.0 14009.9384766
2.5855307539 1246896.0 13954.1416016
2.59181393921 1277103.0 13968.7558594
2.59809712452 1320460.0 13969.1357422
2.60438030983 1328327.0 13956.2275391
2.61066349513 1352317.0 13913.4550781
2.61694668044 1354924.0 13914.0224609
2.62322986575 1404197.0 13922.78125
2.62951305105 1412073.0 13875.3486328
2.63579623636 1424131.0 13874.3164062
2.64207942167 1444436.0 13849.5097656
2.64836260698 1477984.0 13854.2382812
2.65464579228 1500835.0 13832.8505859
2.66092897759 1530211.0 13834.7119141
2.6672121629 1527409.0 13812.4667969
2.6734953482 1564799.0 13785.0214844
2.67977853351 1583395.0 13794.25
2.68606171882 1602294.0 13768.2753906
2.69234490413 1617046.0 13764.4648438
2.69862808943 1660319.0 13765.6025391
2.70491127474 1689045.0 13767.9853516
2.71119446005 1679028.0 13716.8056641
2.71747764536 1700749.0 13704.2001953
2.72376083066 1749351.0 13713.0380859
2.73004401597 1763559.0 13687.4882812
2.73632720128 1782717.0 13705.8466797
2.74261038658 1792545.0 13666.2783203
2.74889357189 1862398.0 13683.4814453
2.7551767572 1830502.0 13648.0488281
2.76145994251 1875974.0 13635.5644531
2.76774312781 1890282.0 13633.6660156
2.77402631312 1916108.0 13616.6962891
2.78030949843 1944994.0 13620.2246094
2.78659268373 1978597.0 13620.265625
2.79287586904 2006807.0 13614.5214844
2.79915905435 2025668.0 13584.6728516
2.80544223966 2048312.0 13594.0986328
2.81172542496 2074459.0 13566.1679688
2.81800861027 2103910.0 13609.0634766
2.82429179558 2141579.0 13554.5625
2.83057498088 2173686.0 13575.3486328
2.83685816619 2189040.0 13559.0507812
2.8431413515 2198808.0 13541.9980469
2.84942453681 2216725.0 13523.7041016
2.85570772211 2276548.0 13546.9765625
2.86199090742 2294741.0 13537.2626953
2.86827409273 2322599.0 13527.4101562
2.87455727803 2371431.0 13537.0761719
2.88084046334 2400057.0 13542.1308594
2.88712364865 2406175.0 13507.7451172
2.89340683396 2468329.0 13548.3554688
2.89969001926 2481988.0 13518.6064453
2.90597320457 2534240.0 13541.5527344
2.91225638988 2576357.0 13530.0625
2.91853957518 2605779.0 13546.4199219
2.92482276049 2641363.0 13534.7548828
2.9311059458 2644488.0 13510.4121094
2.93738913111 2696888.0 13535.3486328
2.94367231641 2722699.0 13521.0019531
2.94995550172 2767227.0 13525.8701172
2.95623868703 2810912.0 13551.796875
2.96252187234 2865456.0 13545.7490234
2.96880505764 2891887.0 13556.1533203
2.97508824295 2934083.0 13559.6972656
2.98137142826 2985529.0 13571.8691406
2.98765461356 2998985.0 13550.1728516
2.99393779887 3063179.0 13586.1699219
3.00022098418 3104757.0 13595.4287109
3.00650416949 3156822.0 13602.5654297
3.01278735479 3194596.0 13602.0996094
3.0190705401 3230724.0 13612.0683594
3.02535372541 3272239.0 13602.7119141
3.03163691071 3315423.0 13627.4755859
3.03792009602 3342787.0 13601.9228516
3.04420328133 3429774.0 13664.3574219
3.05048646664 3455773.0 13653.3388672
3.05676965194 3495773.0 13662.0224609
3.06305283725 3565239.0 13676.7900391
3.06933602256 3608255.0 13698.1865234
3.07561920786 3634551.0 13672.8671875
3.08190239317 3701543.0 13726.3037109
3.08818557848 3754421.0 13718.0292969
3.09446876379 3788621.0 13735.8408203
3.10075194909 3859639.0 13742.8818359
3.1070351344 3909041.0 13781.609375
3.11331831971 3984437.0 13793.5332031
3.11960150501 4010153.0 13806.1728516
3.12588469032 4077821.0 13810.2412109
3.13216787563 4125255.0 13837.7763672
3.13845106094 4205785.0 13869.6347656
3.14473424624 4257491.0 13875.8496094
3.15101743155 4291735.0 13893.7617188
3.15730061686 4380523.0 13920.3222656
3.16358380216 4440133.0 13940.3828125
3.16986698747 4498587.0 13969.6933594
3.17615017278 4580953.0 13984.3974609
3.18243335809 4626203.0 14022.7792969
3.18871654339 4687417.0 14015.9257812
3.1949997287 4793025.0 14085.1591797
3.20128291401 4832795.0 14083.4277344
3.20756609932 4940085.0 14159.2441406
3.21384928462 4957935.0 14115.2851562
3.22013246993 5020853.0 14174.7080078
3.22641565524 5040327.0 14195.9765625
3.23269884054 5045593.0 14228.8242188
3.23898202585 5084213.0 14255.6582031
3.24526521116 5078859.0 14278.9511719
3.25154839647 5100293.0 14305.2607422
3.25783158177 5141803.0 14353.140625
3.26411476708 5153633.0 14372.8574219
3.27039795239 5193575.0 14430.4404297
3.27668113769 5151675.0 14395.3916016
3.282964323 5221651.0 14479.1337891
3.28924750831 5196651.0 14473.1679688
3.29553069362 5261739.0 14540.4765625
3.30181387892 5256367.0 14542.8076172
3.30809706423 5260621.0 14583.6103516
3.31438024954 5318449.0 14627.1601562
3.32066343484 5340399.0 14672.5478516
3.32694662015 5321969.0 14672.2441406
3.33322980546 5336317.0 14689.8681641
3.33951299077 5404733.0 14767.7080078
3.34579617607 5386517.0 14774.0087891
3.35207936138 5434417.0 14826.4707031
3.35836254669 5457855.0 14871.4189453
3.36464573199 5478719.0 14903.2548828
3.3709289173 5463675.0 14896.1396484
3.37721210261 5474883.0 14944.3085938
3.38349528792 5532797.0 14984.8994141
3.38977847322 5584491.0 15059.5625
3.39606165853 5586253.0 15085.4335938
3.40234484384 5610341.0 15116.8886719
3.40862802914 5641339.0 15173.4970703
3.41491121445 5648205.0 15166.6816406
3.42119439976 5685069.0 15256.5351562
3.42747758507 5703509.0 15260.8554688
3.43376077037 5729775.0 15313.5283203
3.44004395568 5794177.0 15387.7988281
3.44632714099 5790253.0 15408.359375
3.4526103263 5832039.0 15447.9589844
3.4588935116 5874343.0 15530.2041016
3.46517669691 5906541.0 15553.7939453
3.47145988222 5917637.0 15599.4082031
3.47774306752 5954423.0 15637.8603516
3.48402625283 5984625.0 15698.7568359
3.49030943814 6020951.0 15758.0478516
3.49659262345 6053791.0 15777.6416016
3.50287580875 6069225.0 15848.0234375
3.50915899406 6085471.0 15870.7539062
3.51544217937 6123651.0 15923.7451172
3.52172536467 6173157.0 15992.3583984
3.52800854998 6168891.0 16012.7617188
3.53429173529 6184121.0 16048.53125
3.5405749206 6244245.0 16110.0888672
3.5468581059 6254411.0 16175.1464844
3.55314129121 6274971.0 16170.6914062
3.55942447652 6312179.0 16272.9804688
3.56570766182 6372641.0 16330.3144531
3.57199084713 6382061.0 16370.8886719
3.57827403244 6378801.0 16383.3095703
3.58455721775 6460083.0 16493.8632812
3.59084040305 6465097.0 16525.6582031
3.59712358836 6514085.0 16587.2070312
3.60340677367 6532781.0 16624.1660156
3.60968995897 6546025.0 16687.3710938
3.61597314428 6616523.0 16743.125
3.62225632959 6616657.0 16799.9902344
3.6285395149 6689255.0 16878.9160156
3.6348227002 6716547.0 16929.6015625
3.64110588551 6760747.0 16986.9941406
3.64738907082 6797585.0 17060.2773438
3.65367225612 6855135.0 17157.0957031
3.65995544143 6895631.0 17202.2734375
3.66623862674 6930955.0 17263.9042969
3.67252181205 6958859.0 17339.9277344
3.67880499735 7027435.0 17413.4589844
3.68508818266 7044887.0 17472.5195312
3.69137136797 7090193.0 17541.3808594
3.69765455328 7162567.0 17635.1171875
3.70393773858 7170545.0 17681.0625
3.71022092389 7207905.0 17741.5761719
3.7165041092 7275403.0 17838.4589844
3.7227872945 7296879.0 17897.8613281
3.72907047981 7332411.0 17959.7792969
3.73535366512 7368271.0 18035.546875
3.74163685043 7432349.0 18120.8339844
3.74792003573 7476969.0 18201.6679688
3.75420322104 7484189.0 18229.5097656
3.76048640635 7559401.0 18355.3203125
3.76676959165 7589751.0 18422.09375
3.77305277696 7586879.0 18464.2597656
3.77933596227 7659633.0 18524.2734375
3.78561914758 7683893.0 18640.015625
3.79190233288 7704487.0 18665.6757812
3.79818551819 7788451.0 18798.9609375
3.8044687035 7837699.0 18879.0839844
3.8107518888 7853003.0 18949.6660156
3.81703507411 7904501.0 19024.171875
3.82331825942 7973431.0 19128.5058594
3.82960144473 8013669.0 19211.7558594
3.83588463003 8092891.0 19344.2695312
3.84216781534 8110563.0 19377.0917969
3.84845100065 8171889.0 19507.8535156
3.85473418595 8267779.0 19627.7089844
3.86101737126 8295005.0 19710.8945312
3.86730055657 8339173.0 19800.6171875
3.87358374188 8428697.0 19916.2695312
3.87986692718 8497051.0 20048.6582031
3.88615011249 8548033.0 20117.0449219
3.8924332978 8588225.0 20241.4140625
3.8987164831 8636849.0 20310.0371094
3.90499966841 8715413.0 20440.8984375
3.91128285372 8782413.0 20589.4941406
3.91756603903 8857287.0 20676.1191406
3.92384922433 8908101.0 20798.7539062
3.93013240964 8949845.0 20880.2324219
3.93641559495 9032739.0 21047.4628906
3.94269878026 9074157.0 21098.2109375
3.94898196556 9151831.0 21246.453125
3.95526515087 9183273.0 21348.8769531
3.96154833618 9265765.0 21495.9042969
3.96783152148 9333129.0 21595.1972656
3.97411470679 9392447.0 21743.3554688
3.9803978921 9473211.0 21864.3242188
3.98668107741 9489265.0 21971.0566406
3.99296426271 9569523.0 22067.515625
3.99924744802 9658469.0 22264.6464844
4.00553063333 9770329.0 22419.2773438
4.01181381863 9797997.0 22520.6542969
4.01809700394 9813015.0 22602.5332031
4.02438018925 9977111.0 22841.5488281
4.03066337456 10006753.0 22950.9335938
4.03694655986 10138383.0 23128.4199219
4.04322974517 10204977.0 23272.3320312
4.04951293048 10253363.0 23418.9882812
4.05579611578 10363451.0 23594.8398438
4.06207930109 10388329.0 23721.2167969
4.0683624864 10507499.0 23863.5195312
4.07464567171 10540019.0 24046.5429688
4.08092885701 10651347.0 24195.1328125
4.08721204232 10672585.0 24296.0820312
4.09349522763 10789105.0 24537.3300781
4.09977841293 10849893.0 24669.0214844
4.10606159824 10961441.0 24866.0605469
4.11234478355 10975835.0 24984.2285156
4.11862796886 11081229.0 25161.03125
4.12491115416 11197465.0 25431.609375
4.13119433947 11249293.0 25527.9042969
4.13747752478 11347975.0 25750.15625
4.14376071008 11430849.0 25920.8242188
4.15004389539 11520469.0 26126.0390625
4.1563270807 11606487.0 26325.6992188
4.16261026601 11721181.0 26535.0898438
4.16889345131 11790023.0 26733.3652344
4.17517663662 11891451.0 26944.9707031
4.18145982193 11976289.0 27133.4453125
4.18774300724 12079113.0 27360.2480469
4.19402619254 12262785.0 27709.1347656
4.20030937785 12326113.0 27888.9570312
4.20659256316 12452063.0 28098.4316406
4.21287574846 12514861.0 28371.8945312
4.21915893377 12689483.0 28622.5800781
4.22544211908 12734649.0 28814.7089844
4.23172530439 12846673.0 29075.1523438
4.23800848969 13031101.0 29442.6425781
4.244291675 13087067.0 29619.3632812
4.25057486031 13206403.0 29848.4726562
4.25685804561 13248633.0 30104.1347656
4.26314123092 13354163.0 30353.5996094
4.26942441623 13397527.0 30548.3027344
4.27570760154 13617119.0 30956.6894531
4.28199078684 13672569.0 31172.8964844
4.28827397215 13792565.0 31482.5058594
4.29455715746 13899113.0 31734.6308594
4.30084034276 13952269.0 31994.3691406
4.30712352807 14065437.0 32293.6445312
4.31340671338 14175155.0 32592.7421875
4.31968989869 14241195.0 32897.2539062
4.32597308399 14429473.0 33216.34375
4.3322562693 14528841.0 33575.7890625
4.33853945461 14626059.0 33889.625
4.34482263991 14694045.0 34129.2578125
4.35110582522 14792201.0 34535.5664062
4.35738901053 14928279.0 34815.6210938
4.36367219584 15067559.0 35243.34375
4.36995538114 15150587.0 35544.3515625
4.37623856645 15310055.0 36017.03125
4.38252175176 15480645.0 36465.9140625
4.38880493706 15497813.0 36632.8085938
4.39508812237 15619573.0 37139.7304688
4.40137130768 15789485.0 37529.8085938
4.40765449299 15803837.0 37842.7304688
4.41393767829 15947745.0 38257.9023438
4.4202208636 16139609.0 38769.2539062
4.42650404891 16069875.0 39060.109375
4.43278723422 16297451.0 39465.375
4.43907041952 16367065.0 40032.6015625
4.44535360483 16435879.0 40296.4335938
4.45163679014 16525935.0 40820.2695312
4.45791997544 16528627.0 41085.7890625
4.46420316075 16772689.0 41739.765625
4.47048634606 16747081.0 42135.9882812
4.47676953137 16922580.0 42640.4492188
4.48305271667 16905784.0 42996.0507812
4.48933590198 17068324.0 43614.703125
4.49561908729 17019256.0 43946.0507812
4.50190227259 17016560.0 44376.1132812
4.5081854579 17256512.0 44991.7265625
4.51446864321 17142612.0 45351.1992188
4.52075182852 17273916.0 45965.9375
4.52703501382 17236428.0 46342.5078125
4.53331819913 17363640.0 46979.1171875
4.53960138444 17327144.0 47428.0195312
4.54588456974 17288192.0 47897.2617188
4.55216775505 17341236.0 48426.96875
4.55845094036 17246720.0 48730.7226562
4.56473412567 17314428.0 49414.6289062
4.57101731097 17406972.0 49973.5546875
4.57730049628 17438232.0 50446.0273438
4.58358368159 17537752.0 51116.9765625
4.58986686689 17537264.0 51579.1015625
4.5961500522 17591840.0 52138.0390625
4.60243323751 17607180.0 52638.9609375
4.60871642282 17653880.0 53133.5429688
4.61499960812 17834208.0 54033.5703125
4.62128279343 17924588.0 54556.1171875
4.62756597874 17992260.0 55222.09375
4.63384916404 17941896.0 55618.671875
4.64013234935 18182156.0 56608.7734375
4.64641553466 18084764.0 56836.6875
4.65269871997 18025696.0 57217.9804688
4.65898190527 18238324.0 58194.953125
4.66526509058 18484704.0 59156.9296875
4.67154827589 18592524.0 59822.4882812
4.6778314612 18574772.0 60318.4570312
4.6841146465 18697676.0 61218.390625
4.69039783181 18681004.0 61641.046875
4.69668101712 18735728.0 62230.7773438
4.70296420242 18850064.0 63196.8867188
4.70924738773 19228392.0 64501.46875
4.71553057304 19170916.0 64799.0390625
4.72181375835 19387312.0 65915.8359375
4.72809694365 19447084.0 66664.3125
4.73438012896 19407776.0 67197.5859375
4.74066331427 19466636.0 67789.265625
4.74694649957 19576576.0 68809.078125
4.75322968488 19882936.0 70005.0625
4.75951287019 19926444.0 70763.8203125
4.7657960555 20115860.0 71860.53125
4.7720792408 20072568.0 72357.3515625
4.77836242611 20393312.0 73825.0859375
4.78464561142 20409824.0 74574.4921875
4.79092879672 20427672.0 75099.796875
4.79721198203 20664772.0 76567.1484375
4.80349516734 20889620.0 77926.21875
4.80977835265 20917128.0 78493.25
4.81606153795 20998000.0 79507.390625
4.82234472326 21245844.0 80916.3828125
4.82862790857 21241024.0 81820.828125
4.83491109387 21353944.0 82489.8828125
4.84119427918 21737288.0 84549.984375
4.84747746449 21732424.0 85459.2890625
4.8537606498 21806248.0 86353.859375
4.8600438351 22128500.0 87897.125
4.86632702041 22159528.0 89139.09375
4.87261020572 22506576.0 90799.28125
4.87889339102 22346212.0 91259.6484375
4.88517657633 22743720.0 93211.3359375
4.89145976164 22914620.0 94888.578125
4.89774294695 22886644.0 95715.9921875
4.90402613225 23284476.0 97604.3125
4.91030931756 23393556.0 99075.7890625
4.91659250287 23723628.0 101080.546875
4.92287568818 23635436.0 101947.96875
4.92915887348 24110860.0 104262.65625
4.93544205879 24175460.0 105426.125
4.9417252441 24181888.0 107051.4375
4.9480084294 24412672.0 108816.570312
4.95429161471 24909924.0 111089.75
4.96057480002 24803312.0 112435.335938
4.96685798533 25079432.0 114848.570312
4.97314117063 25440560.0 116558.992188
4.97942435594 25714128.0 118791.390625
4.98570754125 25554900.0 120191.289062
4.99199072655 25985188.0 123096.9375
4.99827391186 26314864.0 124737.78125
5.00455709717 26344484.0 126832.539062
5.01084028248 26938184.0 130573.5625
5.01712346778 27072884.0 132787.140625
5.02340665309 27149068.0 133661.078125
5.0296898384 27325768.0 136610.203125
5.0359730237 27905148.0 140518.109375
5.04225620901 28202636.0 142980.84375
5.04853939432 27929892.0 143991.390625
5.05482257963 28514588.0 147830.546875
5.06110576493 29007480.0 152621.90625
5.06738895024 28992128.0 152862.03125
5.07367213555 29306896.0 156828.03125
5.07995532085 29583260.0 160572.125
5.08623850616 29963196.0 164055.796875
5.09252169147 30260596.0 166787.078125
5.09880487678 30409944.0 169803.828125
5.10508806208 30687756.0 174298.359375
5.11137124739 31130948.0 178259.734375
5.1176544327 31457024.0 181297.078125
5.123937618 31641880.0 185541.71875
5.13022080331 32276384.0 191312.828125
5.13650398862 32559252.0 194853.5625
5.14278717393 32561144.0 197160.078125
5.14907035923 33009180.0 203908.171875
5.15535354454 33840460.0 211850.484375
5.16163672985 33905172.0 212299.703125
5.16791991516 33917236.0 216818.6875
5.17420310046 34638720.0 224746.765625
5.18048628577 35178292.0 231903.609375
5.18676947108 34878004.0 231757.5
5.19305265638 35830392.0 242018.546875
5.19933584169 36322408.0 249468.171875
5.205619027 36405876.0 253603.609375
5.21190221231 36917100.0 259801.421875
5.21818539761 37724496.0 270391.03125
5.22446858292 37750380.0 277760.46875
5.23075176823 37501420.0 277112.46875
5.23703495353 39174456.0 292510.15625
5.24331813884 39501712.0 303706.625
5.24960132415 39205320.0 309457.125
5.25588450946 40478076.0 316162.78125
5.26216769476 40961512.0 327545.53125
5.26845088007 40408876.0 336492.21875
5.27473406538 42132172.0 354161.625
5.28101725068 42166524.0 355668.25
5.28730043599 42224496.0 367812.75
5.2935836213 43423728.0 387146.03125
5.29986680661 44451036.0 402711.96875
5.30614999191 43880556.0 404253.59375
5.31243317722 44021860.0 417871.71875
5.31871636253 45746928.0 447431.46875
5.32499954783 46012032.0 450042.75
5.33128273314 46907756.0 472913.90625
5.33756591845 47836832.0 499621.15625
5.34384910376 47558712.0 514991.53125
5.35013228906 47180840.0 503873.59375
5.35641547437 49526044.0 556295.75
5.36269865968 48915616.0 577034.9375
5.36898184498 49129196.0 589611.5
5.37526503029 50833816.0 601132.8125
5.3815482156 51628060.0 656921.8125
5.38783140091 50912420.0 693473.1875
5.39411458621 50421396.0 673787.75
5.40039777152 53393364.0 717807.625
5.40668095683 53455400.0 781740.625
5.41296414214 55881112.0 892182.3125
5.41924732744 55964208.0 830449.0625
5.42553051275 55010320.0 860479.4375
5.43181369806 54674904.0 947807.0625
5.43809688336 56189688.0 1093750.625
5.44438006867 58795344.0 1014634.3125
5.45066325398 58752976.0 1093582.875
5.45694643929 58672104.0 1243634.75
5.46322962459 61064016.0 1450044.875
5.4695128099 60058712.0 1283909.25
5.47579599521 62746992.0 1441434.125
5.48207918051 63787488.0 1768042.0
5.48836236582 63216040.0 1904592.75
5.49464555113 64219480.0 1798015.625
5.50092873644 70489816.0 2142701.0
5.50721192174 67001624.0 3036258.25
5.51349510705 61273368.0 2303589.75
5.51977829236 65502544.0 2707604.25
5.52606147766 68963176.0 3276987.25
5.53234466297 77015064.0 5784598.5
5.53862784828 70487480.0 4384209.0
5.54491103359 69030304.0 5443046.0
5.55119421889 87719904.0 9059093.0
5.5574774042 78420904.0 15941822.0
5.56376058951 83112792.0 18193450.0
5.57004377481 51296472.0 34452304.0
