0.00942477796077 481049.375 595669.25
0.0157079632679 193309.0 323780.21875
0.0219911485751 363228.75 228381.078125
0.0282743338823 293746.25 181240.234375
0.0345575191895 296855.625 137138.34375
0.0408407044967 346237.375 131307.375
0.0471238898038 380344.25 106563.132812
0.053407075111 186877.25 89075.640625
0.0596902604182 223057.25 78130.4609375
0.0659734457254 197913.875 71556.03125
0.0722566310326 219421.875 66148.0
0.0785398163397 243352.75 60858.2851562
0.0848230016469 184220.625 53813.046875
0.0911061869541 245169.75 53668.5585938
0.0973893722613 159227.75 46573.484375
0.103672557568 135548.5 44327.1914062
0.109955742876 164128.75 41321.84375
0.116238928183 189441.5 40302.5859375
0.12252211349 141715.75 36813.8789062
0.128805298797 28754.375 33028.3789062
0.135088484104 114710.5 33211.3046875
0.141371669412 128686.875 31892.5234375
0.147654854719 147767.625 30638.9121094
0.153938040026 133155.625 29649.0546875
0.160221225333 109536.125 27522.3183594
0.16650441064 77216.125 26359.0019531
0.172787595947 111312.5 25517.1425781
0.179070781255 83684.875 24931.3515625
0.185353966562 71374.375 23265.0507812
0.191637151869 83703.625 23227.0449219
0.197920337176 92610.25 22016.7773438
0.204203522483 91013.375 21712.9941406
0.210486707791 67378.5 20543.1933594
0.216769893098 107006.5 20553.3652344
0.223053078405 52149.5 19302.7929688
0.229336263712 57828.375 18868.6445312
0.235619449019 91874.75 18772.7988281
0.241902634326 49796.5 17786.4667969
0.248185819634 55573.875 17360.9785156
0.254469004941 38870.75 16894.7929688
0.260752190248 22180.25 16178.4453125
0.267035375555 71769.625 16353.109375
0.273318560862 45689.25 15615.3408203
0.279601746169 51110.375 15411.8066406
0.285884931477 63105.375 15158.8652344
0.292168116784 58854.625 14903.453125
0.298451302091 40881.875 14305.7724609
0.304734487398 77802.375 14381.7802734
0.311017672705 24820.5 13591.1757812
0.317300858013 42370.125 13548.0068359
0.32358404332 19554.75 12979.0
0.329867228627 16364.75 12835.6054688
0.336150413934 14637.625 12477.4052734
0.342433599241 28344.5 12516.5537109
0.348716784548 25948.0 12098.4404297
0.354999969856 33729.25 12041.3896484
0.361283155163 48496.625 11941.7050781
0.36756634047 43176.625 11619.2255859
0.373849525777 35321.125 11445.4423828
0.380132711084 29611.875 11140.2167969
0.386415896392 39750.5 11092.0947266
0.392699081699 25071.875 10833.5761719
0.398982267006 3422.0 10407.8105469
0.405265452313 24191.125 10552.4150391
0.41154863762 14312.25 10153.4970703
0.417831822927 21221.5 10195.9746094
0.424115008235 21772.25 9963.58984375
0.430398193542 14293.5 9771.20800781
0.436681378849 23930.375 9712.06640625
0.442964564156 16411.125 9543.70507812
0.449247749463 12022.625 9380.78808594
0.455530934771 -5393.25 9148.19726562
0.461814120078 2464.375 8992.94921875
0.468097305385 -5412.25 8937.54785156
0.474380490692 18519.875 8868.05175781
0.480663675999 9341.375 8767.70410156
0.486946861306 7705.5 8621.51074219
0.493230046614 -9656.125 8431.88574219
0.499513231921 13309.5 8435.703125
0.505796417228 19755.625 8375.24707031
0.512079602535 16536.875 8231.34082031
0.518362787842 3430.25 8042.24169922
0.524645973149 546.875 7977.09814453
0.530929158457 18203.75 7975.5
0.537212343764 14545.125 7819.41992188
0.543495529071 8077.875 7732.51025391
0.549778714378 -2123.625 7578.87744141
0.556061899685 15702.75 7632.71777344
0.562345084993 -9689.625 7337.43359375
0.5686282703 12074.375 7404.82568359
0.574911455607 432.5 7276.58007812
0.581194640914 -4870.375 7165.37792969
0.587477826221 2791.0 7124.22851562
0.593761011528 704.5 7047.37646484
0.600044196836 -4666.0 6936.15087891
0.606327382143 8576.5 6949.78076172
0.61261056745 -9500.75 6763.49121094
0.618893752757 -2172.5 6742.15820312
0.625176938064 137.0 6681.39404297
0.631460123372 -11256.625 6583.35742188
0.637743308679 -8461.125 6497.37255859
0.644026493986 -9783.0 6463.77490234
0.650309679293 -10374.625 6372.19238281
0.6565928646 -6334.375 6343.57177734
0.662876049907 -10374.25 6262.74707031
0.669159235215 -10030.125 6213.00341797
0.675442420522 -4625.875 6150.60400391
0.681725605829 -17133.75 6091.98242188
0.688008791136 -9912.625 6017.64111328
0.694291976443 -11526.625 6002.99414062
0.700575161751 -7776.25 5911.31542969
0.706858347058 -217.375 5918.07080078
0.713141532365 -8184.875 5822.67578125
0.719424717672 -3062.125 5793.99951172
0.725707902979 3053.5 5762.83154297
0.731991088286 -8283.125 5684.09716797
0.738274273594 -2636.0 5643.89550781
0.744557458901 -3754.625 5612.40820312
0.750840644208 -10902.5 5530.81005859
0.757123829515 -5613.625 5496.04931641
0.763407014822 2459.875 5477.84765625
0.769690200129 -7523.625 5409.02539062
0.775973385437 -9858.625 5338.07421875
0.782256570744 -5856.25 5325.70947266
0.788539756051 -10592.5 5250.08154297
0.794822941358 5326.75 5306.36474609
0.801106126665 -2273.125 5197.75390625
0.807389311973 -1156.625 5177.5625
0.81367249728 -9448.125 5096.09521484
0.819955682587 -19823.875 5037.62939453
0.826238867894 -8730.375 5028.73828125
0.832522053201 -11262.875 4978.19091797
0.838805238508 -16140.375 4919.71630859
0.845088423816 -9403.625 4938.96240234
0.851371609123 -10617.875 4871.30078125
0.85765479443 -17634.25 4815.17041016
0.863937979737 -9544.875 4812.23486328
0.870221165044 -15463.0 4754.24951172
0.876504350352 -8098.125 4749.73339844
0.882787535659 -10831.375 4693.91650391
0.889070720966 -10606.125 4674.38964844
0.895353906273 -8271.0 4647.04296875
0.90163709158 -13456.75 4587.03222656
0.907920276887 -11965.875 4576.99023438
0.914203462195 -8988.75 4529.76660156
0.920486647502 -11071.375 4519.58886719
0.926769832809 -14014.375 4462.96142578
0.933053018116 -12464.375 4445.60791016
0.939336203423 -15378.0 4398.55957031
0.945619388731 -15904.75 4390.46337891
0.951902574038 -16682.875 4342.34814453
0.958185759345 -6697.875 4351.06201172
0.964468944652 -22163.75 4258.32714844
0.970752129959 -15234.25 4269.09179688
0.977035315266 -7389.75 4258.40722656
0.983318500574 -12550.375 4222.58398438
0.989601685881 -16398.125 4179.74414062
0.995884871188 -13889.375 4156.42138672
1.0021680565 -12224.125 4138.16259766
1.0084512418 -10636.875 4124.95507812
1.01473442711 -11683.25 4078.28100586
1.02101761242 -14804.5 4053.63989258
1.02730079772 -17202.125 4027.84326172
1.03358398303 -14755.375 4003.30712891
1.03986716834 -9613.875 3992.52709961
1.04615035365 -8204.125 3979.82958984
1.05243353895 -8637.5 3945.24023438
1.05871672426 -17396.0 3913.93188477
1.06499990957 -11867.375 3886.55126953
1.07128309487 -4852.625 3889.51147461
1.07756628018 -3554.125 3866.73095703
1.08384946549 -4898.0 3845.11083984
1.0901326508 -3272.25 3825.43188477
1.0964158361 -13827.875 3777.08105469
1.10269902141 -8456.5 3766.27685547
1.10898220672 -10372.25 3749.02856445
1.11526539202 -4326.375 3742.27319336
1.12154857733 -13224.875 3695.05664062
1.12783176264 -6982.125 3683.30712891
1.13411494795 -5798.75 3669.3984375
1.14039813325 -9282.125 3649.69726562
1.14668131856 7946.0 3658.40942383
1.15296450387 -2494.0 3609.71484375
1.15924768917 -2086.75 3604.98852539
1.16553087448 -4235.875 3572.21362305
1.17181405979 -344.5 3567.29101562
1.1780972451 -8656.5 3517.734375
1.1843804304 1152.25 3542.61425781
1.19066361571 6975.25 3519.18505859
1.19694680102 -3206.0 3491.54614258
1.20322998632 -580.875 3459.74560547
1.20951317163 -5012.125 3453.59814453
1.21579635694 -1097.125 3428.22290039
1.22207954225 -2332.375 3417.07739258
1.22836272755 -5386.875 3384.55688477
1.23464591286 4082.25 3390.89648438
1.24092909817 604.0 3376.97265625
1.24721228348 -1178.0 3344.49609375
1.25349546878 552.375 3332.6184082
1.25977865409 3961.125 3325.51000977
1.2660618394 -1220.375 3295.18823242
1.2723450247 3360.125 3293.68237305
1.27862821001 3917.75 3268.51977539
1.28491139532 4664.0 3267.29199219
1.29119458063 320.125 3226.76098633
1.29747776593 1052.75 3227.21191406
1.30376095124 1811.625 3207.5625
1.31004413655 2831.875 3197.34033203
1.31632732185 1827.0 3174.74438477
1.32261050716 4762.75 3169.08349609
1.32889369247 1355.75 3147.66601562
1.33517687778 2462.25 3134.11230469
1.34146006308 -932.5 3105.33056641
1.34774324839 -1110.25 3102.34790039
1.3540264337 563.25 3087.89160156
1.360309619 3432.25 3076.48193359
1.36659280431 6937.375 3071.90869141
1.37287598962 2760.125 3044.19555664
1.37915917493 1500.5 3035.93798828
1.38544236023 -4574.75 3007.32226562
1.39172554554 4278.125 3006.7409668
1.39800873085 3832.375 2997.20727539
1.40429191615 2331.25 2976.15673828
1.41057510146 2501.125 2968.78540039
1.41685828677 647.125 2946.15649414
1.42314147208 3347.0 2947.0925293
1.42942465738 8392.875 2933.19482422
1.43570784269 5035.75 2920.13452148
1.441991028 4537.75 2901.19995117
1.4482742133 7426.625 2903.2590332
1.45455739861 8492.125 2884.12231445
1.46084058392 687.875 2861.34570312
1.46712376923 10953.125 2863.19506836
1.47340695453 6226.5 2849.12573242
1.47969013984 6673.5 2833.71606445
1.48597332515 4076.5 2818.99780273
1.49225651046 3247.125 2806.43505859
1.49853969576 11462.125 2812.09570312
1.50482288107 9401.5 2786.99389648
1.51110606638 5522.75 2775.85107422
1.51738925168 4242.5 2757.78271484
1.52367243699 4635.75 2749.68945312
1.5299556223 2785.5 2732.56176758
1.53623880761 5112.25 2726.55566406
1.54252199291 6950.25 2721.98339844
1.54880517822 4759.5 2707.43457031
1.55508836353 5025.5 2689.12036133
1.56137154883 5442.75 2689.97241211
1.56765473414 8185.75 2677.40014648
1.57393791945 6695.5 2664.85620117
1.58022110476 9946.125 2657.3527832
1.58650429006 7872.25 2647.9465332
1.59278747537 7027.625 2636.10522461
1.59907066068 8027.0 2621.09912109
1.60535384598 11725.625 2620.20825195
1.61163703129 12585.625 2613.99975586
1.6179202166 4712.0 2589.5300293
1.62420340191 8442.625 2584.93115234
1.63048658721 8467.25 2575.62060547
1.63676977252 10052.0 2567.61962891
1.64305295783 13434.5 2563.10498047
1.64933614313 10176.0 2551.33251953
1.65561932844 11131.875 2536.56689453
1.66190251375 11309.875 2533.37573242
1.66818569906 9621.75 2514.12548828
1.67446888436 8922.375 2513.53466797
1.68075206967 12588.875 2504.02954102
1.68703525498 11469.875 2490.21972656
1.69331844028 12691.625 2484.45629883
1.69960162559 8525.25 2476.57495117
1.7058848109 9892.625 2458.05224609
1.71216799621 15431.25 2465.35668945
1.71845118151 12625.0 2446.28662109
1.72473436682 21571.25 2457.0
1.73101755213 22582.0 2446.02709961
1.73730073744 13794.25 2421.59692383
1.74358392274 11739.0 2417.43579102
1.74986710805 14919.625 2408.00048828
1.75615029336 20771.625 2407.68237305
1.76243347866 18808.75 2397.83789062
1.76871666397 18262.125 2386.88867188
1.77499984928 17989.375 2380.70947266
1.78128303459 20673.875 2371.21020508
1.78756621989 14432.75 2360.82226562
1.7938494052 19338.5 2351.54467773
1.80013259051 17577.25 2350.26367188
1.80641577581 16555.0 2333.0847168
1.81269896112 16197.875 2330.28979492
1.81898214643 19039.25 2320.55981445
1.82526533174 12738.625 2306.68579102
1.83154851704 16773.5 2303.89355469
1.83783170235 13098.375 2291.14428711
1.84411488766 16269.5 2284.87988281
1.85039807296 14989.875 2280.24829102
1.85668125827 22057.5 2278.60644531
1.86296444358 18077.75 2268.94433594
1.86924762889 17064.5 2256.10644531
1.87553081419 19668.25 2253.38549805
1.8818139995 19559.0 2247.02880859
1.88809718481 20173.75 2240.36132812
1.89438037011 20773.25 2234.71386719
1.90066355542 18563.875 2218.55151367
1.90694674073 18547.75 2216.59887695
1.91322992604 21204.375 2213.47436523
1.91951311134 21321.875 2201.71801758
1.92579629665 20430.25 2197.9465332
1.93207948196 20023.125 2184.54711914
1.93836266726 25068.5 2193.33862305
1.94464585257 19763.625 2171.04199219
1.95092903788 23023.5 2171.68212891
1.95721222319 23907.25 2163.24438477
1.96349540849 24947.75 2160.38476562
1.9697785938 21383.375 2148.54199219
1.97606177911 25055.625 2143.69067383
1.98234496442 21726.75 2135.05761719
1.98862814972 24650.875 2133.11401367
1.99491133503 27294.375 2128.39575195
2.00119452034 20750.25 2114.21704102
2.00747770564 25726.0 2113.16601562
2.01376089095 25728.375 2108.69946289
2.02004407626 23418.5 2096.34912109
2.02632726157 25901.5 2091.46411133
2.03261044687 27404.5 2089.05761719
2.03889363218 26555.125 2084.77563477
2.04517681749 28517.875 2075.85986328
2.05146000279 27237.0 2069.22119141
2.0577431881 27168.125 2062.79638672
2.06402637341 30509.0 2061.62182617
2.07030955872 31034.25 2054.03222656
2.07659274402 31253.0 2049.13818359
2.08287592933 31103.375 2045.81030273
2.08915911464 33951.0 2042.22888184
2.09544229994 31535.5 2028.06445312
2.10172548525 34480.875 2032.12390137
2.10800867056 34390.5 2020.98620605
2.11429185587 33633.875 2016.41333008
2.12057504117 34938.5 2011.89196777
2.12685822648 37066.375 2007.37915039
2.13314141179 36109.375 2000.46447754
2.13942459709 35150.5 1992.7532959
2.1457077824 39006.0 1992.65283203
2.15199096771 38552.0 1988.68139648
2.15827415302 33847.375 1971.37890625
2.16455733832 44082.75 1983.91943359
2.17084052363 42631.75 1970.5970459
2.17712370894 41964.125 1969.90075684
2.18340689424 40054.0 1960.1986084
2.18969007955 45748.0 1959.18835449
2.19597326486 43182.125 1950.9810791
2.20225645017 43432.25 1947.51745605
2.20853963547 44794.75 1942.64233398
2.21482282078 46150.625 1938.52270508
2.22110600609 49211.75 1934.78381348
2.2273891914 49691.625 1934.16442871
2.2336723767 47379.25 1920.66027832
2.23995556201 49312.875 1922.08117676
2.24623874732 55750.0 1921.20007324
2.25252193262 56520.25 1918.52734375
2.25880511793 54763.0 1911.51403809
2.26508830324 51162.25 1899.08569336
2.27137148855 57311.375 1904.81567383
2.27765467385 55550.125 1893.32226562
2.28393785916 55163.25 1889.93408203
2.29022104447 60692.5 1891.58288574
2.29650422977 62989.5 1885.10241699
2.30278741508 61755.125 1885.12573242
2.30907060039 60567.0 1872.39416504
2.3153537857 62770.375 1873.70617676
2.321636971 65764.0 1867.70996094
2.32792015631 67827.625 1869.57836914
2.33420334162 68138.375 1864.07922363
2.34048652692 69160.625 1858.16467285
2.34676971223 69823.375 1854.02160645
2.35305289754 69452.125 1849.03588867
2.35933608285 72253.5 1847.61730957
2.36561926815 68494.5 1841.11633301
2.37190245346 75599.5 1838.52001953
2.37818563877 74649.0 1837.02429199
2.38446882407 76584.125 1831.57324219
2.39075200938 77846.125 1830.14160156
2.39703519469 79868.125 1827.39038086
2.40331838 80174.875 1821.19714355
2.4096015653 82682.125 1818.71630859
2.41588475061 85287.25 1817.87524414
2.42216793592 84343.625 1810.2989502
2.42845112122 85613.875 1811.66064453
2.43473430653 86055.5 1802.95910645
2.44101749184 93060.125 1808.27514648
2.44730067715 90341.125 1797.23522949
2.45358386245 94170.125 1801.35351562
2.45986704776 94639.375 1793.31445312
2.46615023307 92074.5 1787.83435059
2.47243341838 95816.0 1787.24560547
2.47871660368 98083.875 1785.82519531
2.48499978899 99067.5 1780.16491699
2.4912829743 100279.875 1777.38269043
2.4975661596 106155.625 1780.75256348
2.50384934491 103640.0 1771.13830566
2.51013253022 107666.75 1771.65759277
2.51641571553 108618.125 1769.08874512
2.52269890083 107449.25 1760.79394531
2.52898208614 111056.875 1763.96630859
2.53526527145 112472.25 1757.91125488
2.54154845675 117379.5 1759.97155762
2.54783164206 119909.375 1756.8104248
2.55411482737 120313.625 1755.96386719
2.56039801268 121598.0 1750.69775391
2.56668119798 123866.625 1746.46264648
2.57296438329 125025.625 1746.44543457
2.5792475686 125120.375 1741.77001953
2.5855307539 133393.375 1743.74560547
2.59181393921 134641.5 1743.12695312
2.59809712452 135103.25 1738.39978027
2.60438030983 135480.75 1736.21386719
2.61066349513 139022.125 1731.42663574
2.61694668044 141620.75 1733.6776123
2.62322986575 147640.875 1734.65527344
2.62951305105 144764.125 1725.07116699
2.63579623636 149682.25 1728.19616699
2.64207942167 150899.5 1723.86206055
2.64836260698 155038.5 1724.41540527
2.65464579228 159920.0 1723.67590332
2.66092897759 159981.25 1720.51782227
2.6672121629 159176.125 1717.32189941
2.6734953482 163467.625 1713.57495117
2.67977853351 163194.25 1712.30322266
2.68606171882 169869.25 1713.11730957
2.69234490413 172103.625 1713.01464844
2.69862808943 176576.25 1712.3079834
2.70491127474 174809.875 1707.65319824
2.71119446005 176244.75 1703.78027344
2.71747764536 182372.625 1705.37780762
2.72376083066 183599.75 1702.04309082
2.73004401597 188021.75 1701.3104248
2.73632720128 192894.125 1705.87756348
2.74261038658 194804.5 1701.58081055
2.74889357189 199343.5 1699.93444824
2.7551767572 202433.0 1701.95385742
2.76145994251 203476.625 1696.20056152
2.76774312781 211371.75 1701.50500488
2.77402631312 207862.375 1693.30541992
2.78030949843 215462.75 1697.35888672
2.78659268373 218064.625 1695.93725586
2.79287586904 221062.625 1694.76000977
2.79915905435 225785.75 1693.16955566
2.80544223966 228666.0 1694.39611816
2.81172542496 229522.25 1688.7746582
2.81800861027 233611.5 1694.49206543
2.82429179558 236735.125 1686.31774902
2.83057498088 240254.125 1688.48291016
2.83685816619 245671.625 1689.55493164
2.8431413515 250821.625 1690.89819336
2.84942453681 253913.875 1689.36608887
2.85570772211 259511.75 1690.62756348
2.86199090742 261505.875 1689.1730957
2.86827409273 267823.625 1690.42675781
2.87455727803 269598.875 1687.86279297
2.88084046334 274100.875 1689.30517578
2.88712364865 276447.625 1686.39001465
2.89340683396 278855.25 1686.81958008
2.89969001926 285372.375 1687.27905273
2.90597320457 290390.625 1688.84558105
2.91225638988 295482.25 1687.27416992
2.91853957518 300583.25 1690.54455566
2.92482276049 303338.375 1687.64477539
2.9311059458 306253.375 1686.76843262
2.93738913111 311872.125 1689.09375
2.94367231641 316084.875 1688.14758301
2.94995550172 323326.375 1690.1842041
2.95623868703 327150.125 1692.03613281
2.96252187234 327770.875 1686.04882812
2.96880505764 333068.0 1689.0390625
2.97508824295 336820.125 1688.2121582
2.98137142826 345874.625 1691.95507812
2.98765461356 347972.0 1689.60217285
2.99393779887 354147.375 1692.55895996
3.00022098418 358770.5 1693.24707031
3.00650416949 366660.625 1695.30786133
3.01278735479 372962.0 1696.57531738
3.0190705401 378912.875 1699.01855469
3.02535372541 384118.25 1697.87036133
3.03163691071 387692.875 1699.45935059
3.03792009602 394251.75 1698.86645508
3.04420328133 403654.625 1705.46020508
3.05048646664 403303.25 1701.1295166
3.05676965194 411922.875 1705.1940918
3.06305283725 419442.625 1706.09619141
3.06933602256 424531.875 1708.53942871
3.07561920786 431436.375 1708.33251953
3.08190239317 437847.375 1713.4140625
3.08818557848 441740.375 1710.18481445
3.09446876379 450642.375 1716.16503906
3.10075194909 455375.125 1713.70092773
3.1070351344 465692.625 1721.8873291
3.11331831971 471399.125 1720.38903809
3.11960150501 476391.125 1723.40075684
3.12588469032 481607.375 1721.31994629
3.13216787563 486720.375 1724.11206055
3.13845106094 500944.875 1731.42895508
3.14473424624 505560.125 1730.73925781
3.15101743155 512129.125 1734.80297852
3.15730061686 520674.875 1736.1027832
3.16358380216 528046.875 1738.55554199
3.16986698747 535081.125 1742.00854492
3.17615017278 540839.875 1740.28491211
3.18243335809 552014.875 1749.43273926
3.18871654339 557234.625 1746.67919922
3.1949997287 566595.375 1752.32519531
3.20128291401 574749.875 1754.62011719
3.20756609932 581523.875 1758.90783691
3.21384928462 592981.625 1760.64709473
3.22013246993 598072.875 1765.90917969
3.22641565524 597159.875 1765.95410156
3.23269884054 598006.625 1770.19018555
3.23898202585 601069.625 1772.16772461
3.24526521116 604491.375 1778.26342773
3.25154839647 605746.875 1780.43225098
3.25783158177 610937.625 1786.41052246
3.26411476708 614153.125 1790.23278809
3.27039795239 614926.875 1794.10131836
3.27668113769 618323.875 1796.51049805
3.282964323 619579.375 1801.07055664
3.28924750831 625056.875 1807.10009766
3.29553069362 625324.375 1809.29980469
3.30181387892 630039.125 1813.84143066
3.30809706423 632187.125 1820.21105957
3.31438024954 634640.375 1821.87475586
3.32066343484 639046.375 1828.85424805
3.32694662015 639402.875 1830.92321777
3.33322980546 645801.875 1836.78320312
3.33951299077 649978.375 1843.03308105
3.34579617607 649907.125 1845.57385254
3.35207936138 655155.125 1851.54077148
3.35836254669 660529.125 1859.10864258
3.36464573199 663269.875 1863.19458008
3.3709289173 666445.125 1866.3494873
3.37721210261 669174.625 1873.44775391
3.38349528792 669766.875 1873.19006348
3.38977847322 672464.375 1879.49853516
3.39606165853 675589.625 1885.06555176
3.40234484384 678525.875 1888.93676758
3.40862802914 684311.875 1897.55419922
3.41491121445 686855.375 1898.06066895
3.42119439976 691189.875 1909.07983398
3.42747758507 694104.625 1910.11181641
3.43376077037 695458.625 1915.13659668
3.44004395568 703939.375 1924.77160645
3.44632714099 700286.625 1924.7722168
3.4526103263 706994.125 1930.92895508
3.4588935116 710622.125 1939.8548584
3.46517669691 713144.875 1941.57849121
3.47145988222 714536.125 1947.27746582
3.47774306752 718896.625 1951.88793945
3.48402625283 723773.375 1960.39685059
3.49030943814 728669.875 1968.09680176
3.49659262345 729151.125 1967.57080078
3.50287580875 738415.875 1982.39782715
3.50915899406 736809.625 1982.24060059
3.51544217937 743148.375 1990.15600586
3.52172536467 743804.625 1994.15539551
3.52800854998 750176.875 2002.4197998
3.53429173529 755036.125 2009.34448242
3.5405749206 759492.375 2014.5012207
3.5468581059 761323.875 2023.10339355
3.55314129121 763326.625 2022.07275391
3.55942447652 768178.625 2035.02990723
3.56570766182 773788.375 2040.56848145
3.57199084713 779368.875 2049.32763672
3.57827403244 781852.625 2053.30761719
3.58455721775 785115.625 2061.34179688
3.59084040305 790377.375 2069.21899414
3.59712358836 796162.125 2076.63134766
3.60340677367 800054.375 2082.56811523
3.60968995897 801617.625 2090.4050293
3.61597314428 807889.125 2095.22192383
3.62225632959 814733.625 2108.13891602
3.6285395149 818139.375 2113.19140625
3.6348227002 821061.625 2119.1159668
3.64110588551 826241.875 2125.99951172
3.64738907082 831099.875 2135.38305664
3.65367225612 837660.375 2146.95019531
3.65995544143 845899.125 2155.32373047
3.66623862674 846783.125 2160.00195312
3.67252181205 854016.625 2172.73974609
3.67880499735 857743.125 2177.75512695
3.68508818266 865028.125 2189.55419922
3.69137136797 871753.375 2199.09130859
3.69765455328 872989.125 2204.04077148
3.70393773858 877061.125 2212.45727539
3.71022092389 886095.125 2223.82714844
3.7165041092 888741.375 2230.89477539
3.7227872945 895545.125 2241.92700195
3.72907047981 901411.625 2250.92382812
3.73535366512 906862.625 2261.26074219
3.74163685043 913364.375 2270.60522461
3.74792003573 921569.625 2283.04003906
3.75420322104 924761.625 2288.55126953
3.76048640635 934080.125 2304.23608398
3.76676959165 943606.625 2317.6940918
3.77305277696 944348.625 2323.98120117
3.77933596227 950508.875 2328.86816406
3.78561914758 957765.125 2347.18115234
3.79190233288 964164.375 2353.81738281
3.79818551819 970681.625 2366.97143555
3.8044687035 977987.375 2378.05322266
3.8107518888 984330.375 2390.92626953
3.81703507411 987734.375 2397.5324707
3.82331825942 998519.875 2412.58056641
3.82960144473 1006734.125 2425.92944336
3.83588463003 1015362.125 2441.41015625
3.84216781534 1022420.625 2449.95166016
3.84845100065 1022862.125 2459.79663086
3.85473418595 1031849.375 2472.06640625
3.86101737126 1040044.125 2486.92236328
3.86730055657 1044751.625 2497.4453125
3.87358374188 1053150.875 2509.36401367
3.87986692718 1059471.125 2523.92260742
3.88615011249 1062103.125 2529.02246094
3.8924332978 1073489.125 2550.55273438
3.8987164831 1085248.625 2564.44873047
3.90499966841 1090798.125 2576.88769531
3.91128285372 1097070.625 2593.58056641
3.91756603903 1107822.875 2605.73217773
3.92384922433 1113698.375 2620.68945312
3.93013240964 1122723.875 2634.51293945
3.93641559495 1133520.375 2655.93261719
3.94269878026 1141283.125 2664.74389648
3.94898196556 1152500.375 2684.80664062
3.95526515087 1154160.625 2695.5390625
3.96154833618 1167355.375 2716.76733398
3.96783152148 1174192.875 2727.70678711
3.97411470679 1186179.625 2750.75415039
3.9803978921 1195927.375 2765.60400391
3.98668107741 1199822.375 2780.91308594
3.99296426271 1208352.375 2791.54125977
3.99924744802 1225396.125 2822.13037109
4.00553063333 1236458.625 2838.68334961
4.01181381863 1244404.625 2855.87792969
4.01809700394 1251490.375 2871.35961914
4.02438018925 1265086.625 2894.56518555
4.03066337456 1273883.375 2913.42114258
4.03694655986 1283316.875 2928.72802734
4.04322974517 1291730.125 2946.93164062
4.04951293048 1301890.125 2969.53710938
4.05579611578 1305499.875 2981.453125
4.06207930109 1319706.625 3008.56811523
4.0683624864 1334242.875 3026.03295898
4.07464567171 1346962.375 3057.96337891
4.08092885701 1350925.125 3066.49975586
4.08721204232 1372798.875 3098.85058594
4.09349522763 1383447.875 3125.30444336
4.09977841293 1387896.375 3138.69311523
4.10606159824 1396662.625 3158.16821289
4.11234478355 1410294.125 3185.39599609
4.11862796886 1429044.375 3213.45288086
4.12491115416 1433165.625 3236.81225586
4.13119433947 1442917.375 3252.36865234
4.13747752478 1455534.875 3280.73144531
4.14376071008 1471273.375 3307.93652344
4.15004389539 1480259.875 3331.53051758
4.1563270807 1496438.625 3362.52880859
4.16261026601 1505239.375 3383.03588867
4.16889345131 1514914.875 3409.27783203
4.17517663662 1534510.875 3443.42871094
4.18145982193 1544933.125 3467.06176758
4.18774300724 1559858.875 3497.97973633
4.19402619254 1567960.375 3525.81884766
4.20030937785 1578736.125 3551.67456055
4.20659256316 1597774.625 3581.64135742
4.21287574846 1608699.125 3619.72558594
4.21915893377 1625136.625 3645.24023438
4.22544211908 1632120.375 3671.07910156
4.23172530439 1648759.625 3706.9074707
4.23800848969 1667783.125 3748.7121582
4.244291675 1680066.875 3777.03417969
4.25057486031 1685333.125 3794.9831543
4.25685804561 1701823.875 3840.16772461
4.26314123092 1719246.125 3876.52441406
4.26942441623 1730535.125 3908.00585938
4.27570760154 1743989.875 3943.32666016
4.28199078684 1765916.125 3988.13598633
4.28827397215 1778390.375 4024.38525391
4.29455715746 1789433.125 4053.59155273
4.30084034276 1806549.625 4098.95556641
4.30712352807 1823444.125 4140.14013672
4.31340671338 1833774.625 4174.02978516
4.31968989869 1844159.875 4215.34277344
4.32597308399 1870547.875 4258.95410156
4.3322562693 1878974.625 4299.81005859
4.33853945461 1895847.125 4345.39501953
4.34482263991 1911859.875 4385.06103516
4.35110582522 1926926.375 4440.29931641
4.35738901053 1945422.375 4477.54541016
4.36367219584 1955836.875 4523.19140625
4.36995538114 1976006.625 4573.76904297
4.37623856645 1981158.625 4615.14941406
4.38252175176 1996832.125 4664.79199219
4.38880493706 2013564.625 4704.72412109
4.39508812237 2036980.375 4779.86669922
4.40137130768 2049375.875 4817.78808594
4.40765449299 2060727.625 4870.38427734
4.41393767829 2084390.875 4930.57714844
4.4202208636 2101515.0 4986.41796875
4.42650404891 2104627.0 5039.97167969
4.43278723422 2127204.0 5083.16992188
4.43907041952 2135887.0 5155.84521484
4.44535360483 2148197.0 5194.51806641
4.45163679014 2167600.0 5272.76318359
4.45791997544 2167748.0 5306.78320312
4.46420316075 2188393.0 5376.08251953
4.47048634606 2203313.0 5452.78515625
4.47676953137 2215948.5 5503.78466797
4.48305271667 2228361.0 5570.53613281
4.48933590198 2235907.5 5631.19189453
4.49561908729 2238269.5 5686.63818359
4.50190227259 2246710.0 5755.21435547
4.5081854579 2260650.5 5809.64013672
4.51446864321 2270103.0 5892.21923828
4.52075182852 2283042.0 5965.86425781
4.52703501382 2271831.5 6005.06396484
4.53331819913 2288182.5 6087.3515625
4.53960138444 2287977.5 6152.55664062
4.54588456974 2294375.0 6231.44287109
4.55216775505 2288556.5 6280.16162109
4.55845094036 2290829.5 6342.84130859
4.56473412567 2307002.0 6443.79345703
4.57101731097 2312936.5 6506.65087891
4.57730049628 2317726.0 6569.35400391
4.58358368159 2335243.0 6664.31689453
4.58986686689 2334852.5 6724.01708984
4.5961500522 2346906.0 6805.25585938
4.60243323751 2356006.0 6882.78173828
4.60871642282 2371381.5 6963.43505859
4.61499960812 2365132.5 7029.29052734
4.62128279343 2396790.0 7132.19775391
4.62756597874 2398399.0 7206.43017578
4.63384916404 2408575.0 7288.13671875
4.64013234935 2435783.0 7410.15527344
4.64641553466 2441635.0 7473.82763672
4.65269871997 2452659.5 7558.44726562
4.65898190527 2464094.5 7656.63720703
4.66526509058 2473613.0 7740.39599609
4.67154827589 2498868.5 7848.48535156
4.6778314612 2495255.0 7911.11181641
4.6841146465 2518676.5 8043.17626953
4.69039783181 2534434.5 8133.45605469
4.69668101712 2546943.0 8221.58691406
4.70296420242 2555653.5 8336.59765625
4.70924738773 2581497.0 8460.765625
4.71553057304 2587168.5 8526.27734375
4.72181375835 2590743.0 8622.796875
4.72809694365 2615119.0 8754.56054688
4.73438012896 2638561.0 8883.61523438
4.74066331427 2671270.0 9013.63183594
4.74694649957 2682320.5 9141.73339844
4.75322968488 2682479.0 9214.72558594
4.75951287019 2707860.0 9356.63964844
4.7657960555 2718086.5 9469.64550781
4.7720792408 2758002.0 9634.45214844
4.77836242611 2767014.0 9755.73925781
4.78464561142 2781050.5 9881.10839844
4.79092879672 2792125.0 9970.18652344
4.79721198203 2837495.0 10196.4404297
4.80349516734 2841945.5 10319.0810547
4.80977835265 2858317.0 10423.4892578
4.81606153795 2881855.0 10587.9550781
4.82234472326 2911359.5 10767.3564453
4.82862790857 2924326.0 10920.0761719
4.83491109387 2949027.5 11032.390625
4.84119427918 2972298.5 11240.0732422
4.84747746449 2983347.5 11389.6035156
4.8537606498 3037011.5 11617.0664062
4.8600438351 3051975.0 11753.9628906
4.86632702041 3029297.5 11852.3369141
4.87261020572 3086872.0 12102.1796875
4.87889339102 3114824.0 12290.3291016
4.88517657633 3117878.5 12422.1113281
4.89145976164 3168299.0 12718.3544922
4.89774294695 3200467.0 12924.6347656
4.90402613225 3213048.0 13069.4355469
4.91030931756 3236777.0 13291.1982422
4.91659250287 3270655.5 13531.6337891
4.92287568818 3277894.5 13700.5253906
4.92915887348 3309515.5 13921.3105469
4.93544205879 3340086.0 14138.6318359
4.9417252441 3367890.0 14433.84375
4.9480084294 3401151.0 14678.0458984
4.95429161471 3441977.5 14908.078125
4.96057480002 3481004.5 15246.6210938
4.96685798533 3496329.5 15507.4296875
4.97314117063 3556635.5 15773.2431641
4.97942435594 3543979.5 15923.5322266
4.98570754125 3608832.0 16378.7978516
4.99199072655 3625599.0 16643.0859375
4.99827391186 3658747.0 16828.828125
5.00455709717 3702793.0 17240.03125
5.01084028248 3737318.5 17598.1699219
5.01712346778 3731927.0 17818.7910156
5.02340665309 3803790.0 18140.46875
5.0296898384 3856354.0 18637.1699219
5.0359730237 3858259.0 18906.3476562
5.04225620901 3880904.5 19177.6171875
5.04853939432 3972738.0 19763.1894531
5.05482257963 4004972.0 20119.7851562
5.06110576493 4031021.0 20623.3652344
5.06738895024 4077860.0 20833.2011719
5.07367213555 4114408.0 21350.265625
5.07995532085 4160689.5 21892.5078125
5.08623850616 4229095.0 22430.6464844
5.09252169147 4235389.0 22672.0566406
5.09880487678 4266426.0 23123.9824219
5.10508806208 4333229.5 23851.2148438
5.11137124739 4347475.0 24206.5332031
5.1176544327 4430729.0 24777.3613281
5.123937618 4480866.0 25460.4804688
5.13022080331 4554743.0 26196.8613281
5.13650398862 4547679.0 26486.5019531
5.14278717393 4584461.5 26957.5429688
5.14907035923 4620672.0 27769.5664062
5.15535354454 4681123.0 28613.3925781
5.16163672985 4791293.5 29131.6113281
5.16791991516 4778134.0 29683.46875
5.17420310046 4887168.5 30817.1015625
5.18048628577 4933575.0 31666.125
5.18676947108 4998351.5 32156.5332031
5.19305265638 4970805.0 32791.3359375
5.19933584169 5065464.0 33941.8359375
5.205619027 5126228.0 34757.2929688
5.21190221231 5209241.5 35673.9023438
5.21818539761 5183072.0 36399.7851562
5.22446858292 5328829.5 38168.1054688
5.23075176823 5360134.5 38437.4375
5.23703495353 5357858.0 39263.3789062
5.24331813884 5429839.0 40928.0625
5.24960132415 5622745.5 43079.1054688
5.25588450946 5626669.5 42991.3242188
5.26216769476 5674100.0 44428.3359375
5.26845088007 5741661.0 46537.1484375
5.27473406538 5798198.5 47816.34375
5.28101725068 5851855.0 48334.8828125
5.28730043599 5799378.5 49584.4726562
5.2935836213 6067089.0 52916.3398438
5.29986680661 6150885.0 54648.1484375
5.30614999191 6102883.0 55065.8085938
5.31243317722 6176591.5 57318.8125
5.31871636253 6343060.5 60840.5820312
5.32499954783 6310942.0 60677.1953125
5.33128273314 6467949.0 64046.140625
5.33756591845 6674082.5 68320.9140625
5.34384910376 6684978.0 70837.7265625
5.35013228906 6781586.5 70549.2421875
5.35641547437 6814712.5 75268.9609375
5.36269865968 6960144.5 80194.7734375
5.36898184498 6987412.5 81919.78125
5.37526503029 7029082.5 81687.140625
5.3815482156 7309526.5 91017.53125
5.38783140091 7375861.5 97872.9453125
5.39411458621 7371685.5 95784.8203125
5.40039777152 7510620.5 98984.25
5.40668095683 7718823.5 110143.460938
5.41296414214 7816786.5 122553.46875
5.41924732744 7805207.5 113797.3125
5.42553051275 8151166.5 123929.351562
5.43181369806 8298677.5 139242.71875
5.43809688336 7990558.5 152313.828125
5.44438006867 8139359.5 138277.71875
5.45066325398 8442441.0 153734.015625
5.45694643929 8556549.0 177000.515625
5.46322962459 8995879.0 208310.0625
5.4695128099 8980545.0 186707.0
5.47579599521 8844259.0 199602.53125
5.48207918051 8734461.0 238995.90625
5.48836236582 9514944.0 278844.03125
5.49464555113 9515705.0 259844.4375
5.50092873644 9555088.0 287453.96875
5.50721192174 10496480.0 460712.03125
5.51349510705 9626774.0 349523.1875
5.51977829236 10246368.0 410063.59375
5.52606147766 9974669.0 464539.875
5.53234466297 10500446.0 780520.5625
5.53862784828 10933291.0 660417.25
5.54491103359 11364515.0 863011.0625
5.55119421889 12652641.0 1285911.875
5.5574774042 10703810.0 2153423.75
5.56376058951 11562070.0 2499996.25
5.57004377481 11315518.0 6939269.5
