0.00942477796077 2752.0 277350848.0
0.0157079632679 8448.0 174079136.0
0.0219911485751 16896.0 112510696.0
0.0282743338823 28736.0 92452688.0
0.0345575191895 44480.0 69846144.0
0.0408407044967 61632.0 65236832.0
0.0471238898038 81536.0 52062168.0
0.053407075111 104192.0 48061944.0
0.0596902604182 132416.0 41350388.0
0.0659734457254 162112.0 38382700.0
0.0722566310326 192192.0 35078272.0
0.0785398163397 229120.0 31869954.0
0.0848230016469 269888.0 29082038.0
0.0911061869541 309120.0 28080410.0
0.0973893722613 351936.0 25516196.0
0.103672557568 399360.0 24605770.0
0.109955742876 450752.0 22580606.0
0.116238928183 503168.0 21724418.0
0.12252211349 560768.0 20368768.0
0.128805298797 622976.0 19493066.0
0.135088484104 680576.0 18656302.0
0.141371669412 744960.0 17777158.0
0.147654854719 812288.0 16899924.0
0.153938040026 885376.0 16487912.0
0.160221225333 956672.0 15509858.0
0.16650441064 1037504.0 15130807.0
0.172787595947 1117248.0 14367803.0
0.179070781255 1201984.0 14260748.0
0.185353966562 1274240.0 13402847.0
0.191637151869 1379712.0 13288099.0
0.197920337176 1467008.0 12533034.0
0.204203522483 1556864.0 12372444.0
0.210486707791 1650816.0 11866535.0
0.216769893098 1758208.0 11608396.0
0.223053078405 1864768.0 11251227.0
0.229336263712 1977216.0 10963181.0
0.235619449019 2075904.0 10697371.0
0.241902634326 2191040.0 10384981.0
0.248185819634 2309824.0 10103745.0
0.254469004941 2429120.0 9929910.0
0.260752190248 2522368.0 9603744.0
0.267035375555 2674560.0 9431953.0
0.273318560862 2816448.0 9144899.0
0.279601746169 2941376.0 8998339.0
0.285884931477 3062848.0 8790346.0
0.292168116784 3191616.0 8664641.0
0.298451302091 3331200.0 8405869.0
0.304734487398 3478080.0 8272890.0
0.311017672705 3645632.0 8064338.5
0.317300858013 3783360.0 7957268.0
0.32358404332 3933568.0 7727368.5
0.329867228627 4097216.0 7657728.5
0.336150413934 4245504.0 7452772.5
0.342433599241 4400256.0 7416842.0
0.348716784548 4583488.0 7180544.0
0.354999969856 4758208.0 7115216.0
0.361283155163 4889152.0 6996471.5
0.36756634047 5030720.0 6829678.5
0.373849525777 5260096.0 6760123.0
0.380132711084 5460608.0 6603307.0
0.386415896392 5664000.0 6537043.0
0.392699081699 5809792.0 6441017.5
0.398982267006 5997184.0 6269264.5
0.405265452313 6183616.0 6279456.0
0.41154863762 6366848.0 6078686.0
0.417831822927 6556992.0 6080278.5
0.424115008235 6766208.0 5940994.0
0.430398193542 6990208.0 5853506.5
0.436681378849 7230144.0 5786290.5
0.442964564156 7425088.0 5712492.0
0.449247749463 7635584.0 5630831.5
0.455530934771 7844224.0 5549934.5
0.461814120078 8072512.0 5431296.0
0.468097305385 8291968.0 5424610.5
0.474380490692 8511552.0 5307147.5
0.480663675999 8724928.0 5276944.5
0.486946861306 8980864.0 5195345.0
0.493230046614 9254592.0 5135707.5
0.499513231921 9491456.0 5068982.5
0.505796417228 9677056.0 5014341.0
0.512079602535 9854528.0 4938474.0
0.518362787842 10110848.0 4864122.5
0.524645973149 10411712.0 4834506.5
0.530929158457 10739904.0 4784437.5
0.537212343764 11035904.0 4702391.5
0.543495529071 11291392.0 4669262.5
0.549778714378 11512640.0 4605546.5
0.556061899685 11751744.0 4590202.0
0.562345084993 12007232.0 4481375.0
0.5686282703 12300224.0 4465195.0
0.574911455607 12584704.0 4419745.0
0.581194640914 12794368.0 4366994.5
0.587477826221 13111104.0 4323341.0
0.593761011528 13398976.0 4283272.0
0.600044196836 13699072.0 4230546.0
0.606327382143 14060992.0 4206852.5
0.61261056745 14357184.0 4139957.5
0.618893752757 14676096.0 4110022.0
0.625176938064 14967232.0 4068503.25
0.631460123372 15236736.0 4037468.75
0.637743308679 15574208.0 3979340.5
0.644026493986 15876992.0 3963102.5
0.650309679293 16217472.0 3909656.75
0.6565928646 16509504.0 3883741.75
0.662876049907 16844736.0 3844877.5
0.669159235215 17138112.0 3814646.5
0.675442420522 17459840.0 3765246.25
0.681725605829 17828352.0 3758999.25
0.688008791136 18270272.0 3698548.75
0.694291976443 18609280.0 3694373.75
0.700575161751 18917056.0 3630825.0
0.706858347058 19212032.0 3619533.75
0.713141532365 19450688.0 3579135.75
0.719424717672 19752832.0 3551594.0
0.725707902979 20115008.0 3520800.5
0.731991088286 20581376.0 3498035.0
0.738274273594 21032576.0 3463038.25
0.744557458901 21537792.0 3447739.25
0.750840644208 21928448.0 3413585.25
0.757123829515 22282112.0 3382500.75
0.763407014822 22612352.0 3356076.0
0.769690200129 22957440.0 3334976.0
0.775973385437 23288256.0 3296935.5
0.782256570744 23654016.0 3282544.5
0.788539756051 24043072.0 3246418.25
0.794822941358 24508608.0 3251458.5
0.801106126665 24908160.0 3200697.75
0.807389311973 25223744.0 3187107.75
0.81367249728 25610944.0 3153845.75
0.819955682587 26021824.0 3138562.25
0.826238867894 26474240.0 3113431.25
0.832522053201 26900672.0 3088133.5
0.838805238508 27371520.0 3062282.25
0.845088423816 27923840.0 3063411.0
0.851371609123 28334272.0 3024865.75
0.85765479443 28808384.0 3004117.75
0.863937979737 29212736.0 2988805.0
0.870221165044 29654016.0 2964645.0
0.876504350352 30031936.0 2949759.0
0.882787535659 30468672.0 2921144.5
0.889070720966 30929344.0 2909897.0
0.895353906273 31409472.0 2890145.5
0.90163709158 31898944.0 2863129.5
0.907920276887 32349696.0 2855534.25
0.914203462195 32814272.0 2822265.5
0.920486647502 33268800.0 2820707.75
0.926769832809 33717632.0 2791538.25
0.933053018116 34163008.0 2779275.25
0.939336203423 34620992.0 2755933.5
0.945619388731 35220416.0 2753333.5
0.951902574038 35875648.0 2726168.0
0.958185759345 36426304.0 2716651.0
0.964468944652 36908416.0 2685003.5
0.970752129959 37354496.0 2681648.75
0.977035315266 37818688.0 2663482.75
0.983318500574 38250944.0 2650419.75
0.989601685881 38601664.0 2630535.0
0.995884871188 39008768.0 2612910.0
1.0021680565 39545792.0 2600156.75
1.0084512418 40117632.0 2590798.25
1.01473442711 40737024.0 2564629.0
1.02101761242 41520256.0 2555872.0
1.02730079772 42283328.0 2545161.75
1.03358398303 42903872.0 2527414.75
1.03986716834 43417472.0 2514025.25
1.04615035365 43995392.0 2505286.75
1.05243353895 44442304.0 2485225.25
1.05871672426 44943552.0 2479785.5
1.06499990957 45389888.0 2455259.5
1.07128309487 45872064.0 2447886.25
1.07756628018 46388992.0 2432851.0
1.08384946549 46936768.0 2422472.0
1.0901326508 47674304.0 2409414.5
1.0964158361 48372416.0 2395749.75
1.10269902141 48917632.0 2382397.0
1.10898220672 49447424.0 2375428.5
1.11526539202 49961792.0 2363682.0
1.12154857733 50585728.0 2347814.0
1.12783176264 51162112.0 2332825.0
1.13411494795 51779008.0 2323722.5
1.14039813325 52389504.0 2317448.5
1.14668131856 53059840.0 2300546.25
1.15296450387 53884608.0 2285955.0
1.15924768917 54672384.0 2284108.75
1.16553087448 55334592.0 2267691.75
1.17181405979 55989056.0 2260679.5
1.1780972451 56631104.0 2241812.5
1.1843804304 57287552.0 2245784.5
1.19066361571 57857664.0 2224369.25
1.19694680102 58450368.0 2221650.5
1.20322998632 59039104.0 2199170.25
1.20951317163 59746368.0 2202586.75
1.21579635694 60490368.0 2182795.5
1.22207954225 61193472.0 2178757.5
1.22836272755 61888960.0 2163406.75
1.23464591286 62594048.0 2156605.75
1.24092909817 63263680.0 2153587.25
1.24721228348 63908096.0 2136452.0
1.25349546878 64584000.0 2128006.5
1.25977865409 65246080.0 2120452.25
1.2660618394 65974720.0 2109097.0
1.2723450247 66649344.0 2103681.25
1.27862821001 67259072.0 2088106.0
1.28491139532 67998784.0 2087835.75
1.29119458063 69059584.0 2069362.625
1.29747776593 70057600.0 2070673.75
1.30376095124 70857152.0 2058667.0
1.31004413655 71651008.0 2052372.625
1.31632732185 72402368.0 2040525.375
1.32261050716 73121536.0 2034672.75
1.32889369247 73801216.0 2026332.375
1.33517687778 74516864.0 2017613.375
1.34146006308 75107328.0 2004259.625
1.34774324839 75822464.0 2003880.25
1.3540264337 76578432.0 1993940.625
1.360309619 77340288.0 1984563.75
1.36659280431 78177152.0 1978999.875
1.37287598962 78873600.0 1967323.125
1.37915917493 79746432.0 1965056.875
1.38544236023 80929920.0 1955791.25
1.39172554554 82160000.0 1947266.625
1.39800873085 83150080.0 1943386.75
1.40429191615 84084736.0 1933139.875
1.41057510146 84943104.0 1929682.375
1.41685828677 85762304.0 1918550.625
1.42314147208 86540032.0 1917430.0
1.42942465738 87232512.0 1903851.375
1.43570784269 87962624.0 1900456.25
1.441991028 88661632.0 1889909.5
1.4482742133 89366528.0 1889209.75
1.45455739861 90044800.0 1876731.125
1.46084058392 90716288.0 1871777.25
1.46712376923 91590272.0 1863018.125
1.47340695453 92976384.0 1861462.25
1.47969013984 94100352.0 1852803.25
1.48597332515 95026944.0 1847608.125
1.49225651046 95881984.0 1841724.875
1.49853969576 96693504.0 1837765.875
1.50482288107 97619584.0 1825140.125
1.51110606638 98550144.0 1823604.125
1.51738925168 99452672.0 1814612.0
1.52367243699 100331264.0 1810306.375
1.5299556223 101189632.0 1802429.0
1.53623880761 102077056.0 1797411.625
1.54252199291 103045248.0 1794001.125
1.54880517822 104433152.0 1788999.625
1.55508836353 105806720.0 1778824.75
1.56137154883 106967424.0 1780811.625
1.56765473414 108014464.0 1771259.625
1.57393791945 109062912.0 1766200.625
1.58022110476 109971712.0 1759253.375
1.58650429006 111051264.0 1756904.25
1.59278747537 111897472.0 1751262.75
1.59907066068 112802304.0 1741671.0
1.60535384598 113646208.0 1738559.75
1.61163703129 114553088.0 1734963.75
1.6179202166 115802112.0 1728754.375
1.62420340191 117038464.0 1723748.875
1.63048658721 118329088.0 1719499.375
1.63676977252 119463168.0 1714274.375
1.64305295783 120510208.0 1709412.125
1.64933614313 121622144.0 1706559.125
1.65561932844 122516480.0 1697068.125
1.66190251375 123569408.0 1696342.75
1.66818569906 124467712.0 1686495.625
1.67446888436 125512576.0 1688370.375
1.68075206967 126784768.0 1680210.0
1.68703525498 127942656.0 1673776.25
1.69331844028 129118080.0 1670426.625
1.69960162559 130172800.0 1670828.0
1.7058848109 131113216.0 1658358.0
1.71216799621 132504960.0 1659849.0
1.71845118151 133869312.0 1651749.75
1.72473436682 135356416.0 1652356.5
1.73101755213 136689408.0 1645922.75
1.73730073744 137928704.0 1639791.0
1.74358392274 139242496.0 1640870.125
1.74986710805 140487552.0 1633157.25
1.75615029336 141823232.0 1629184.0
1.76243347866 142966272.0 1626038.5
1.76871666397 144111616.0 1620761.125
1.77499984928 145148416.0 1618292.25
1.78128303459 146241280.0 1610806.375
1.78756621989 147650048.0 1611682.125
1.7938494052 148877184.0 1602389.25
1.80013259051 150206848.0 1605046.125
1.80641577581 151415680.0 1595957.625
1.81269896112 152732032.0 1596206.75
1.81898214643 154430848.0 1589201.375
1.82526533174 156078208.0 1587889.25
1.83154851704 157735680.0 1584434.0
1.83783170235 159587072.0 1581638.625
1.84411488766 161178112.0 1576502.0
1.85039807296 162718592.0 1576592.625
1.85668125827 163924352.0 1570490.75
1.86296444358 165292160.0 1569367.625
1.86924762889 166627200.0 1563215.75
1.87553081419 167704576.0 1560359.5
1.8818139995 168982784.0 1557761.875
1.88809718481 170069376.0 1554016.875
1.89438037011 171204096.0 1551051.5
1.90066355542 172352768.0 1543364.75
1.90694674073 173459712.0 1543476.875
1.91322992604 174862976.0 1540715.75
1.91951311134 176535680.0 1534607.5
1.92579629665 177869184.0 1534525.75
1.93207948196 179474176.0 1527617.75
1.93836266726 181011968.0 1531184.75
1.94464585257 182778368.0 1522661.0
1.95092903788 184416640.0 1522277.125
1.95721222319 186096896.0 1517719.875
1.96349540849 187750912.0 1516893.75
1.9697785938 189308160.0 1513745.875
1.97606177911 190719872.0 1508838.125
1.98234496442 192263168.0 1507676.25
1.98862814972 193629440.0 1505422.75
1.99491133503 195166592.0 1501680.125
2.00119452034 196950784.0 1499697.0
2.00747770564 198678784.0 1496701.875
2.01376089095 200415488.0 1495700.125
2.02004407626 202032000.0 1490977.375
2.02632726157 203796608.0 1487501.375
2.03261044687 205607936.0 1486705.25
2.03889363218 207644544.0 1486910.0
2.04517681749 209373952.0 1480954.375
2.05146000279 211098624.0 1479441.375
2.0577431881 212822272.0 1477006.875
2.06402637341 214380800.0 1475153.25
2.07030955872 215922560.0 1471133.375
2.07659274402 217874304.0 1469794.25
2.08287592933 219803520.0 1469861.5
2.08915911464 221629824.0 1467024.5
2.09544229994 223651584.0 1461336.25
2.10172548525 225705600.0 1464179.875
2.10800867056 227810560.0 1458733.125
2.11429185587 229869184.0 1458521.5
2.12057504117 231988608.0 1456641.125
2.12685822648 234001664.0 1453930.625
2.13314141179 235817600.0 1451869.875
2.13942459709 237350400.0 1448883.25
2.1457077824 239423744.0 1447957.5
2.15199096771 241390976.0 1447750.5
2.15827415302 243050880.0 1441049.25
2.16455733832 245055104.0 1443863.75
2.17084052363 246731008.0 1437317.625
2.17712370894 248525440.0 1439439.75
2.18340689424 250429696.0 1436140.25
2.18969007955 252136192.0 1432580.0
2.19597326486 253953664.0 1430793.125
2.20225645017 255689344.0 1430020.875
2.20853963547 258034304.0 1427967.25
2.21482282078 260291712.0 1426365.875
2.22110600609 262772352.0 1423872.25
2.2273891914 265186048.0 1425738.375
2.2336723767 267657472.0 1420463.375
2.23995556201 270073088.0 1422618.25
2.24623874732 272454912.0 1419308.25
2.25252193262 274544000.0 1419026.375
2.25880511793 276789888.0 1417776.25
2.26508830324 279007616.0 1413962.25
2.27137148855 281258624.0 1415656.875
2.27765467385 283079808.0 1410556.25
2.28393785916 285167104.0 1410639.625
2.29022104447 287422336.0 1409820.25
2.29650422977 289796864.0 1405712.375
2.30278741508 292360192.0 1409529.5
2.30907060039 294851840.0 1403674.0
2.3153537857 297209856.0 1405422.75
2.321636971 299873536.0 1401376.0
2.32792015631 302337536.0 1403764.875
2.33420334162 304928640.0 1402169.5
2.34048652692 307452416.0 1399598.875
2.34676971223 310051840.0 1398720.75
2.35305289754 312408064.0 1397767.25
2.35933608285 315103872.0 1397309.0
2.36561926815 317735680.0 1398201.375
2.37190245346 320361728.0 1393306.75
2.37818563877 322724608.0 1395426.0
2.38446882407 325093760.0 1392230.125
2.39075200938 327796992.0 1392971.5
2.39703519469 330532608.0 1392129.5
2.40331838 333428480.0 1390187.0
2.4096015653 336083584.0 1389063.875
2.41588475061 338513536.0 1388878.375
2.42216793592 341168640.0 1386580.125
2.42845112122 343785728.0 1389323.125
2.43473430653 346146816.0 1384730.625
2.44101749184 349366016.0 1386593.125
2.44730067715 352286464.0 1383247.625
2.45358386245 355400576.0 1386588.375
2.45986704776 358374656.0 1383060.625
2.46615023307 361408896.0 1383929.5
2.47243341838 364475520.0 1383646.625
2.47871660368 368279552.0 1384619.625
2.48499978899 371404160.0 1382612.25
2.4912829743 374666368.0 1382785.75
2.4975661596 377741568.0 1383904.625
2.50384934491 380791168.0 1381439.875
2.51013253022 383576064.0 1381489.5
2.51641571553 386683520.0 1381843.875
2.52269890083 389369088.0 1378936.25
2.52898208614 392338560.0 1381563.75
2.53526527145 394800128.0 1378158.125
2.54154845675 397708800.0 1378847.5
2.54783164206 400520320.0 1377186.75
2.55411482737 403635328.0 1379272.5
2.56039801268 406640000.0 1377090.125
2.56668119798 410133120.0 1375425.5
2.57296438329 413628800.0 1377929.5
2.5792475686 417411840.0 1377845.375
2.5855307539 420882816.0 1376431.0
2.59181393921 424489856.0 1378479.625
2.59809712452 428147200.0 1377917.875
2.60438030983 431465856.0 1379094.125
2.61066349513 434706560.0 1375701.75
2.61694668044 438173568.0 1378834.75
2.62322986575 442228992.0 1378911.75
2.62951305105 445735040.0 1376810.0
2.63579623636 449837696.0 1379472.875
2.64207942167 453597824.0 1378658.0
2.64836260698 457339776.0 1379509.5
2.65464579228 460953728.0 1378643.0
2.66092897759 464721280.0 1379619.5
2.6672121629 468637056.0 1381347.125
2.6734953482 472253056.0 1378486.875
2.67977853351 475751296.0 1380943.125
2.68606171882 479696768.0 1380258.25
2.69234490413 483681152.0 1382210.5
2.69862808943 487635456.0 1381961.25
2.70491127474 491755904.0 1383347.375
2.71119446005 495759232.0 1382836.375
2.71747764536 499797760.0 1383270.75
2.72376083066 503755008.0 1383290.625
2.73004401597 507694976.0 1383012.5
2.73632720128 511445504.0 1386532.25
2.74261038658 516053376.0 1385832.625
2.74889357189 520395136.0 1385079.5
2.7551767572 525111168.0 1388727.0
2.76145994251 529756800.0 1387473.625
2.76774312781 534103552.0 1389899.75
2.77402631312 538550656.0 1389808.625
2.78030949843 543349760.0 1391837.75
2.78659268373 547996800.0 1392933.625
2.79287586904 552936960.0 1394191.125
2.79915905435 557625728.0 1393601.375
2.80544223966 562585344.0 1396925.5
2.81172542496 567380992.0 1395933.375
2.81800861027 572429568.0 1402147.125
2.82429179558 577220992.0 1397338.25
2.83057498088 582488320.0 1401214.25
2.83685816619 586975744.0 1402096.5
2.8431413515 591824512.0 1403718.25
2.84942453681 597048704.0 1404783.625
2.85570772211 601493888.0 1405648.5
2.86199090742 606339584.0 1407232.0
2.86827409273 611017856.0 1407765.125
2.87455727803 616288256.0 1408935.25
2.88084046334 621634816.0 1411522.125
2.88712364865 626368640.0 1411492.875
2.89340683396 631793408.0 1414808.75
2.89969001926 636611200.0 1414633.625
2.90597320457 641935744.0 1416911.125
2.91225638988 647034112.0 1416303.375
2.91853957518 653012736.0 1420506.875
2.92482276049 658424960.0 1420723.375
2.9311059458 663877760.0 1422549.5
2.93738913111 669477888.0 1425246.25
2.94367231641 674865024.0 1426007.875
2.94995550172 681000960.0 1427744.375
2.95623868703 687189760.0 1431819.625
2.96252187234 692936960.0 1431167.75
2.96880505764 698761472.0 1434827.75
2.97508824295 704637824.0 1436391.125
2.98137142826 710361856.0 1437911.25
2.98765461356 716445440.0 1439518.625
2.99393779887 722304768.0 1442538.75
3.00022098418 728585600.0 1445081.875
3.00650416949 734413184.0 1446085.125
3.01278735479 741091072.0 1448250.0
3.0190705401 747892608.0 1451765.625
3.02535372541 754759552.0 1452787.5
3.03163691071 761877120.0 1457504.75
3.03792009602 768531072.0 1457844.375
3.04420328133 775471232.0 1462572.75
3.05048646664 781886080.0 1464378.375
3.05676965194 789127424.0 1467730.625
3.06305283725 796346112.0 1469117.5
3.06933602256 802938112.0 1473026.625
3.07561920786 809873152.0 1473647.875
3.08190239317 816996480.0 1479328.5
3.08818557848 824207616.0 1479663.125
3.09446876379 831560320.0 1484554.25
3.10075194909 839162752.0 1485256.125
3.1070351344 846663040.0 1491186.75
3.11331831971 853967744.0 1491790.25
3.11960150501 861518720.0 1496993.125
3.12588469032 869116672.0 1497643.0
3.13216787563 876998656.0 1502821.375
3.13845106094 884939264.0 1505638.25
3.14473424624 892511232.0 1507873.75
3.15101743155 900622720.0 1513315.875
3.15730061686 908672384.0 1514922.0
3.16358380216 917345024.0 1518836.5
3.16986698747 925741056.0 1523633.875
3.17615017278 934542592.0 1525094.0
3.18243335809 943834752.0 1532715.75
3.18871654339 951869568.0 1533022.375
3.1949997287 961782784.0 1539309.5
3.20128291401 970606080.0 1542625.0
3.20756609932 979421952.0 1548632.5
3.21384928462 988083968.0 1549052.625
3.22013246993 993970176.0 1554779.375
3.22641565524 997644160.0 1558312.0
3.23269884054 1000129280.0 1563408.375
3.23898202585 1003610368.0 1565761.25
3.24526521116 1006514816.0 1571054.125
3.25154839647 1009590144.0 1574510.625
3.25783158177 1013099136.0 1578949.375
3.26411476708 1016008192.0 1582380.25
3.27039795239 1019396736.0 1587926.5
3.27668113769 1022806400.0 1590375.5
3.282964323 1026304256.0 1596292.375
3.28924750831 1029404928.0 1600253.125
3.29553069362 1032607104.0 1604542.0
3.30181387892 1037139712.0 1608847.125
3.30809706423 1040460544.0 1615617.875
3.31438024954 1043878784.0 1618076.75
3.32066343484 1049212416.0 1625402.125
3.32694662015 1052650752.0 1629719.5
3.33322980546 1056873984.0 1633765.625
3.33951299077 1060881792.0 1639557.875
3.34579617607 1064685568.0 1644899.0
3.35207936138 1068147840.0 1649248.0
3.35836254669 1072156928.0 1655367.875
3.36464573199 1075323392.0 1659586.625
3.3709289173 1079538304.0 1663506.0
3.37721210261 1082934656.0 1670605.5
3.38349528792 1086475136.0 1672790.875
3.38977847322 1090054528.0 1679365.0
3.39606165853 1093939072.0 1685218.25
3.40234484384 1097630080.0 1689537.625
3.40862802914 1101509760.0 1696199.75
3.41491121445 1105158272.0 1697761.25
3.42119439976 1109203328.0 1707753.375
3.42747758507 1112455808.0 1709198.5
3.43376077037 1117002240.0 1716398.75
3.44004395568 1122040320.0 1722953.125
3.44632714099 1126390016.0 1729149.5
3.4526103263 1130741120.0 1733318.5
3.4588935116 1135024512.0 1742168.625
3.46517669691 1140059648.0 1745976.125
3.47145988222 1143543680.0 1752927.125
3.47774306752 1147429504.0 1757044.875
3.48402625283 1151483392.0 1764428.75
3.49030943814 1156081664.0 1771516.125
3.49659262345 1159978496.0 1773887.25
3.50287580875 1163914496.0 1783614.5
3.50915899406 1167874560.0 1787930.625
3.51544217937 1173000192.0 1794581.375
3.52172536467 1176924416.0 1800944.875
3.52800854998 1180890880.0 1806926.625
3.53429173529 1185186816.0 1813101.5
3.5405749206 1189829376.0 1818270.875
3.5468581059 1195119360.0 1829065.375
3.55314129121 1200276224.0 1830918.25
3.55942447652 1204782848.0 1842745.25
3.56570766182 1209362944.0 1847342.625
3.57199084713 1214473984.0 1855321.75
3.57827403244 1218614784.0 1860511.625
3.58455721775 1223808000.0 1869672.125
3.59084040305 1227358720.0 1875787.875
3.59712358836 1232632832.0 1882532.625
3.60340677367 1237601792.0 1889130.875
3.60968995897 1242210560.0 1898942.0
3.61597314428 1247055616.0 1902596.25
3.62225632959 1251729408.0 1913015.75
3.6285395149 1256873984.0 1919348.0
3.6348227002 1262228992.0 1927029.25
3.64110588551 1267406336.0 1933687.125
3.64738907082 1272625408.0 1942906.125
3.65367225612 1277987072.0 1952909.875
3.65995544143 1282650880.0 1958098.75
3.66623862674 1288111104.0 1966350.875
3.67252181205 1292634368.0 1976169.5
3.67880499735 1298289408.0 1982685.75
3.68508818266 1303056128.0 1991814.625
3.69137136797 1308379136.0 1999801.625
3.69765455328 1313931520.0 2008146.25
3.70393773858 1319698944.0 2017604.125
3.71022092389 1324612096.0 2025075.75
3.7165041092 1330425856.0 2034483.375
3.7227872945 1336072448.0 2044056.0
3.72907047981 1341522688.0 2052347.625
3.73535366512 1346915072.0 2062143.625
3.74163685043 1352107008.0 2070016.5
3.74792003573 1358479104.0 2080374.875
3.75420322104 1363445760.0 2087214.5
3.76048640635 1368899072.0 2098821.5
3.76676959165 1375456512.0 2109197.5
3.77305277696 1381318656.0 2119535.5
3.77933596227 1387559680.0 2124547.0
3.78561914758 1392536064.0 2139783.25
3.79190233288 1399917312.0 2147218.0
3.79818551819 1405416960.0 2158817.75
3.8044687035 1410403840.0 2167417.25
3.8107518888 1417483264.0 2180321.0
3.81703507411 1423062784.0 2188581.0
3.82331825942 1429351680.0 2199098.25
3.82960144473 1435883776.0 2210399.0
3.83588463003 1441350400.0 2222324.25
3.84216781534 1449267968.0 2231459.0
3.84845100065 1454800128.0 2245118.0
3.85473418595 1461099008.0 2254572.5
3.86101737126 1468379136.0 2267943.25
3.86730055657 1474128384.0 2278881.25
3.87358374188 1481067264.0 2289088.0
3.87986692718 1486403584.0 2301971.0
3.88615011249 1494529536.0 2311929.25
3.8924332978 1501054720.0 2327996.25
3.8987164831 1507710208.0 2336879.5
3.90499966841 1514439424.0 2349777.25
3.91128285372 1521069312.0 2365853.25
3.91756603903 1528645632.0 2374841.75
3.92384922433 1534478336.0 2388924.0
3.93013240964 1541937664.0 2400799.5
3.93641559495 1549403392.0 2418068.5
3.94269878026 1555937792.0 2425584.5
3.94898196556 1563611136.0 2441430.5
3.95526515087 1569568768.0 2455440.5
3.96154833618 1578277888.0 2471604.5
3.96783152148 1584229120.0 2481298.25
3.97411470679 1592127232.0 2499365.25
3.9803978921 1599391744.0 2511319.5
3.98668107741 1606048256.0 2528247.75
3.99296426271 1614659840.0 2538741.75
3.99924744802 1621205760.0 2557823.0
4.00553063333 1629223936.0 2570861.75
4.01181381863 1637154816.0 2587154.75
4.01809700394 1643707392.0 2601311.0
4.02438018925 1653002752.0 2619350.5
4.03066337456 1659777024.0 2635238.75
4.03694655986 1668109824.0 2648885.0
4.04322974517 1675327744.0 2664959.75
4.04951293048 1683643904.0 2684530.0
4.05579611578 1692512256.0 2700925.0
4.06207930109 1698162944.0 2718215.75
4.0683624864 1709359872.0 2732042.5
4.07464567171 1716557056.0 2756521.25
4.08092885701 1723933184.0 2768081.5
4.08721204232 1732711424.0 2786103.25
4.09349522763 1740358656.0 2807912.5
4.09977841293 1751087104.0 2826859.0
4.10606159824 1756697856.0 2842044.0
4.11234478355 1767167232.0 2864685.25
4.11862796886 1775457024.0 2881018.5
4.12491115416 1783455232.0 2906455.0
4.13119433947 1792391424.0 2920611.0
4.13747752478 1799430144.0 2941571.5
4.14376071008 1811505408.0 2963817.5
4.15004389539 1818001152.0 2983310.0
4.1563270807 1827445760.0 3005707.5
4.16261026601 1835935232.0 3024702.25
4.16889345131 1843486208.0 3046986.25
4.17517663662 1854685696.0 3070715.75
4.18145982193 1860662272.0 3088209.25
4.18774300724 1872385536.0 3114045.25
4.19402619254 1880607744.0 3139929.75
4.20030937785 1886746112.0 3159171.25
4.20659256316 1898496512.0 3180138.25
4.21287574846 1904189952.0 3209526.0
4.21915893377 1917489920.0 3230737.5
4.22544211908 1922131712.0 3251916.0
4.23172530439 1932790528.0 3279090.75
4.23800848969 1942410752.0 3307967.75
4.244291675 1947717120.0 3326714.75
4.25057486031 1960499456.0 3351744.5
4.25685804561 1965650432.0 3380919.5
4.26314123092 1977751808.0 3409221.75
4.26942441623 1984188672.0 3432892.25
4.27570760154 1991736576.0 3458981.0
4.28199078684 2003696640.0 3489836.0
4.28827397215 2008655360.0 3514597.25
4.29455715746 2018860544.0 3540762.0
4.30084034276 2025721600.0 3570839.75
4.30712352807 2034022400.0 3599105.75
4.31340671338 2045409792.0 3631437.0
4.31968989869 2046077696.0 3657333.25
4.32597308399 2062546432.0 3687433.75
4.3322562693 2065997056.0 3718144.25
4.33853945461 2073713920.0 3749178.75
4.34482263991 2080666880.0 3774992.5
4.35110582522 2082972160.0 3809368.0
4.35738901053 2097751040.0 3839972.25
4.36367219584 2096584192.0 3866509.75
4.36995538114 2105549824.0 3899352.5
4.37623856645 2111830272.0 3937020.25
4.38252175176 2115056640.0 3966452.25
4.38880493706 2121609472.0 3990595.0
4.39508812237 2119016192.0 4025351.25
4.40137130768 2134377728.0 4063669.75
4.40765449299 2132306688.0 4092816.0
4.41393767829 2133672960.0 4119055.75
4.4202208636 2141927168.0 4157698.25
4.42650404891 2132541440.0 4186340.75
4.43278723422 2150919680.0 4221720.0
4.43907041952 2136975104.0 4253394.0
4.44535360483 2147281408.0 4285503.5
4.45163679014 2141780736.0 4320478.5
4.45791997544 2137126912.0 4341746.0
4.46420316075 2144068352.0 4384568.0
4.47048634606 2127159552.0 4406154.5
4.47676953137 2138928640.0 4449575.0
4.48305271667 2121128960.0 4463732.5
4.48933590198 2121731840.0 4504481.0
4.49561908729 2112269824.0 4532302.5
4.50190227259 2098930176.0 4557447.5
4.5081854579 2097553408.0 4582179.5
4.51446864321 2077512704.0 4606157.0
4.52075182852 2073220096.0 4641967.0
4.52703501382 2047924992.0 4647199.0
4.53331819913 2034581504.0 4670865.0
4.53960138444 2017278720.0 4694222.0
4.54588456974 1994786304.0 4711346.5
4.55216775505 1971940608.0 4718891.0
4.55845094036 1953011200.0 4732912.5
4.56473412567 1939550976.0 4766844.5
4.57101731097 1921590272.0 4776800.0
4.57730049628 1907762176.0 4794235.5
4.58358368159 1894657024.0 4820426.5
4.58986686689 1885541376.0 4848766.0
4.5961500522 1867240448.0 4861580.5
4.60243323751 1854764800.0 4884495.0
4.60871642282 1849281280.0 4913459.5
4.61499960812 1831714048.0 4936987.5
4.62128279343 1821128704.0 4951658.0
4.62756597874 1807937792.0 4977830.5
4.63384916404 1795948544.0 5000257.0
4.64013234935 1790507264.0 5040426.0
4.64641553466 1771711232.0 5042301.0
4.65269871997 1760531968.0 5065230.0
4.65898190527 1756225792.0 5108846.0
4.66526509058 1739534336.0 5121654.0
4.67154827589 1728091904.0 5140129.0
4.6778314612 1718280704.0 5166994.0
4.6841146465 1707254784.0 5202662.5
4.69039783181 1696279552.0 5220077.0
4.69668101712 1683569920.0 5236176.5
4.70296420242 1672218624.0 5276059.5
4.70924738773 1664309760.0 5306316.0
4.71553057304 1650144512.0 5311882.0
4.72181375835 1638060288.0 5343028.0
4.72809694365 1629104640.0 5375481.0
4.73438012896 1621382656.0 5409088.5
4.74066331427 1602245120.0 5407105.5
4.74694649957 1593790464.0 5452244.5
4.75322968488 1586451968.0 5480030.0
4.75951287019 1571540736.0 5500248.0
4.7657960555 1557868800.0 5524168.5
4.7720792408 1550117632.0 5552729.0
4.77836242611 1538572032.0 5585799.0
4.78464561142 1522313984.0 5603606.5
4.79092879672 1512524800.0 5618190.5
4.79721198203 1503497472.0 5667372.5
4.80349516734 1490159872.0 5699351.0
4.80977835265 1475400448.0 5702189.0
4.81606153795 1464899072.0 5737741.5
4.82234472326 1453801728.0 5771255.0
4.82862790857 1442009344.0 5808532.5
4.83491109387 1427889920.0 5803120.5
4.84119427918 1413678336.0 5848270.0
4.84747746449 1403898624.0 5888037.0
4.8537606498 1393692672.0 5911902.5
4.8600438351 1373705728.0 5912814.0
4.86632702041 1363212032.0 5964608.0
4.87261020572 1357155328.0 6001154.5
4.87889339102 1337728256.0 6008889.5
4.88517657633 1322467840.0 6029822.0
4.89145976164 1314972672.0 6089524.5
4.89774294695 1304535552.0 6119676.0
4.90402613225 1281665024.0 6111028.0
4.91030931756 1272615168.0 6160116.0
4.91659250287 1264585472.0 6206510.5
4.92287568818 1245385984.0 6221577.0
4.92915887348 1229713152.0 6237821.0
4.93544205879 1223600896.0 6279255.0
4.9417252441 1208805888.0 6332545.0
4.9480084294 1188103424.0 6337458.5
4.95429161471 1179482368.0 6360179.5
4.96057480002 1168126720.0 6421663.0
4.96685798533 1149718272.0 6456833.5
4.97314117063 1135928192.0 6450041.5
4.97942435594 1122275072.0 6485590.5
4.98570754125 1108660736.0 6546742.0
4.99199072655 1095912448.0 6591213.0
4.99827391186 1077834368.0 6566160.5
5.00455709717 1065910400.0 6633136.0
5.01084028248 1051591680.0 6681043.5
5.01712346778 1039264896.0 6730870.5
5.02340665309 1020587264.0 6700427.5
5.0296898384 1006465152.0 6770721.5
5.0359730237 998161536.0 6837728.0
5.04225620901 976312064.0 6831990.5
5.04853939432 960504960.0 6870554.0
5.05482257963 952075776.0 6924867.5
5.06110576493 935342592.0 7005171.5
5.06738895024 918310528.0 6956979.5
5.07367213555 902415872.0 7025871.0
5.07995532085 890990848.0 7104170.0
5.08623850616 880032640.0 7152654.0
5.09252169147 852841856.0 7117475.5
5.09880487678 845568896.0 7193028.0
5.10508806208 831103616.0 7279133.5
5.11137124739 815396480.0 7306854.0
5.1176544327 797190912.0 7303060.0
5.123937618 782952320.0 7384234.0
5.13022080331 776203776.0 7479167.5
5.13650398862 751932800.0 7467009.0
5.14278717393 737231744.0 7491688.5
5.14907035923 724613376.0 7617176.5
5.15535354454 714566528.0 7728606.0
5.16163672985 689056640.0 7619270.5
5.16791991516 677795200.0 7727591.5
5.17420310046 669316736.0 7849374.5
5.18048628577 652385536.0 7927686.5
5.18676947108 630629248.0 7867252.5
5.19305265638 618777984.0 7997305.5
5.19933584169 609548672.0 8114970.5
5.205619027 592261376.0 8147144.5
5.21190221231 571990784.0 8155875.5
5.21818539761 563857920.0 8310402.5
5.22446858292 551902976.0 8467333.0
5.23075176823 531573632.0 8377890.0
5.23703495353 516001408.0 8473646.0
5.24331813884 507855360.0 8696337.0
5.24960132415 500465408.0 8867479.0
5.25588450946 470990720.0 8670908.0
5.26216769476 463895168.0 8859897.0
5.26845088007 452496384.0 9124196.0
5.27473406538 443274624.0 9244925.0
5.28101725068 420410368.0 9131499.0
5.28730043599 410894208.0 9370214.0
5.2935836213 405958528.0 9619930.0
5.29986680661 386136832.0 9689711.0
5.30614999191 371264128.0 9718681.0
5.31243317722 365847040.0 9981660.0
5.31871636253 358887552.0 10321889.0
5.32499954783 335544448.0 10158068.0
5.33128273314 326792064.0 10446211.0
5.33756591845 322237440.0 10830738.0
5.34384910376 317033856.0 11170936.0
5.35013228906 291110272.0 10781737.0
5.35641547437 285103488.0 11404798.0
5.36269865968 284657792.0 11942170.0
5.36898184498 276613760.0 12084466.0
5.37526503029 255914240.0 11797953.0
5.3815482156 249818880.0 12673014.0
5.38783140091 254123136.0 13574162.0
5.39411458621 241951744.0 13161705.0
5.40039777152 227089664.0 13235127.0
5.40668095683 223889024.0 14362954.0
5.41296414214 232952960.0 15933296.0
5.41924732744 214115456.0 14586665.0
5.42553051275 205713024.0 15219574.0
5.43181369806 203980416.0 16822854.0
5.43809688336 218195712.0 19213392.0
5.44438006867 199835648.0 16919244.0
5.45066325398 194649088.0 18167598.0
5.45694643929 194087424.0 20673934.0
5.46322962459 207913984.0 23598552.0
5.4695128099 197204224.0 20993892.0
5.47579599521 197305856.0 22736844.0
5.48207918051 196593920.0 27495196.0
5.48836236582 209451264.0 30160974.0
5.49464555113 206435328.0 28033902.0
5.50092873644 211634688.0 31036962.0
5.50721192174 215562752.0 46042720.0
5.51349510705 222568704.0 37837552.0
5.51977829236 230150784.0 42343540.0
5.52606147766 239910144.0 49477804.0
5.53234466297 248377856.0 80083480.0
5.53862784828 257235584.0 65897052.0
5.54491103359 270646528.0 84150632.0
5.55119421889 285567616.0 115447376.0
5.5574774042 298688384.0 226072656.0
5.56376058951 310516480.0 247664320.0
5.57004377481 327926272.0 709806528.0
