0.00942477796077 545027.5 223371.203125
0.0157079632679 399300.4375 114830.21875
0.0219911485751 253036.40625 57760.3515625
0.0282743338823 298920.875 51704.5078125
0.0345575191895 241194.28125 35029.296875
0.0408407044967 185324.4375 29072.5234375
0.0471238898038 217075.25 24853.7070312
0.053407075111 184684.375 21386.9335938
0.0596902604182 159728.5 17368.0605469
0.0659734457254 140957.625 15400.7294922
0.0722566310326 135034.28125 13866.6933594
0.0785398163397 115125.8125 11963.6181641
0.0848230016469 104226.125 10599.7236328
0.0911061869541 79454.6875 9538.87402344
0.0973893722613 76164.96875 8583.53125
0.103672557568 75498.25 8260.47851562
0.109955742876 74094.4375 7548.53027344
0.116238928183 79786.0 7385.51611328
0.12252211349 62323.4375 6568.75488281
0.128805298797 70739.09375 6449.90234375
0.135088484104 62230.5625 6014.04589844
0.141371669412 55206.21875 5605.49658203
0.147654854719 57552.125 5368.14208984
0.153938040026 47361.125 5069.00683594
0.160221225333 42664.78125 4695.20654297
0.16650441064 46570.71875 4639.12744141
0.172787595947 39927.84375 4309.50195312
0.179070781255 35621.09375 4215.68603516
0.185353966562 34677.375 3949.15917969
0.191637151869 26272.15625 3803.40087891
0.197920337176 35721.4375 3705.22338867
0.204203522483 36222.5 3663.60913086
0.210486707791 28945.53125 3427.2644043
0.216769893098 21925.875 3271.00610352
0.223053078405 29740.96875 3257.79174805
0.229336263712 25287.53125 3125.30419922
0.235619449019 27999.375 3078.17822266
0.241902634326 23177.0625 2937.97436523
0.248185819634 27328.03125 2899.91552734
0.254469004941 24982.15625 2826.44555664
0.260752190248 18478.90625 2671.0534668
0.267035375555 18852.8125 2626.39233398
0.273318560862 19194.5 2549.21630859
0.279601746169 17617.03125 2493.89550781
0.285884931477 17199.125 2432.29345703
0.292168116784 20364.375 2424.54101562
0.298451302091 16607.4375 2320.32885742
0.304734487398 21173.46875 2320.93115234
0.311017672705 18871.71875 2243.55004883
0.317300858013 16922.75 2198.00854492
0.32358404332 14096.40625 2112.43066406
0.329867228627 14803.65625 2098.44555664
0.336150413934 16035.6875 2051.12304688
0.342433599241 13808.40625 2024.47290039
0.348716784548 14272.3125 1962.93261719
0.354999969856 12928.03125 1935.21606445
0.361283155163 12398.0625 1898.98193359
0.36756634047 10199.28125 1838.50769043
0.373849525777 10570.5625 1821.86547852
0.380132711084 10509.625 1778.8482666
0.386415896392 9653.15625 1755.07397461
0.392699081699 11532.125 1741.07495117
0.398982267006 9664.53125 1682.69396973
0.405265452313 9180.5625 1682.09667969
0.41154863762 6505.21875 1611.85986328
0.417831822927 7396.09375 1617.35900879
0.424115008235 7584.5625 1581.09289551
0.430398193542 7540.46875 1557.20678711
0.436681378849 9176.53125 1548.35754395
0.442964564156 9031.5 1527.49157715
0.449247749463 8458.25 1502.13781738
0.455530934771 9047.59375 1483.49572754
0.461814120078 4769.25 1428.40405273
0.468097305385 5880.0 1432.31140137
0.474380490692 6877.40625 1406.23986816
0.480663675999 7424.65625 1400.80407715
0.486946861306 5480.90625 1368.78442383
0.493230046614 4806.96875 1349.27575684
0.499513231921 2351.71875 1319.10449219
0.505796417228 3609.03125 1310.8894043
0.512079602535 3473.875 1290.16772461
0.518362787842 6720.5 1286.05493164
0.524645973149 4879.875 1269.03723145
0.530929158457 4679.28125 1254.53686523
0.537212343764 4854.5 1233.47729492
0.543495529071 4126.28125 1221.11560059
0.549778714378 4712.625 1206.85900879
0.556061899685 2480.875 1192.42858887
0.562345084993 4088.9375 1170.98474121
0.5686282703 3716.21875 1164.77526855
0.574911455607 3152.46875 1150.13452148
0.581194640914 2183.09375 1131.99243164
0.587477826221 1141.015625 1115.8795166
0.593761011528 3658.4375 1115.86364746
0.600044196836 2978.53125 1098.96386719
0.606327382143 2476.9375 1090.33825684
0.61261056745 3528.21875 1076.97753906
0.618893752757 1938.5 1062.41467285
0.625176938064 1626.953125 1050.13195801
0.631460123372 3425.71875 1048.99841309
0.637743308679 2820.25 1031.1796875
0.644026493986 1119.9375 1020.03271484
0.650309679293 2564.5625 1011.49737549
0.6565928646 634.75 997.13079834
0.662876049907 2785.15625 994.958312988
0.669159235215 384.421875 977.846923828
0.675442420522 2024.78125 970.948852539
0.681725605829 1332.828125 966.431396484
0.688008791136 458.90625 947.30279541
0.694291976443 547.9375 946.241516113
0.700575161751 1718.75 933.855834961
0.706858347058 -277.59375 923.592590332
0.713141532365 978.75 917.481323242
0.719424717672 -1451.15625 901.688659668
0.725707902979 583.234375 900.574768066
0.731991088286 339.171875 893.506347656
0.738274273594 160.53125 883.570251465
0.744557458901 1246.359375 882.896484375
0.750840644208 1039.640625 873.125732422
0.757123829515 317.75 862.486999512
0.763407014822 -372.15625 853.208557129
0.769690200129 -546.65625 846.989501953
0.775973385437 1928.71875 845.03302002
0.782256570744 -685.640625 832.660400391
0.788539756051 -845.09375 822.678161621
0.794822941358 -27.65625 826.175170898
0.801106126665 236.375 813.784729004
0.807389311973 -266.75 808.515930176
0.81367249728 -657.984375 798.572692871
0.819955682587 338.40625 797.432617188
0.826238867894 -215.0625 789.020019531
0.832522053201 -711.484375 780.79107666
0.838805238508 -244.15625 775.293029785
0.845088423816 -735.4375 773.698059082
0.851371609123 0.953125 765.824157715
0.85765479443 123.75 760.579406738
0.863937979737 -1148.21875 752.711547852
0.870221165044 397.09375 750.756225586
0.876504350352 326.796875 746.511169434
0.882787535659 192.21875 738.574768066
0.889070720966 237.65625 735.530517578
0.895353906273 251.09375 730.235534668
0.90163709158 638.59375 724.141540527
0.907920276887 -163.34375 719.687072754
0.914203462195 220.546875 712.03137207
0.920486647502 1200.0625 713.999145508
0.926769832809 1362.921875 706.748657227
0.933053018116 1031.640625 702.450500488
0.939336203423 -142.59375 693.114929199
0.945619388731 -13.6875 692.402832031
0.951902574038 -520.90625 683.80279541
0.958185759345 1552.078125 686.487304688
0.964468944652 644.296875 675.823974609
0.970752129959 741.734375 674.941223145
0.977035315266 598.171875 669.700622559
0.983318500574 1155.703125 667.561950684
0.989601685881 118.15625 659.702026367
0.995884871188 1039.234375 657.341430664
1.0021680565 155.234375 651.584106445
1.0084512418 1073.578125 651.169494629
1.01473442711 591.359375 643.020202637
1.02101761242 64.515625 639.049804688
1.02730079772 -151.109375 635.379455566
1.03358398303 1225.265625 633.909179688
1.03986716834 1003.8125 629.70703125
1.04615035365 452.359375 625.847473145
1.05243353895 619.0625 620.96685791
1.05871672426 198.328125 618.312133789
1.06499990957 1758.828125 615.600341797
1.07128309487 736.640625 611.07635498
1.07756628018 756.984375 607.070251465
1.08384946549 -281.234375 601.76184082
1.0901326508 644.765625 600.2265625
1.0964158361 805.609375 596.792419434
1.10269902141 907.796875 593.389831543
1.10898220672 270.984375 589.9140625
1.11526539202 872.640625 588.063842773
1.12154857733 531.8125 583.007446289
1.12783176264 567.484375 579.046875
1.13411494795 1376.84375 578.237365723
1.14039813325 841.265625 575.16217041
1.14668131856 1229.625 571.452270508
1.15296450387 -749.109375 563.091369629
1.15924768917 -36.265625 563.760253906
1.16553087448 -269.5625 558.855712891
1.17181405979 342.65625 558.092956543
1.1780972451 517.234375 553.469299316
1.1843804304 1114.09375 555.373474121
1.19066361571 1282.6875 550.135620117
1.19694680102 787.6875 548.116516113
1.20322998632 1032.328125 542.776733398
1.20951317163 591.8125 542.341552734
1.21579635694 666.4375 537.244873047
1.22207954225 877.625 536.329284668
1.22836272755 -692.296875 529.003295898
1.23464591286 -433.078125 527.516479492
1.24092909817 1335.75 530.029052734
1.24721228348 1151.25 525.12286377
1.25349546878 52.765625 520.519165039
1.25977865409 -209.4375 517.827026367
1.2660618394 447.546875 516.001831055
1.2723450247 333.671875 514.12677002
1.27862821001 1850.03125 512.995483398
1.28491139532 1025.9375 510.96282959
1.29119458063 1052.25 505.990203857
1.29747776593 938.96875 505.619415283
1.30376095124 2182.90625 504.703643799
1.31004413655 1039.0 500.597045898
1.31632732185 916.671875 497.12588501
1.32261050716 512.59375 494.60168457
1.32889369247 1161.4375 493.486846924
1.33517687778 1230.65625 491.166168213
1.34146006308 1321.5625 487.816833496
1.34774324839 1363.078125 487.477661133
1.3540264337 1137.375 484.301086426
1.360309619 874.765625 481.198883057
1.36659280431 288.765625 478.401733398
1.37287598962 2398.15625 479.118530273
1.37915917493 1059.3125 475.743103027
1.38544236023 1148.6875 473.143188477
1.39172554554 1155.671875 470.558044434
1.39800873085 1126.015625 469.138000488
1.40429191615 830.0 465.734130859
1.41057510146 685.25 464.275878906
1.41685828677 2141.4375 463.82244873
1.42314147208 730.8125 460.730377197
1.42942465738 703.28125 457.128051758
1.43570784269 1875.53125 458.054321289
1.441991028 1720.84375 454.951293945
1.4482742133 1991.8125 454.958526611
1.45455739861 1268.75 450.427307129
1.46084058392 1218.625 448.875793457
1.46712376923 1346.890625 446.636413574
1.47340695453 2521.25 447.697509766
1.47969013984 1580.25 443.563659668
1.48597332515 2181.125 442.959442139
1.49225651046 2216.5625 441.264038086
1.49853969576 2350.53125 440.214111328
1.50482288107 2856.78125 437.662719727
1.51110606638 1119.359375 434.039916992
1.51738925168 1849.03125 432.749389648
1.52367243699 2186.84375 431.933624268
1.5299556223 1595.234375 428.750488281
1.53623880761 1925.90625 427.75201416
1.54252199291 2101.375 426.851104736
1.54880517822 2476.40625 425.733642578
1.55508836353 2230.375 422.390655518
1.56137154883 2188.84375 422.352233887
1.56765473414 2521.0625 420.220947266
1.57393791945 2150.5625 418.034576416
1.58022110476 1754.6875 415.421936035
1.58650429006 2112.21875 415.029418945
1.59278747537 2869.125 414.574127197
1.59907066068 2422.53125 411.269165039
1.60535384598 2486.25 410.322875977
1.61163703129 2423.65625 409.043609619
1.6179202166 2437.1875 407.144348145
1.62420340191 2955.90625 406.316650391
1.63048658721 2807.78125 404.619415283
1.63676977252 2170.90625 402.00604248
1.64305295783 2506.5625 401.003265381
1.64933614313 2709.03125 400.245178223
1.65561932844 1973.3125 396.589813232
1.66190251375 2569.0625 396.948303223
1.66818569906 2629.90625 394.420013428
1.67446888436 2726.09375 394.636199951
1.68075206967 3205.28125 392.999969482
1.68703525498 2549.71875 390.120330811
1.69331844028 2601.34375 389.01071167
1.69960162559 3004.65625 389.337341309
1.7058848109 3155.09375 386.330810547
1.71216799621 3444.0 386.626434326
1.71845118151 3424.9375 384.249145508
1.72473436682 3106.21875 383.422973633
1.73101755213 3106.96875 381.483276367
1.73730073744 3902.1875 380.7940979
1.74358392274 3283.125 379.713592529
1.74986710805 3268.0 377.494537354
1.75615029336 3368.125 376.2784729
1.76243347866 3878.5 375.902496338
1.76871666397 3725.34375 374.090423584
1.77499984928 3995.1875 373.563751221
1.78128303459 3538.875 370.839996338
1.78756621989 4172.3125 371.475646973
1.7938494052 4265.84375 369.069671631
1.80013259051 4236.71875 369.213684082
1.80641577581 4737.75 367.432067871
1.81269896112 3994.1875 366.040161133
1.81898214643 4031.0625 363.9480896
1.82526533174 3497.5625 362.39666748
1.83154851704 4492.875 362.452575684
1.83783170235 4213.78125 360.854736328
1.84411488766 5123.28125 360.424865723
1.85039807296 4674.125 359.358917236
1.85668125827 4853.75 357.839630127
1.86296444358 4899.15625 357.225158691
1.86924762889 4610.71875 355.031188965
1.87553081419 5560.4375 355.324554443
1.8818139995 5294.0625 353.990203857
1.88809718481 5135.0625 352.600006104
1.89438037011 5015.34375 351.427703857
1.90066355542 5561.40625 350.062347412
1.90694674073 5687.9375 349.923950195
1.91322992604 5420.1875 348.529602051
1.91951311134 4928.65625 346.013244629
1.92579629665 5657.25 346.552246094
1.93207948196 5568.75 344.408111572
1.93836266726 5484.0625 344.653015137
1.94464585257 6452.15625 343.468841553
1.95092903788 5886.21875 342.179901123
1.95721222319 5914.46875 340.708374023
1.96349540849 6212.8125 340.429718018
1.9697785938 6816.15625 340.046356201
1.97606177911 7478.71875 339.381652832
1.98234496442 6355.59375 337.261108398
1.98862814972 7212.5625 337.452362061
1.99491133503 7003.59375 335.917938232
2.00119452034 7279.3125 335.319702148
2.00747770564 7252.1875 334.133728027
2.01376089095 7890.96875 334.222900391
2.02004407626 7104.1875 331.743682861
2.02632726157 7441.125 330.901397705
2.03261044687 7617.90625 330.44543457
2.03889363218 7867.9375 330.241394043
2.04517681749 8047.4375 328.668121338
2.05146000279 8321.375 328.199462891
2.0577431881 8107.5625 326.933288574
2.06402637341 8514.46875 326.598205566
2.07030955872 8631.625 325.436981201
2.07659274402 8652.46875 324.644866943
2.08287592933 8816.8125 324.344238281
2.08915911464 9186.8125 323.678619385
2.09544229994 9523.15625 322.292541504
2.10172548525 9484.125 322.33190918
2.10800867056 9899.0 321.075195312
2.11429185587 9508.1875 320.027801514
2.12057504117 9395.34375 318.931945801
2.12685822648 9835.3125 318.337524414
2.13314141179 10302.65625 317.968322754
2.13942459709 10433.4375 317.07421875
2.1457077824 10257.15625 316.135650635
2.15199096771 10403.96875 315.760772705
2.15827415302 11108.0 314.695648193
2.16455733832 11400.25 315.14163208
2.17084052363 11030.96875 312.865386963
2.17712370894 11694.0625 313.641540527
2.18340689424 11562.3125 312.294769287
2.18969007955 11929.90625 311.516479492
2.19597326486 11501.40625 310.188110352
2.20225645017 12023.71875 310.186950684
2.20853963547 12119.5 309.272888184
2.21482282078 12449.71875 308.746459961
2.22110600609 12235.6875 307.359924316
2.2273891914 12847.3125 307.864837646
2.2336723767 12721.78125 305.987121582
2.23995556201 13109.03125 306.302215576
2.24623874732 13390.4375 305.331451416
2.25252193262 13138.5 304.489929199
2.25880511793 14022.40625 304.668029785
2.26508830324 13632.0625 302.890075684
2.27137148855 13954.78125 303.076904297
2.27765467385 13826.8125 301.415588379
2.28393785916 14077.625 301.219116211
2.29022104447 14949.90625 301.472015381
2.29650422977 14542.53125 299.596221924
2.30278741508 14896.78125 300.200256348
2.30907060039 14793.1875 298.265625
2.3153537857 15489.75 298.849029541
2.321636971 15410.375 297.292297363
2.32792015631 16073.59375 297.950531006
2.33420334162 15497.5625 296.401977539
2.34048652692 16776.5625 296.656646729
2.34676971223 16590.28125 295.683380127
2.35305289754 17239.875 295.643127441
2.35933608285 17168.78125 294.864868164
2.36561926815 17316.3125 294.620452881
2.37190245346 17496.71875 293.195556641
2.37818563877 18319.40625 293.984802246
2.38446882407 17971.46875 292.421569824
2.39075200938 18593.65625 292.634338379
2.39703519469 18331.375 291.581695557
2.40331838 18954.0 291.191619873
2.4096015653 19170.53125 290.603302002
2.41588475061 18880.875 289.736450195
2.42216793592 19565.84375 289.392547607
2.42845112122 19749.875 289.590576172
2.43473430653 20189.625 288.579406738
2.44101749184 20650.5 288.75177002
2.44730067715 20540.1875 287.320159912
2.45358386245 20740.4375 287.557189941
2.45986704776 21370.59375 286.839233398
2.46615023307 20790.875 285.790405273
2.47243341838 22125.875 286.443572998
2.47871660368 22286.96875 286.011077881
2.48499978899 22113.34375 284.770690918
2.4912829743 23306.34375 285.330566406
2.4975661596 23381.125 284.999206543
2.50384934491 23481.3125 283.963531494
2.51013253022 23587.9375 283.508605957
2.51641571553 24484.53125 283.839324951
2.52269890083 24778.4375 282.986236572
2.52898208614 24783.5625 282.925872803
2.53526527145 24825.6875 281.772033691
2.54154845675 25496.03125 281.987640381
2.54783164206 26143.5625 281.719268799
2.55411482737 26044.96875 281.422943115
2.56039801268 26042.59375 280.37512207
2.56668119798 27079.625 280.354003906
2.57296438329 27110.71875 280.200195312
2.5792475686 27564.40625 279.876312256
2.5855307539 27515.78125 278.858917236
2.59181393921 28360.875 279.384613037
2.59809712452 28746.09375 278.927215576
2.60438030983 29160.90625 278.917755127
2.61066349513 29914.875 278.326141357
2.61694668044 29685.90625 278.068023682
2.62322986575 30120.9375 277.717498779
2.62951305105 30557.46875 277.037475586
2.63579623636 31043.25 277.25
2.64207942167 31616.59375 276.913269043
2.64836260698 32542.9375 277.249694824
2.65464579228 33054.25 276.872650146
2.66092897759 33034.8125 276.337799072
2.6672121629 33731.21875 276.601135254
2.6734953482 33868.5625 275.479064941
2.67977853351 34556.0625 275.95904541
2.68606171882 34832.3125 275.344451904
2.69234490413 34924.625 275.079437256
2.69862808943 35373.125 274.715393066
2.70491127474 36377.5 275.162780762
2.71119446005 36676.78125 274.6015625
2.71747764536 37717.9375 274.908447266
2.72376083066 37853.65625 274.313751221
2.73004401597 38782.53125 274.394042969
2.73632720128 39301.3125 274.885620117
2.74261038658 39806.8125 274.373931885
2.74889357189 40428.375 274.007965088
2.7551767572 40998.09375 274.398803711
2.76145994251 41090.4375 273.40234375
2.76774312781 41030.375 273.049957275
2.77402631312 42177.5 273.279083252
2.78030949843 42915.75 273.492858887
2.78659268373 43697.28125 273.589782715
2.79287586904 44441.5625 273.633880615
2.79915905435 44877.46875 273.084777832
2.80544223966 45199.53125 273.15524292
2.81172542496 45552.15625 272.440124512
2.81800861027 46977.625 274.045288086
2.82429179558 46711.65625 272.040130615
2.83057498088 47633.375 272.702880859
2.83685816619 48233.125 272.632873535
2.8431413515 48596.65625 272.43737793
2.84942453681 49637.40625 272.667724609
2.85570772211 50293.4375 272.65411377
2.86199090742 50552.46875 272.364776611
2.86827409273 51649.28125 272.635162354
2.87455727803 51742.375 272.053192139
2.88084046334 52421.8125 272.245452881
2.88712364865 53101.96875 272.037719727
2.89340683396 53992.84375 272.542724609
2.89969001926 55197.6875 272.748199463
2.90597320457 55475.59375 272.541229248
2.91225638988 56410.75 272.385192871
2.91853957518 57454.375 273.102355957
2.92482276049 57925.0 272.655761719
2.9311059458 59031.625 273.057678223
2.93738913111 59224.1875 272.821960449
2.94367231641 60541.21875 273.211181641
2.94995550172 61366.40625 273.246246338
2.95623868703 61569.1875 273.193115234
2.96252187234 62770.125 273.156921387
2.96880505764 63539.53125 273.56640625
2.97508824295 64784.125 273.969085693
2.98137142826 65389.9375 273.850524902
2.98765461356 66273.9375 273.926391602
2.99393779887 66888.96875 274.082305908
3.00022098418 67881.65625 274.397766113
3.00650416949 68871.8125 274.491210938
3.01278735479 69892.96875 274.697143555
3.0190705401 70725.25 274.983734131
3.02535372541 71366.4375 274.631256104
3.03163691071 72939.65625 275.711395264
3.03792009602 74187.71875 275.766876221
3.04420328133 74777.28125 276.06552124
3.05048646664 75711.0625 276.17868042
3.05676965194 76753.78125 276.545928955
3.06305283725 77579.25 276.369934082
3.06933602256 78674.1875 276.986724854
3.07561920786 79860.65625 277.007873535
3.08190239317 80969.3125 277.888092041
3.08818557848 82057.96875 277.735290527
3.09446876379 82908.75 278.224273682
3.10075194909 83684.84375 277.831939697
3.1070351344 85888.5625 279.587921143
3.11331831971 86815.46875 279.344909668
3.11960150501 87314.53125 279.583404541
3.12588469032 88580.34375 279.582000732
3.13216787563 89876.125 280.408111572
3.13845106094 91193.46875 280.802490234
3.14473424624 92845.90625 281.410797119
3.15101743155 93313.9375 281.593780518
3.15730061686 94675.90625 281.784790039
3.16358380216 95667.78125 282.020751953
3.16986698747 97320.75 282.985870361
3.17615017278 99007.09375 283.297790527
3.18243335809 100518.03125 284.543945312
3.18871654339 101120.375 283.90234375
3.1949997287 103086.375 285.16885376
3.20128291401 103784.9375 285.050354004
3.20756609932 105449.78125 286.188415527
3.21384928462 106982.0625 286.212738037
3.22013246993 107781.3125 287.046051025
3.22641565524 108039.15625 287.370239258
3.23269884054 108283.1875 288.142608643
3.23898202585 109397.0 288.945281982
3.24526521116 109686.6875 289.729156494
3.25154839647 110300.375 290.403106689
3.25783158177 110122.40625 290.574523926
3.26411476708 111159.1875 291.599517822
3.27039795239 111719.40625 292.571044922
3.27668113769 111757.71875 292.558502197
3.282964323 112263.0 293.538085938
3.28924750831 113392.34375 294.707366943
3.29553069362 113341.5 294.991546631
3.30181387892 114386.90625 295.950531006
3.30809706423 114287.1875 296.633361816
3.31438024954 114576.9375 296.817382812
3.32066343484 115563.96875 298.16796875
3.32694662015 116514.3125 299.213684082
3.33322980546 116903.3125 299.649688721
3.33951299077 117279.6875 300.42666626
3.34579617607 118041.78125 301.457244873
3.35207936138 118669.8125 302.24911499
3.35836254669 118964.96875 303.019500732
3.36464573199 119594.3125 303.831481934
3.3709289173 119703.6875 304.019287109
3.37721210261 120806.53125 305.703430176
3.38349528792 121622.5625 306.238189697
3.38977847322 121798.09375 307.056213379
3.39606165853 122440.1875 308.071563721
3.40234484384 122933.4375 308.714996338
3.40862802914 123139.9375 309.526794434
3.41491121445 124566.25 310.425109863
3.42119439976 124845.75 311.879577637
3.42747758507 125733.375 312.381072998
3.43376077037 125996.03125 313.23626709
3.44004395568 127734.5625 315.097473145
3.44632714099 127452.4375 315.354431152
3.4526103263 127837.25 315.782226562
3.4588935116 129029.03125 317.730285645
3.46517669691 129273.34375 317.874816895
3.47145988222 129763.46875 319.022399902
3.47774306752 130634.9375 319.90625
3.48402625283 131558.75 321.402954102
3.49030943814 131747.25 322.160644531
3.49659262345 133131.875 323.146972656
3.50287580875 133577.96875 324.695617676
3.50915899406 134287.15625 325.471710205
3.51544217937 135244.46875 326.702423096
3.52172536467 135619.71875 327.580291748
3.52800854998 136544.125 328.836486816
3.53429173529 137196.78125 329.853118896
3.5405749206 137646.5 330.465667725
3.5468581059 138634.34375 332.449554443
3.55314129121 139667.0625 332.865692139
3.55942447652 140275.90625 334.83996582
3.56570766182 140617.96875 335.265472412
3.57199084713 141467.78125 336.6484375
3.57827403244 142834.90625 338.106536865
3.58455721775 143069.125 339.1746521
3.59084040305 144009.75 340.533843994
3.59712358836 144737.5 341.564605713
3.60340677367 145450.96875 342.602966309
3.60968995897 145692.03125 343.878540039
3.61597314428 147148.59375 345.030700684
3.62225632959 147809.125 346.761322021
3.6285395149 149229.25 348.323791504
3.6348227002 149558.28125 349.170257568
3.64110588551 151203.78125 350.979919434
3.64738907082 150835.375 351.528411865
3.65367225612 152314.53125 353.774810791
3.65995544143 152781.0625 354.390228271
3.66623862674 154289.9375 356.331237793
3.67252181205 155560.875 358.499450684
3.67880499735 155693.25 358.910736084
3.68508818266 156614.8125 360.614013672
3.69137136797 157615.0625 362.091705322
3.69765455328 158083.4375 363.136566162
3.70393773858 159024.71875 364.758483887
3.71022092389 160028.625 366.210021973
3.7165041092 161130.0 367.954956055
3.7227872945 162387.375 369.892852783
3.72907047981 163627.625 371.615936279
3.73535366512 163901.4375 372.772369385
3.74163685043 166108.28125 375.311706543
3.74792003573 167210.21875 377.142730713
3.75420322104 167966.6875 378.255523682
3.76048640635 169609.71875 380.939117432
3.76676959165 170522.96875 382.576538086
3.77305277696 171819.15625 384.658935547
3.77933596227 172797.6875 385.431243896
3.78561914758 174282.5 388.715942383
3.79190233288 175488.0 389.945404053
3.79818551819 176001.71875 391.616638184
3.8044687035 177546.65625 393.752410889
3.8107518888 177896.375 395.252044678
3.81703507411 179657.40625 397.426544189
3.82331825942 181260.75 399.753936768
3.82960144473 182058.5 401.454650879
3.83588463003 183581.5625 404.103210449
3.84216781534 184920.4375 405.672332764
3.84845100065 185705.5 407.953643799
3.85473418595 187239.15625 410.028045654
3.86101737126 187859.3125 411.813110352
3.86730055657 189507.625 414.355865479
3.87358374188 190952.53125 416.380706787
3.87986692718 192591.5 419.342834473
3.88615011249 193868.09375 420.968078613
3.8924332978 195272.5625 424.095092773
3.8987164831 196016.90625 425.277130127
3.90499966841 198073.9375 428.40222168
3.91128285372 199058.5 431.122802734
3.91756603903 201039.34375 433.324493408
3.92384922433 202298.8125 436.077941895
3.93013240964 204003.46875 438.569763184
3.93641559495 205922.9375 442.251342773
3.94269878026 206592.5 443.127258301
3.94898196556 208403.78125 446.412109375
3.95526515087 210497.84375 449.933929443
3.96154833618 212576.28125 453.358337402
3.96783152148 213589.25 455.061004639
3.97411470679 215019.09375 458.35635376
3.9803978921 216740.34375 460.924591064
3.98668107741 217893.9375 463.965484619
3.99296426271 219532.5 465.947723389
3.99924744802 221109.125 469.815979004
4.00553063333 222338.5 471.972991943
4.01181381863 225567.0625 476.703033447
4.01809700394 225776.25 478.32925415
4.02438018925 228221.3125 482.37286377
4.03066337456 230647.8125 486.46685791
4.03694655986 231677.0625 488.480743408
4.04322974517 232149.59375 490.589874268
4.04951293048 235308.34375 495.820861816
4.05579611578 237603.8125 499.508575439
4.06207930109 239049.90625 503.110321045
4.0683624864 241950.0 506.504058838
4.07464567171 243275.6875 511.033569336
4.08092885701 245133.5 513.675109863
4.08721204232 246437.1875 516.687683105
4.09349522763 248953.3125 521.85723877
4.09977841293 250253.96875 524.66607666
4.10606159824 252799.6875 529.035461426
4.11234478355 254620.28125 533.1171875
4.11862796886 256432.34375 536.436340332
4.12491115416 258341.15625 541.610656738
4.13119433947 260289.1875 544.544433594
4.13747752478 262002.46875 548.873718262
4.14376071008 264823.875 553.623718262
4.15004389539 267559.625 558.876525879
4.1563270807 268945.8125 562.665100098
4.16261026601 272127.3125 567.919128418
4.16889345131 274019.5 572.611572266
4.17517663662 277362.4375 578.402893066
4.18145982193 278042.0 581.216369629
4.18774300724 281474.0 587.407531738
4.19402619254 283413.75 592.713989258
4.20030937785 284394.8125 596.151672363
4.20659256316 287004.75 600.539001465
4.21287574846 290268.625 608.507446289
4.21915893377 292704.25 612.433837891
4.22544211908 295445.75 618.520141602
4.23172530439 296898.625 623.046630859
4.23800848969 299630.9375 629.550109863
4.244291675 301542.125 634.135192871
4.25057486031 304729.6875 639.756591797
4.25685804561 307455.375 647.311767578
4.26314123092 310309.9375 653.346130371
4.26942441623 313300.4375 659.903442383
4.27570760154 314818.3125 664.995849609
4.28199078684 318379.8125 672.394226074
4.28827397215 319371.5 677.207336426
4.29455715746 322912.0625 684.095275879
4.30084034276 324010.375 689.638183594
4.30712352807 327925.6875 697.840026855
4.31340671338 330165.1875 704.14654541
4.31968989869 332182.5 711.434448242
4.32597308399 338022.75 720.464416504
4.3322562693 338053.3125 725.684143066
4.33853945461 339643.3125 731.84362793
4.34482263991 342605.5 738.849243164
4.35110582522 346468.8125 749.793334961
4.35738901053 350154.625 756.780151367
4.36367219584 351374.1875 763.820068359
4.36995538114 355305.4375 773.020385742
4.37623856645 357130.4375 781.221435547
4.38252175176 360483.8125 790.516296387
4.38880493706 362523.8125 796.266357422
4.39508812237 366635.25 809.175476074
4.40137130768 369747.9375 816.91027832
4.40765449299 370931.1875 824.859558105
4.41393767829 373849.6875 833.622192383
4.4202208636 377649.6875 844.260620117
4.42650404891 378536.0 853.808349609
4.43278723422 384101.8125 863.459106445
4.43907041952 386094.25 876.505859375
4.44535360483 387099.625 881.599853516
4.45163679014 388575.375 892.380249023
4.45791997544 390599.9375 900.905273438
4.46420316075 394298.3125 912.939758301
4.47048634606 393478.9375 921.240722656
4.47676953137 400841.6875 937.267944336
4.48305271667 400302.375 944.840942383
4.48933590198 400377.5625 953.39050293
4.49561908729 402793.0625 965.713256836
4.50190227259 404661.9375 977.999328613
4.5081854579 406955.1875 987.136230469
4.51446864321 407000.9375 998.831848145
4.52075182852 410951.0 1013.96954346
4.52703501382 409541.0625 1021.38726807
4.53331819913 412265.6875 1035.29663086
4.53960138444 412880.625 1047.39709473
4.54588456974 412625.0 1058.71105957
4.55216775505 412895.6875 1068.9876709
4.55845094036 412971.3125 1079.15795898
4.56473412567 415434.0 1095.86535645
4.57101731097 415949.25 1105.74743652
4.57730049628 418499.25 1119.26550293
4.58358368159 418337.4375 1130.20556641
4.58986686689 422463.6875 1147.37512207
4.5961500522 426027.6875 1163.79309082
4.60243323751 424788.9375 1172.2689209
4.60871642282 425422.0 1182.58154297
4.61499960812 427782.25 1199.73083496
4.62128279343 432380.9375 1215.88256836
4.62756597874 434433.875 1231.69067383
4.63384916404 432563.9375 1239.20092773
4.64013234935 437726.375 1260.91650391
4.64641553466 439744.0 1273.60998535
4.65269871997 439514.6875 1284.1619873
4.65898190527 444628.4375 1306.72180176
4.66526509058 444392.0 1317.53735352
4.67154827589 451961.0 1342.09729004
4.6778314612 453745.6875 1357.37353516
4.6841146465 456096.875 1376.82849121
4.69039783181 456607.375 1388.04846191
4.69668101712 461473.6875 1408.41882324
4.70296420242 467087.8125 1436.25939941
4.70924738773 467331.3125 1449.2689209
4.71553057304 470800.375 1465.4967041
4.72181375835 471994.9375 1483.26159668
4.72809694365 473676.6875 1500.79248047
4.73438012896 483626.75 1535.15539551
4.74066331427 482631.375 1543.81030273
4.74694649957 484888.375 1566.51647949
4.75322968488 488511.0625 1586.64257812
4.75951287019 489189.25 1603.18115234
4.7657960555 494032.4375 1629.21923828
4.7720792408 499185.875 1653.84155273
4.77836242611 504514.3125 1682.9822998
4.78464561142 503558.375 1697.10668945
4.79092879672 508350.625 1718.86865234
4.79721198203 511501.375 1747.30065918
4.80349516734 517609.5625 1780.55151367
4.80977835265 517378.25 1791.52722168
4.81606153795 521854.9375 1820.79785156
4.82234472326 528093.875 1854.38977051
4.82862790857 529972.9375 1879.84912109
4.83491109387 530911.25 1891.26281738
4.84119427918 538550.75 1935.70996094
4.84747746449 543452.875 1968.80773926
4.8537606498 548400.9375 1997.43701172
4.8600438351 551701.5625 2022.7878418
4.86632702041 554451.75 2056.50854492
4.87261020572 558361.5625 2084.38012695
4.87889339102 562036.0 2113.85571289
4.88517657633 569720.8125 2155.109375
4.89145976164 577962.75 2205.17456055
4.89774294695 579278.1875 2229.62304688
4.90402613225 586613.5 2268.43579102
4.91030931756 592972.25 2312.99902344
4.91659250287 591749.0 2335.32983398
4.92287568818 601802.875 2388.87353516
4.92915887348 603673.625 2417.1796875
4.93544205879 611375.25 2461.67260742
4.9417252441 619083.8125 2521.29321289
4.9480084294 619373.125 2547.9609375
4.95429161471 623526.0625 2579.32958984
4.96057480002 633638.1875 2647.85424805
4.96685798533 641759.4375 2709.54711914
4.97314117063 643306.1875 2728.84301758
4.97942435594 649503.375 2780.47338867
4.98570754125 651151.0625 2829.92651367
4.99199072655 664760.75 2909.27954102
4.99827391186 669958.25 2939.86157227
5.00455709717 671086.4375 2990.61230469
5.01084028248 683081.875 3072.29833984
5.01712346778 692497.375 3144.99853516
5.02340665309 690270.6875 3152.32958984
5.0296898384 707155.4375 3264.79711914
5.0359730237 710887.3125 3323.57958984
5.04225620901 716341.6875 3376.36010742
5.04853939432 718265.3125 3429.53540039
5.05482257963 724716.5 3494.45849609
5.06110576493 731511.875 3590.1418457
5.06738895024 746693.375 3652.1574707
5.07367213555 750341.0 3732.60986328
5.07995532085 758481.9375 3827.59521484
5.08623850616 764132.25 3897.67675781
5.09252169147 770140.8125 3958.50585938
5.09880487678 779790.5 4053.90014648
5.10508806208 795079.125 4195.61230469
5.11137124739 798640.375 4262.36328125
5.1176544327 804980.625 4329.0703125
5.123937618 810088.875 4433.30029297
5.13022080331 830362.75 4592.72460938
5.13650398862 828499.75 4640.84179688
5.14278717393 843035.25 4758.26513672
5.14907035923 843419.25 4875.06152344
5.15535354454 853838.625 5022.32861328
5.16163672985 864182.5 5072.71826172
5.16791991516 877345.75 5239.99511719
5.17420310046 887360.25 5396.69824219
5.18048628577 888557.25 5512.13232422
5.18676947108 902074.875 5608.31445312
5.19305265638 917768.75 5820.29589844
5.19933584169 925010.0 5976.30419922
5.205619027 921284.0 6046.07666016
5.21190221231 940924.125 6232.5
5.21818539761 962199.375 6496.66943359
5.22446858292 957054.875 6642.27294922
5.23075176823 970139.625 6730.91845703
5.23703495353 985906.875 6965.91113281
5.24331813884 987302.5 7195.64746094
5.24960132415 1016548.0 7546.22900391
5.25588450946 1020775.375 7551.72021484
5.26216769476 1018806.5 7741.80029297
5.26845088007 1057057.75 8275.59863281
5.27473406538 1061403.25 8466.50976562
5.28101725068 1072240.375 8566.91699219
5.28730043599 1065563.375 8805.82128906
5.2935836213 1098589.75 9298.20703125
5.29986680661 1120612.0 9653.52929688
5.30614999191 1122323.125 9799.53222656
5.31243317722 1122893.875 10108.7871094
5.31871636253 1141237.0 10646.21875
5.32499954783 1172523.25 10898.3359375
5.33128273314 1200467.0 11501.4179688
5.33756591845 1189986.25 11880.0146484
5.34384910376 1241916.75 12742.0507812
5.35013228906 1226559.0 12416.7929688
5.35641547437 1258934.0 13483.0488281
5.36269865968 1284329.25 14359.3183594
5.36898184498 1279661.5 14577.7861328
5.37526503029 1312559.5 14775.7695312
5.3815482156 1367841.25 16509.6542969
5.38783140091 1333572.75 17252.0117188
5.39411458621 1356450.0 17134.1835938
5.40039777152 1370659.375 17591.7050781
5.40668095683 1420241.625 19722.578125
5.41296414214 1429750.75 21840.9433594
5.41924732744 1427184.0 20274.4140625
5.42553051275 1452028.5 21615.1367188
5.43181369806 1486428.375 24407.1855469
5.43809688336 1533291.5 28289.3105469
5.44438006867 1507719.25 24932.0605469
5.45066325398 1594829.25 28212.578125
5.45694643929 1547615.75 31302.3476562
5.46322962459 1604135.875 36425.7226562
5.4695128099 1618201.5 32941.8164062
5.47579599521 1657109.125 36412.5351562
5.48207918051 1661749.25 44165.7460938
5.48836236582 1701406.75 48921.7421875
5.49464555113 1669065.625 44833.7421875
5.50092873644 1749011.25 51471.3164062
5.50721192174 1635456.875 71808.765625
5.51349510705 1835714.875 64871.5429688
5.51977829236 1684751.5 66953.125
5.52606147766 1730925.0 79460.484375
5.53234466297 1578235.125 117945.21875
5.53862784828 1965433.375 116662.6875
5.54491103359 1728411.5 131708.875
5.55119421889 1883140.875 192491.0625
5.5574774042 3088217.5 582910.625
5.56376058951 1902884.375 408812.65625
5.57004377481 1161821.75 760182.1875
