0.00942477796077 60324.9453125
0.0157079632679 66070.4375
0.0219911485751 58531.5703125
0.0282743338823 48786.5585938
0.0345575191895 39187.4140625
0.0408407044967 30703.9921875
0.0471238898038 27549.4023438
0.053407075111 24400.5214844
0.0596902604182 22685.1621094
0.0659734457254 20671.9121094
0.0722566310326 19420.7089844
0.0785398163397 16574.1738281
0.0848230016469 14673.8349609
0.0911061869541 12827.0644531
0.0973893722613 12018.7011719
0.103672557568 10949.9228516
0.109955742876 10249.2744141
0.116238928183 9714.55957031
0.12252211349 8929.24804688
0.128805298797 8734.53515625
0.135088484104 8024.94921875
0.141371669412 7569.67578125
0.147654854719 7162.48681641
0.153938040026 6667.10644531
0.160221225333 6448.72851562
0.16650441064 5931.89648438
0.172787595947 5858.84033203
0.179070781255 5450.84179688
0.185353966562 5281.20996094
0.191637151869 5081.390625
0.197920337176 4951.77197266
0.204203522483 4593.64990234
0.210486707791 4580.84472656
0.216769893098 4405.19189453
0.223053078405 4191.48779297
0.229336263712 4053.0390625
0.235619449019 4011.26953125
0.241902634326 3882.5769043
0.248185819634 3708.09667969
0.254469004941 3660.10375977
0.260752190248 3501.95214844
0.267035375555 3416.16748047
0.273318560862 3408.23950195
0.279601746169 3290.59814453
0.285884931477 3217.69824219
0.292168116784 3119.01977539
0.298451302091 3060.86499023
0.304734487398 3032.79077148
0.311017672705 2930.33911133
0.317300858013 2838.27514648
0.32358404332 2803.08447266
0.329867228627 2718.83105469
0.336150413934 2693.31298828
0.342433599241 2646.00195312
0.348716784548 2621.93896484
0.354999969856 2565.34423828
0.361283155163 2510.49755859
0.36756634047 2466.33764648
0.373849525777 2411.75756836
0.380132711084 2415.78027344
0.386415896392 2342.94335938
0.392699081699 2343.87548828
0.398982267006 2288.73242188
0.405265452313 2223.33764648
0.41154863762 2203.38232422
0.417831822927 2178.55786133
0.424115008235 2171.84106445
0.430398193542 2142.03051758
0.436681378849 2139.90649414
0.442964564156 2093.48217773
0.449247749463 2042.01293945
0.455530934771 2029.96264648
0.461814120078 2002.29943848
0.468097305385 1986.05541992
0.474380490692 1961.21166992
0.480663675999 1946.59106445
0.486946861306 1928.62902832
0.493230046614 1913.01342773
0.499513231921 1878.06164551
0.505796417228 1880.61193848
0.512079602535 1829.51867676
0.518362787842 1847.30212402
0.524645973149 1822.40893555
0.530929158457 1786.87438965
0.537212343764 1785.25402832
0.543495529071 1755.7598877
0.549778714378 1758.42260742
0.556061899685 1733.56225586
0.562345084993 1730.24926758
0.5686282703 1717.39318848
0.574911455607 1684.06347656
0.581194640914 1673.85290527
0.587477826221 1664.30444336
0.593761011528 1641.32678223
0.600044196836 1634.46606445
0.606327382143 1635.10498047
0.61261056745 1610.70800781
0.618893752757 1586.64367676
0.625176938064 1599.75415039
0.631460123372 1591.84094238
0.637743308679 1589.63745117
0.644026493986 1560.73046875
0.650309679293 1570.28430176
0.6565928646 1546.95227051
0.662876049907 1542.47351074
0.669159235215 1517.36279297
0.675442420522 1511.15466309
0.681725605829 1500.70410156
0.688008791136 1490.78552246
0.694291976443 1495.53894043
0.700575161751 1485.65893555
0.706858347058 1471.95947266
0.713141532365 1461.84521484
0.719424717672 1448.00976562
0.725707902979 1466.18334961
0.731991088286 1441.73828125
0.738274273594 1430.3918457
0.744557458901 1435.15637207
0.750840644208 1418.24902344
0.757123829515 1412.37182617
0.763407014822 1406.35192871
0.769690200129 1409.99584961
0.775973385437 1396.99328613
0.782256570744 1390.30969238
0.788539756051 1380.33483887
0.794822941358 1371.34753418
0.801106126665 1371.89428711
0.807389311973 1359.72668457
0.81367249728 1351.35717773
0.819955682587 1351.24414062
0.826238867894 1348.50390625
0.832522053201 1341.14331055
0.838805238508 1334.93310547
0.845088423816 1322.42541504
0.851371609123 1316.75866699
0.85765479443 1311.65270996
0.863937979737 1308.98754883
0.870221165044 1302.44348145
0.876504350352 1299.45410156
0.882787535659 1297.24304199
0.889070720966 1286.68566895
0.895353906273 1292.56616211
0.90163709158 1277.59899902
0.907920276887 1268.46032715
0.914203462195 1278.99865723
0.920486647502 1264.54724121
0.926769832809 1261.9296875
0.933053018116 1254.98706055
0.939336203423 1249.99768066
0.945619388731 1249.49353027
0.951902574038 1238.26293945
0.958185759345 1237.29382324
0.964468944652 1227.16247559
0.970752129959 1225.95605469
0.977035315266 1229.80114746
0.983318500574 1226.98022461
0.989601685881 1210.42456055
0.995884871188 1204.81030273
1.0021680565 1209.84606934
1.0084512418 1203.96960449
1.01473442711 1196.0904541
1.02101761242 1200.67700195
1.02730079772 1189.17468262
1.03358398303 1197.44042969
1.03986716834 1182.84912109
1.04615035365 1185.19104004
1.05243353895 1177.0826416
1.05871672426 1173.61401367
1.06499990957 1173.21240234
1.07128309487 1168.42077637
1.07756628018 1163.51745605
1.08384946549 1156.7980957
1.0901326508 1154.34594727
1.0964158361 1158.77966309
1.10269902141 1152.99328613
1.10898220672 1146.26989746
1.11526539202 1145.98913574
1.12154857733 1140.19885254
1.12783176264 1139.890625
1.13411494795 1134.84838867
1.14039813325 1131.35644531
1.14668131856 1123.81408691
1.15296450387 1127.61376953
1.15924768917 1119.68212891
1.16553087448 1116.03137207
1.17181405979 1113.79785156
1.1780972451 1112.03979492
1.1843804304 1111.08630371
1.19066361571 1107.62561035
1.19694680102 1105.57922363
1.20322998632 1098.16467285
1.20951317163 1102.49609375
1.21579635694 1098.67114258
1.22207954225 1093.78344727
1.22836272755 1093.7322998
1.23464591286 1086.20898438
1.24092909817 1083.39050293
1.24721228348 1084.5291748
1.25349546878 1078.96350098
1.25977865409 1076.75341797
1.2660618394 1070.38793945
1.2723450247 1067.71264648
1.27862821001 1064.9465332
1.28491139532 1069.43395996
1.29119458063 1061.43969727
1.29747776593 1061.75109863
1.30376095124 1054.45019531
1.31004413655 1058.35437012
1.31632732185 1055.60229492
1.32261050716 1048.46508789
1.32889369247 1044.13684082
1.33517687778 1044.4588623
1.34146006308 1047.62731934
1.34774324839 1042.02612305
1.3540264337 1039.359375
1.360309619 1040.1171875
1.36659280431 1033.87512207
1.37287598962 1031.68200684
1.37915917493 1026.19140625
1.38544236023 1027.84411621
1.39172554554 1023.24145508
1.39800873085 1018.01513672
1.40429191615 1016.73937988
1.41057510146 1012.66400146
1.41685828677 1020.87164307
1.42314147208 1015.7321167
1.42942465738 1007.40545654
1.43570784269 1004.63806152
1.441991028 1006.18341064
1.4482742133 998.549255371
1.45455739861 998.455810547
1.46084058392 998.752502441
1.46712376923 994.469604492
1.47340695453 998.989990234
1.47969013984 992.778381348
1.48597332515 990.174865723
1.49225651046 987.870056152
1.49853969576 985.638977051
1.50482288107 981.222595215
1.51110606638 981.251220703
1.51738925168 977.281982422
1.52367243699 977.33013916
1.5299556223 973.840332031
1.53623880761 974.582336426
1.54252199291 973.534851074
1.54880517822 970.137634277
1.55508836353 965.963989258
1.56137154883 964.617004395
1.56765473414 962.146057129
1.57393791945 959.843322754
1.58022110476 961.104858398
1.58650429006 957.248718262
1.59278747537 954.19934082
1.59907066068 952.157409668
1.60535384598 951.01171875
1.61163703129 946.949890137
1.6179202166 948.952026367
1.62420340191 946.382202148
1.63048658721 942.423950195
1.63676977252 944.055358887
1.64305295783 934.449584961
1.64933614313 937.153442383
1.65561932844 932.192443848
1.66190251375 931.35168457
1.66818569906 931.034912109
1.67446888436 925.847045898
1.68075206967 925.699707031
1.68703525498 923.913757324
1.69331844028 923.06262207
1.69960162559 923.173828125
1.7058848109 919.016601562
1.71216799621 916.897705078
1.71845118151 916.90637207
1.72473436682 915.659606934
1.73101755213 910.167663574
1.73730073744 911.35723877
1.74358392274 907.510803223
1.74986710805 906.399414062
1.75615029336 902.231384277
1.76243347866 906.16015625
1.76871666397 903.077148438
1.77499984928 895.067565918
1.78128303459 899.097290039
1.78756621989 894.505126953
1.7938494052 893.908874512
1.80013259051 890.347351074
1.80641577581 888.313659668
1.81269896112 889.911804199
1.81898214643 888.888244629
1.82526533174 884.554443359
1.83154851704 884.343078613
1.83783170235 881.89855957
1.84411488766 876.92388916
1.85039807296 878.162414551
1.85668125827 877.402954102
1.86296444358 871.502258301
1.86924762889 872.817260742
1.87553081419 869.617553711
1.8818139995 867.127258301
1.88809718481 868.902770996
1.89438037011 867.853942871
1.90066355542 865.04095459
1.90694674073 864.289611816
1.91322992604 861.388916016
1.91951311134 860.472351074
1.92579629665 857.854797363
1.93207948196 856.467285156
1.93836266726 855.33190918
1.94464585257 854.458251953
1.95092903788 851.938476562
1.95721222319 849.07434082
1.96349540849 846.173156738
1.9697785938 848.952331543
1.97606177911 844.702209473
1.98234496442 842.993103027
1.98862814972 841.499328613
1.99491133503 841.432800293
2.00119452034 837.840454102
2.00747770564 837.690856934
2.01376089095 836.360839844
2.02004407626 833.88482666
2.02632726157 832.164123535
2.03261044687 830.494873047
2.03889363218 830.818115234
2.04517681749 828.863586426
2.05146000279 826.691040039
2.0577431881 825.081359863
2.06402637341 824.431762695
2.07030955872 822.222290039
2.07659274402 820.653869629
2.08287592933 820.532958984
2.08915911464 819.602905273
2.09544229994 816.451538086
2.10172548525 818.955810547
2.10800867056 814.621643066
2.11429185587 813.171875
2.12057504117 812.041625977
2.12685822648 810.351501465
2.13314141179 807.980651855
2.13942459709 809.12487793
2.1457077824 805.001647949
2.15199096771 803.679626465
2.15827415302 800.782897949
2.16455733832 801.956359863
2.17084052363 799.879333496
2.17712370894 797.512817383
2.18340689424 796.477966309
2.18969007955 794.012390137
2.19597326486 796.501098633
2.20225645017 792.18927002
2.20853963547 793.743347168
2.21482282078 789.040283203
2.22110600609 789.381164551
2.2273891914 788.610473633
2.2336723767 784.250427246
2.23995556201 783.575927734
2.24623874732 783.517700195
2.25252193262 784.325805664
2.25880511793 778.540527344
2.26508830324 779.974914551
2.27137148855 778.31854248
2.27765467385 778.189086914
2.28393785916 775.501525879
2.29022104447 775.044006348
2.29650422977 775.22857666
2.30278741508 773.030090332
2.30907060039 771.749755859
2.3153537857 769.101013184
2.321636971 769.610534668
2.32792015631 767.062927246
2.33420334162 766.011169434
2.34048652692 765.058837891
2.34676971223 765.100280762
2.35305289754 762.777893066
2.35933608285 763.077575684
2.36561926815 761.143066406
2.37190245346 761.374694824
2.37818563877 758.923278809
2.38446882407 756.708679199
2.39075200938 757.05456543
2.39703519469 756.535217285
2.40331838 753.687866211
2.4096015653 752.390930176
2.41588475061 750.85736084
2.42216793592 751.694641113
2.42845112122 749.743164062
2.43473430653 748.777587891
2.44101749184 750.117736816
2.44730067715 747.91418457
2.45358386245 747.778747559
2.45986704776 743.74017334
2.46615023307 743.477172852
2.47243341838 742.893249512
2.47871660368 741.319641113
2.48499978899 741.343444824
2.4912829743 738.987854004
2.4975661596 738.498046875
2.50384934491 738.422363281
2.51013253022 737.945556641
2.51641571553 738.016418457
2.52269890083 735.652038574
2.52898208614 736.118103027
2.53526527145 734.768493652
2.54154845675 733.90411377
2.54783164206 732.638916016
2.55411482737 731.420776367
2.56039801268 730.516845703
2.56668119798 730.845092773
2.57296438329 728.430419922
2.5792475686 728.194824219
2.5855307539 727.34173584
2.59181393921 726.515014648
2.59809712452 726.56060791
2.60438030983 725.089538574
2.61066349513 725.890014648
2.61694668044 723.652099609
2.62322986575 723.226806641
2.62951305105 723.054016113
2.63579623636 720.475646973
2.64207942167 720.309204102
2.64836260698 720.318908691
2.65464579228 721.653259277
2.66092897759 720.471435547
2.6672121629 719.95123291
2.6734953482 718.384521484
2.67977853351 717.633361816
2.68606171882 718.578369141
2.69234490413 716.506225586
2.69862808943 716.089660645
2.70491127474 716.642150879
2.71119446005 715.212219238
2.71747764536 715.248474121
2.72376083066 715.191467285
2.73004401597 714.936828613
2.73632720128 714.603759766
2.74261038658 714.060913086
2.74889357189 714.310974121
2.7551767572 712.686828613
2.76145994251 712.077148438
2.76774312781 712.913757324
2.77402631312 710.513916016
2.78030949843 713.547973633
2.78659268373 711.796386719
2.79287586904 711.064025879
2.79915905435 707.917358398
2.80544223966 710.661376953
2.81172542496 707.733337402
2.81800861027 709.452453613
2.82429179558 709.872436523
2.83057498088 709.584716797
2.83685816619 709.57409668
2.8431413515 709.549560547
2.84942453681 709.143249512
2.85570772211 708.858276367
2.86199090742 708.313659668
2.86827409273 709.296020508
2.87455727803 708.282897949
2.88084046334 709.805725098
2.88712364865 708.561767578
2.89340683396 711.715332031
2.89969001926 708.696899414
2.90597320457 708.32623291
2.91225638988 709.692749023
2.91853957518 709.404785156
2.92482276049 710.73059082
2.9311059458 709.934997559
2.93738913111 709.941467285
2.94367231641 710.312072754
2.94995550172 711.268676758
2.95623868703 711.137634277
2.96252187234 711.105163574
2.96880505764 711.399291992
2.97508824295 711.345581055
2.98137142826 711.905029297
2.98765461356 712.972473145
2.99393779887 713.075561523
3.00022098418 712.722167969
3.00650416949 714.052978516
3.01278735479 715.194091797
3.0190705401 714.98034668
3.02535372541 716.432617188
3.03163691071 717.397216797
3.03792009602 717.55255127
3.04420328133 718.405822754
3.05048646664 718.013366699
3.05676965194 719.746582031
3.06305283725 719.774475098
3.06933602256 720.63494873
3.07561920786 721.607849121
3.08190239317 723.350952148
3.08818557848 723.67956543
3.09446876379 724.200378418
3.10075194909 726.738830566
3.1070351344 725.903564453
3.11331831971 727.119812012
3.11960150501 727.261657715
3.12588469032 729.69909668
3.13216787563 729.667602539
3.13845106094 733.245483398
3.14473424624 732.041381836
3.15101743155 734.99230957
3.15730061686 736.770019531
3.16358380216 736.977355957
3.16986698747 737.329040527
3.17615017278 739.991455078
3.18243335809 741.748474121
3.18871654339 741.606628418
3.1949997287 744.964660645
3.20128291401 746.066345215
3.20756609932 747.684448242
3.21384928462 750.877746582
3.22013246993 750.240722656
3.22641565524 750.491394043
3.23269884054 748.485229492
3.23898202585 748.186889648
3.24526521116 748.595458984
3.25154839647 746.252380371
3.25783158177 747.239624023
3.26411476708 746.844177246
3.27039795239 745.815368652
3.27668113769 745.886230469
3.282964323 744.174255371
3.28924750831 743.470336914
3.29553069362 743.862121582
3.30181387892 742.476928711
3.30809706423 741.938659668
3.31438024954 741.966369629
3.32066343484 742.20690918
3.32694662015 741.688720703
3.33322980546 740.758239746
3.33951299077 740.196228027
3.34579617607 741.014709473
3.35207936138 740.364624023
3.35836254669 738.399475098
3.36464573199 739.299194336
3.3709289173 738.526489258
3.37721210261 738.639038086
3.38349528792 738.648132324
3.38977847322 737.779968262
3.39606165853 737.11920166
3.40234484384 737.211303711
3.40862802914 736.583374023
3.41491121445 736.49609375
3.42119439976 733.544494629
3.42747758507 735.603271484
3.43376077037 736.280212402
3.44004395568 735.601623535
3.44632714099 732.558776855
3.4526103263 735.727966309
3.4588935116 734.57019043
3.46517669691 733.29699707
3.47145988222 730.904052734
3.47774306752 733.20123291
3.48402625283 732.619384766
3.49030943814 733.260314941
3.49659262345 733.161987305
3.50287580875 732.006530762
3.50915899406 731.71307373
3.51544217937 734.279968262
3.52172536467 732.505371094
3.52800854998 731.407226562
3.53429173529 731.205749512
3.5405749206 732.177490234
3.5468581059 731.731262207
3.55314129121 731.998474121
3.55942447652 730.86151123
3.56570766182 731.541442871
3.57199084713 732.059875488
3.57827403244 730.15435791
3.58455721775 732.845214844
3.59084040305 729.813598633
3.59712358836 731.452453613
3.60340677367 731.61932373
3.60968995897 730.19342041
3.61597314428 731.145202637
3.62225632959 730.961730957
3.6285395149 730.799560547
3.6348227002 730.810852051
3.64110588551 730.844604492
3.64738907082 730.721069336
3.65367225612 732.09173584
3.65995544143 731.58972168
3.66623862674 730.424682617
3.67252181205 732.575134277
3.67880499735 731.613037109
3.68508818266 732.440246582
3.69137136797 731.891052246
3.69765455328 732.899353027
3.70393773858 732.728637695
3.71022092389 733.031799316
3.7165041092 732.073608398
3.7227872945 732.397155762
3.72907047981 734.746154785
3.73535366512 732.401733398
3.74163685043 733.875610352
3.74792003573 733.514221191
3.75420322104 734.65222168
3.76048640635 735.83203125
3.76676959165 735.312805176
3.77305277696 735.747192383
3.77933596227 737.422973633
3.78561914758 737.34362793
3.79190233288 737.833007812
3.79818551819 738.615966797
3.8044687035 737.770202637
3.8107518888 739.323669434
3.81703507411 739.698181152
3.82331825942 739.321960449
3.82960144473 739.693786621
3.83588463003 742.354553223
3.84216781534 743.480224609
3.84845100065 742.467346191
3.85473418595 743.104125977
3.86101737126 743.538818359
3.86730055657 744.162963867
3.87358374188 744.522155762
3.87986692718 744.533203125
3.88615011249 748.182617188
3.8924332978 747.63494873
3.8987164831 747.028137207
3.90499966841 749.606018066
3.91128285372 749.724121094
3.91756603903 750.737243652
3.92384922433 751.359069824
3.93013240964 754.914428711
3.93641559495 753.641906738
3.94269878026 755.521057129
3.94898196556 755.536682129
3.95526515087 756.77166748
3.96154833618 758.223632812
3.96783152148 758.413146973
3.97411470679 760.879150391
3.9803978921 761.291381836
3.98668107741 763.661254883
3.99296426271 761.123046875
3.99924744802 765.676391602
4.00553063333 765.089538574
4.01181381863 765.77722168
4.01809700394 767.612976074
4.02438018925 768.958496094
4.03066337456 770.33026123
4.03694655986 772.082275391
4.04322974517 776.569763184
4.04951293048 777.202941895
4.05579611578 779.133850098
4.06207930109 778.950561523
4.0683624864 778.434143066
4.07464567171 778.94152832
4.08092885701 780.38293457
4.08721204232 783.559204102
4.09349522763 782.65057373
4.09977841293 787.441040039
4.10606159824 785.871704102
4.11234478355 791.042480469
4.11862796886 791.710754395
4.12491115416 793.221679688
4.13119433947 795.877441406
4.13747752478 797.281555176
4.14376071008 799.897033691
4.15004389539 799.193359375
4.1563270807 802.813415527
4.16261026601 804.626953125
4.16889345131 807.490905762
4.17517663662 809.623352051
4.18145982193 808.764587402
4.18774300724 810.684387207
4.19402619254 814.96105957
4.20030937785 816.19744873
4.20659256316 820.688171387
4.21287574846 818.523376465
4.21915893377 824.214477539
4.22544211908 825.054077148
4.23172530439 827.735717773
4.23800848969 831.882446289
4.244291675 829.053833008
4.25057486031 835.798461914
4.25685804561 836.881469727
4.26314123092 839.394897461
4.26942441623 838.209899902
4.27570760154 844.915649414
4.28199078684 846.719360352
4.28827397215 850.252075195
4.29455715746 852.305175781
4.30084034276 850.782287598
4.30712352807 856.395080566
4.31340671338 858.717651367
4.31968989869 859.008178711
4.32597308399 862.670715332
4.3322562693 866.87322998
4.33853945461 867.867858887
4.34482263991 871.165100098
4.35110582522 873.880981445
4.35738901053 874.368530273
4.36367219584 876.244567871
4.36995538114 877.18572998
4.37623856645 880.91217041
4.38252175176 882.209899902
4.38880493706 886.734313965
4.39508812237 888.555419922
4.40137130768 892.69519043
4.40765449299 894.558532715
4.41393767829 896.102050781
4.4202208636 901.614685059
4.42650404891 900.742980957
4.43278723422 900.196472168
4.43907041952 905.516174316
4.44535360483 908.055236816
4.45163679014 908.444702148
4.45791997544 909.532165527
4.46420316075 916.128723145
4.47048634606 913.08001709
4.47676953137 913.829040527
4.48305271667 911.22845459
4.48933590198 916.978942871
4.49561908729 919.838195801
4.50190227259 918.761291504
4.5081854579 918.364135742
4.51446864321 917.256469727
4.52075182852 924.543334961
4.52703501382 917.960693359
4.53331819913 920.247192383
4.53960138444 921.347106934
4.54588456974 916.254394531
4.55216775505 917.985107422
4.55845094036 912.48034668
4.56473412567 912.886352539
4.57101731097 914.548461914
4.57730049628 911.035400391
4.58358368159 912.769226074
4.58986686689 918.048583984
4.5961500522 915.43927002
4.60243323751 912.995239258
4.60871642282 917.512207031
4.61499960812 921.266906738
4.62128279343 924.285522461
4.62756597874 924.144165039
4.63384916404 923.708435059
4.64013234935 923.740600586
4.64641553466 927.544006348
4.65269871997 922.702941895
4.65898190527 928.179138184
4.66526509058 929.859741211
4.67154827589 928.350952148
4.6778314612 933.844726562
4.6841146465 936.771057129
4.69039783181 936.070129395
4.69668101712 939.529174805
4.70296420242 941.16204834
4.70924738773 943.550170898
4.71553057304 944.215942383
4.72181375835 949.535400391
4.72809694365 948.08380127
4.73438012896 945.116638184
4.74066331427 954.368835449
4.74694649957 955.24420166
4.75322968488 957.822875977
4.75951287019 962.507446289
4.7657960555 967.797851562
4.7720792408 957.765136719
4.77836242611 970.245422363
4.78464561142 965.868591309
4.79092879672 977.306030273
4.79721198203 980.031799316
4.80349516734 979.465454102
4.80977835265 988.343139648
4.81606153795 990.274902344
4.82234472326 988.182800293
4.82862790857 988.527954102
4.83491109387 1000.75170898
4.84119427918 990.517944336
4.84747746449 1005.21514893
4.8537606498 1014.70074463
4.8600438351 1008.60186768
4.86632702041 1016.63751221
4.87261020572 1025.11791992
4.87889339102 1022.12518311
4.88517657633 1026.22619629
4.89145976164 1027.98815918
4.89774294695 1036.26782227
4.90402613225 1031.94921875
4.91030931756 1047.69543457
4.91659250287 1044.98156738
4.92287568818 1049.84777832
4.92915887348 1049.84985352
4.93544205879 1058.64086914
4.9417252441 1065.57324219
4.9480084294 1060.45385742
4.95429161471 1066.84228516
4.96057480002 1075.55419922
4.96685798533 1081.81738281
4.97314117063 1086.39196777
4.97942435594 1084.77478027
4.98570754125 1096.29614258
4.99199072655 1094.34362793
4.99827391186 1114.27880859
5.00455709717 1116.12890625
5.01084028248 1123.3873291
5.01712346778 1132.62097168
5.02340665309 1135.88195801
5.0296898384 1146.92651367
5.0359730237 1147.53198242
5.04225620901 1158.23266602
5.04853939432 1151.4798584
5.05482257963 1156.43835449
5.06110576493 1167.11572266
5.06738895024 1170.56347656
5.07367213555 1185.72375488
5.07995532085 1193.04431152
5.08623850616 1204.56164551
5.09252169147 1208.4498291
5.09880487678 1215.06140137
5.10508806208 1213.30004883
5.11137124739 1220.61743164
5.1176544327 1232.7824707
5.123937618 1224.80615234
5.13022080331 1261.61437988
5.13650398862 1253.41430664
5.14278717393 1294.23632812
5.14907035923 1279.8190918
5.15535354454 1278.66064453
5.16163672985 1299.66320801
5.16791991516 1316.10070801
5.17420310046 1314.00720215
5.18048628577 1313.6105957
5.18676947108 1354.73388672
5.19305265638 1357.16467285
5.19933584169 1338.93432617
5.205619027 1371.81359863
5.21190221231 1376.73632812
5.21818539761 1381.80688477
5.22446858292 1403.57336426
5.23075176823 1406.41503906
5.23703495353 1428.20043945
5.24331813884 1448.55664062
5.24960132415 1465.65771484
5.25588450946 1447.81115723
5.26216769476 1482.83325195
5.26845088007 1486.80407715
5.27473406538 1477.33068848
5.28101725068 1500.51672363
5.28730043599 1530.98840332
5.2935836213 1528.81030273
5.29986680661 1553.08422852
5.30614999191 1586.08093262
5.31243317722 1594.29980469
5.31871636253 1566.1394043
5.32499954783 1615.75231934
5.33128273314 1614.96826172
5.33756591845 1660.81530762
5.34384910376 1652.01586914
5.35013228906 1656.80383301
5.35641547437 1711.78710938
5.36269865968 1697.31835938
5.36898184498 1748.53564453
5.37526503029 1732.61352539
5.3815482156 1742.72106934
5.38783140091 1728.73620605
5.39411458621 1815.85217285
5.40039777152 1818.77111816
5.40668095683 1842.37646484
5.41296414214 1877.81164551
5.41924732744 1873.76049805
5.42553051275 1876.50317383
5.43181369806 1911.5357666
5.43809688336 1791.46520996
5.44438006867 2016.80493164
5.45066325398 1985.2043457
5.45694643929 2017.64672852
5.46322962459 2047.2401123
5.4695128099 2133.46142578
5.47579599521 2077.80419922
5.48207918051 2139.04589844
5.48836236582 2159.36523438
5.49464555113 2262.32055664
5.50092873644 2231.2409668
5.50721192174 2146.33398438
5.51349510705 2323.0402832
5.51977829236 2263.20166016
5.52606147766 2423.87719727
5.53234466297 2207.45874023
5.53862784828 2512.79052734
5.54491103359 2394.2421875
5.55119421889 2456.00195312
5.5574774042 3294.5637207
5.56376058951 3099.43823242
5.57004377481 5342.63330078
