0.00942477796077 30805.7714844
0.0157079632679 38519.6328125
0.0219911485751 34742.7304688
0.0282743338823 34446.203125
0.0345575191895 26867.1640625
0.0408407044967 23255.2324219
0.0471238898038 23391.9609375
0.053407075111 20465.6855469
0.0596902604182 17626.8417969
0.0659734457254 16954.2109375
0.0722566310326 15859.3662109
0.0785398163397 13391.2871094
0.0848230016469 11628.0195312
0.0911061869541 9834.26074219
0.0973893722613 9193.48925781
0.103672557568 7974.47607422
0.109955742876 8025.02392578
0.116238928183 8062.46777344
0.12252211349 6703.65087891
0.128805298797 6593.61230469
0.135088484104 6453.36523438
0.141371669412 5899.46191406
0.147654854719 5537.52490234
0.153938040026 5255.80957031
0.160221225333 4917.34667969
0.16650441064 4613.86523438
0.172787595947 4460.68701172
0.179070781255 4071.24169922
0.185353966562 4148.42529297
0.191637151869 3644.5012207
0.197920337176 3909.40014648
0.204203522483 3569.35205078
0.210486707791 3232.72851562
0.216769893098 3449.50415039
0.223053078405 3212.84423828
0.229336263712 3079.73608398
0.235619449019 3151.37475586
0.241902634326 3062.35742188
0.248185819634 2849.44360352
0.254469004941 2657.97607422
0.260752190248 2594.53564453
0.267035375555 2495.8737793
0.273318560862 2551.91894531
0.279601746169 2411.50170898
0.285884931477 2331.28027344
0.292168116784 2303.66552734
0.298451302091 2375.23486328
0.304734487398 2239.47265625
0.311017672705 2199.94506836
0.317300858013 2296.58740234
0.32358404332 2117.69775391
0.329867228627 2009.9498291
0.336150413934 1997.61169434
0.342433599241 1916.85131836
0.348716784548 1811.59594727
0.354999969856 1856.37365723
0.361283155163 1812.7010498
0.36756634047 1868.84973145
0.373849525777 1724.22070312
0.380132711084 1858.26708984
0.386415896392 1769.39880371
0.392699081699 1718.29382324
0.398982267006 1631.43725586
0.405265452313 1615.25537109
0.41154863762 1630.59484863
0.417831822927 1529.73205566
0.424115008235 1547.06384277
0.430398193542 1539.49194336
0.436681378849 1515.7019043
0.442964564156 1461.28259277
0.449247749463 1407.27783203
0.455530934771 1415.10314941
0.461814120078 1390.92907715
0.468097305385 1432.46179199
0.474380490692 1392.34667969
0.480663675999 1408.23291016
0.486946861306 1416.0333252
0.493230046614 1322.5703125
0.499513231921 1291.83496094
0.505796417228 1303.2779541
0.512079602535 1268.46008301
0.518362787842 1336.71582031
0.524645973149 1268.69946289
0.530929158457 1243.27722168
0.537212343764 1252.46166992
0.543495529071 1259.01745605
0.549778714378 1177.89013672
0.556061899685 1196.81713867
0.562345084993 1226.6595459
0.5686282703 1172.27563477
0.574911455607 1195.11889648
0.581194640914 1169.94702148
0.587477826221 1198.04699707
0.593761011528 1174.26037598
0.600044196836 1152.77087402
0.606327382143 1116.90100098
0.61261056745 1134.02185059
0.618893752757 1132.67687988
0.625176938064 1121.99035645
0.631460123372 1110.14038086
0.637743308679 1092.92358398
0.644026493986 1098.6973877
0.650309679293 1076.45751953
0.6565928646 1067.15979004
0.662876049907 1077.62414551
0.669159235215 1052.25378418
0.675442420522 1037.28466797
0.681725605829 1035.82312012
0.688008791136 1049.36364746
0.694291976443 1020.3336792
0.700575161751 1033.30932617
0.706858347058 991.293273926
0.713141532365 1003.99188232
0.719424717672 1015.3394165
0.725707902979 973.207214355
0.731991088286 988.579223633
0.738274273594 977.421691895
0.744557458901 988.11517334
0.750840644208 965.467285156
0.757123829515 949.887268066
0.763407014822 946.175354004
0.769690200129 951.188293457
0.775973385437 951.708251953
0.782256570744 952.72467041
0.788539756051 932.207092285
0.794822941358 933.266906738
0.801106126665 929.518798828
0.807389311973 925.089111328
0.81367249728 908.90637207
0.819955682587 910.818725586
0.826238867894 923.45501709
0.832522053201 899.047912598
0.838805238508 889.217651367
0.845088423816 904.713378906
0.851371609123 868.799194336
0.85765479443 883.772521973
0.863937979737 872.504882812
0.870221165044 870.758789062
0.876504350352 871.557922363
0.882787535659 851.873535156
0.889070720966 863.115966797
0.895353906273 855.390808105
0.90163709158 856.313903809
0.907920276887 845.337219238
0.914203462195 835.920837402
0.920486647502 833.631958008
0.926769832809 829.172424316
0.933053018116 829.054626465
0.939336203423 820.076538086
0.945619388731 842.005554199
0.951902574038 823.061279297
0.958185759345 819.831115723
0.964468944652 823.538452148
0.970752129959 810.163513184
0.977035315266 821.844665527
0.983318500574 805.811706543
0.989601685881 812.611755371
0.995884871188 796.395263672
1.0021680565 798.032958984
1.0084512418 796.325683594
1.01473442711 792.101989746
1.02101761242 788.317565918
1.02730079772 777.206298828
1.03358398303 779.744445801
1.03986716834 771.171875
1.04615035365 781.30456543
1.05243353895 770.060791016
1.05871672426 772.639404297
1.06499990957 770.204223633
1.07128309487 778.458190918
1.07756628018 759.003173828
1.08384946549 766.170471191
1.0901326508 765.460510254
1.0964158361 760.25982666
1.10269902141 753.166931152
1.10898220672 750.856262207
1.11526539202 751.480102539
1.12154857733 737.7265625
1.12783176264 741.896606445
1.13411494795 750.896179199
1.14039813325 739.295898438
1.14668131856 734.142333984
1.15296450387 734.343139648
1.15924768917 724.793457031
1.16553087448 724.667663574
1.17181405979 728.805786133
1.1780972451 716.666503906
1.1843804304 720.623474121
1.19066361571 720.899108887
1.19694680102 715.211486816
1.20322998632 718.304321289
1.20951317163 710.43359375
1.21579635694 706.567443848
1.22207954225 706.802246094
1.22836272755 706.108642578
1.23464591286 701.497436523
1.24092909817 702.48046875
1.24721228348 698.45501709
1.25349546878 697.922668457
1.25977865409 699.036743164
1.2660618394 697.511413574
1.2723450247 694.815551758
1.27862821001 688.125854492
1.28491139532 687.473754883
1.29119458063 687.945007324
1.29747776593 681.889160156
1.30376095124 686.839599609
1.31004413655 679.690795898
1.31632732185 680.912902832
1.32261050716 688.370666504
1.32889369247 675.847106934
1.33517687778 677.368774414
1.34146006308 669.153930664
1.34774324839 670.692932129
1.3540264337 677.925231934
1.360309619 663.498779297
1.36659280431 665.803222656
1.37287598962 663.619140625
1.37915917493 668.720581055
1.38544236023 657.037841797
1.39172554554 652.804077148
1.39800873085 656.423828125
1.40429191615 656.766906738
1.41057510146 656.824768066
1.41685828677 652.387695312
1.42314147208 654.577758789
1.42942465738 650.315612793
1.43570784269 649.025085449
1.441991028 652.790527344
1.4482742133 642.61517334
1.45455739861 642.502563477
1.46084058392 646.996459961
1.46712376923 646.992126465
1.47340695453 636.948913574
1.47969013984 638.036132812
1.48597332515 641.531555176
1.49225651046 631.577514648
1.49853969576 636.03729248
1.50482288107 629.145446777
1.51110606638 635.894226074
1.51738925168 628.660766602
1.52367243699 631.355712891
1.5299556223 625.898742676
1.53623880761 625.865783691
1.54252199291 621.763916016
1.54880517822 625.797485352
1.55508836353 624.987121582
1.56137154883 625.125366211
1.56765473414 615.335144043
1.57393791945 613.696777344
1.58022110476 620.377380371
1.58650429006 610.477905273
1.59278747537 610.358337402
1.59907066068 615.042480469
1.60535384598 612.239868164
1.61163703129 606.551391602
1.6179202166 603.199462891
1.62420340191 613.469177246
1.63048658721 603.700622559
1.63676977252 600.708740234
1.64305295783 604.222290039
1.64933614313 600.377624512
1.65561932844 602.854309082
1.66190251375 596.642272949
1.66818569906 597.54486084
1.67446888436 597.64251709
1.68075206967 599.942932129
1.68703525498 595.066040039
1.69331844028 595.56262207
1.69960162559 590.339660645
1.7058848109 592.799560547
1.71216799621 592.798461914
1.71845118151 591.93536377
1.72473436682 588.626647949
1.73101755213 583.39831543
1.73730073744 584.157165527
1.74358392274 582.221252441
1.74986710805 582.105407715
1.75615029336 580.35723877
1.76243347866 579.411621094
1.76871666397 578.73828125
1.77499984928 578.030700684
1.78128303459 576.970947266
1.78756621989 574.649658203
1.7938494052 572.853820801
1.80013259051 570.489013672
1.80641577581 573.464416504
1.81269896112 573.816345215
1.81898214643 571.108459473
1.82526533174 567.658874512
1.83154851704 564.488586426
1.83783170235 568.719116211
1.84411488766 565.311889648
1.85039807296 565.566589355
1.85668125827 568.053039551
1.86296444358 563.629699707
1.86924762889 562.527587891
1.87553081419 560.342895508
1.8818139995 562.686523438
1.88809718481 559.335083008
1.89438037011 562.250915527
1.90066355542 557.27142334
1.90694674073 554.647033691
1.91322992604 555.067321777
1.91951311134 556.964111328
1.92579629665 551.50994873
1.93207948196 547.165771484
1.93836266726 555.043884277
1.94464585257 551.561279297
1.95092903788 549.200500488
1.95721222319 553.364440918
1.96349540849 552.578613281
1.9697785938 546.532165527
1.97606177911 548.239990234
1.98234496442 549.272644043
1.98862814972 542.749938965
1.99491133503 543.157592773
2.00119452034 544.434753418
2.00747770564 544.19543457
2.01376089095 541.238220215
2.02004407626 539.836730957
2.02632726157 540.854980469
2.03261044687 539.540771484
2.03889363218 539.320129395
2.04517681749 535.670166016
2.05146000279 535.600524902
2.0577431881 536.618469238
2.06402637341 532.826843262
2.07030955872 536.35559082
2.07659274402 534.56463623
2.08287592933 533.016906738
2.08915911464 528.409057617
2.09544229994 527.369873047
2.10172548525 528.350952148
2.10800867056 531.178222656
2.11429185587 527.029418945
2.12057504117 533.635131836
2.12685822648 527.636108398
2.13314141179 526.373901367
2.13942459709 523.437194824
2.1457077824 522.12298584
2.15199096771 524.682434082
2.15827415302 522.133422852
2.16455733832 520.318115234
2.17084052363 518.539672852
2.17712370894 518.424377441
2.18340689424 520.667419434
2.18969007955 519.057434082
2.19597326486 517.29296875
2.20225645017 516.188659668
2.20853963547 513.10546875
2.21482282078 517.212524414
2.22110600609 515.154602051
2.2273891914 511.514251709
2.2336723767 509.13949585
2.23995556201 512.554199219
2.24623874732 511.317810059
2.25252193262 515.54699707
2.25880511793 508.988922119
2.26508830324 509.388641357
2.27137148855 508.588928223
2.27765467385 509.255371094
2.28393785916 506.731445312
2.29022104447 504.874145508
2.29650422977 506.386077881
2.30278741508 505.335327148
2.30907060039 504.928161621
2.3153537857 508.457733154
2.321636971 500.789489746
2.32792015631 504.022644043
2.33420334162 502.844604492
2.34048652692 499.373138428
2.34676971223 502.550689697
2.35305289754 495.143798828
2.35933608285 501.125732422
2.36561926815 502.594573975
2.37190245346 495.615112305
2.37818563877 493.968017578
2.38446882407 492.907348633
2.39075200938 490.791992188
2.39703519469 493.793731689
2.40331838 493.045440674
2.4096015653 490.796936035
2.41588475061 491.989685059
2.42216793592 494.431793213
2.42845112122 488.108642578
2.43473430653 492.590301514
2.44101749184 491.048583984
2.44730067715 490.543640137
2.45358386245 488.544281006
2.45986704776 485.143981934
2.46615023307 490.103942871
2.47243341838 489.85458374
2.47871660368 486.641967773
2.48499978899 488.805084229
2.4912829743 481.010894775
2.4975661596 484.788543701
2.50384934491 485.895843506
2.51013253022 487.407592773
2.51641571553 485.932098389
2.52269890083 483.202087402
2.52898208614 480.996856689
2.53526527145 479.996124268
2.54154845675 481.631561279
2.54783164206 482.539398193
2.55411482737 477.173400879
2.56039801268 478.988616943
2.56668119798 478.240783691
2.57296438329 476.937652588
2.5792475686 482.191131592
2.5855307539 476.642669678
2.59181393921 480.541870117
2.59809712452 478.839019775
2.60438030983 479.3097229
2.61066349513 472.083679199
2.61694668044 474.000366211
2.62322986575 469.574493408
2.62951305105 475.550506592
2.63579623636 476.234954834
2.64207942167 473.964538574
2.64836260698 472.821990967
2.65464579228 468.822784424
2.66092897759 471.585144043
2.6672121629 469.173980713
2.6734953482 469.730834961
2.67977853351 471.288360596
2.68606171882 471.054931641
2.69234490413 473.514984131
2.69862808943 476.99432373
2.70491127474 469.188995361
2.71119446005 467.995605469
2.71747764536 471.060943604
2.72376083066 469.057647705
2.73004401597 469.337036133
2.73632720128 466.798950195
2.74261038658 464.279296875
2.74889357189 473.859832764
2.7551767572 466.573120117
2.76145994251 469.2940979
2.76774312781 471.536468506
2.77402631312 472.927093506
2.78030949843 471.2550354
2.78659268373 465.292480469
2.79287586904 470.981048584
2.79915905435 470.809509277
2.80544223966 466.86038208
2.81172542496 470.604827881
2.81800861027 466.164123535
2.82429179558 468.005310059
2.83057498088 471.184906006
2.83685816619 466.192474365
2.8431413515 471.910766602
2.84942453681 467.314697266
2.85570772211 464.979644775
2.86199090742 463.025695801
2.86827409273 469.408630371
2.87455727803 466.666625977
2.88084046334 470.289031982
2.88712364865 469.762359619
2.89340683396 470.651885986
2.89969001926 468.104492188
2.90597320457 468.900115967
2.91225638988 467.122375488
2.91853957518 468.240020752
2.92482276049 465.64855957
2.9311059458 470.55871582
2.93738913111 472.337249756
2.94367231641 469.422119141
2.94995550172 467.781402588
2.95623868703 468.845672607
2.96252187234 471.346618652
2.96880505764 467.85043335
2.97508824295 471.075714111
2.98137142826 471.161102295
2.98765461356 466.712860107
2.99393779887 469.236022949
3.00022098418 470.960205078
3.00650416949 467.177154541
3.01278735479 472.795440674
3.0190705401 466.579864502
3.02535372541 470.738220215
3.03163691071 471.680358887
3.03792009602 472.287994385
3.04420328133 474.766571045
3.05048646664 471.97555542
3.05676965194 475.291259766
3.06305283725 477.306854248
3.06933602256 475.422668457
3.07561920786 472.174713135
3.08190239317 476.368896484
3.08818557848 477.679016113
3.09446876379 475.545227051
3.10075194909 478.936950684
3.1070351344 479.8621521
3.11331831971 478.577575684
3.11960150501 479.413238525
3.12588469032 480.879058838
3.13216787563 481.180786133
3.13845106094 481.604736328
3.14473424624 484.090148926
3.15101743155 482.144012451
3.15730061686 488.531219482
3.16358380216 488.504272461
3.16986698747 483.34765625
3.17615017278 490.414215088
3.18243335809 487.31539917
3.18871654339 491.010101318
3.1949997287 493.015869141
3.20128291401 489.966552734
3.20756609932 493.605499268
3.21384928462 493.56652832
3.22013246993 493.503143311
3.22641565524 492.534576416
3.23269884054 494.795654297
3.23898202585 493.721191406
3.24526521116 490.54119873
3.25154839647 491.457977295
3.25783158177 488.729705811
3.26411476708 492.380889893
3.27039795239 492.132080078
3.27668113769 489.893981934
3.282964323 490.129241943
3.28924750831 489.64465332
3.29553069362 489.298309326
3.30181387892 489.179290771
3.30809706423 486.308349609
3.31438024954 482.932373047
3.32066343484 487.059265137
3.32694662015 486.424194336
3.33322980546 485.018280029
3.33951299077 482.976715088
3.34579617607 486.894744873
3.35207936138 484.512207031
3.35836254669 487.361724854
3.36464573199 484.951660156
3.3709289173 485.899536133
3.37721210261 482.046691895
3.38349528792 481.687561035
3.38977847322 484.6953125
3.39606165853 484.757385254
3.40234484384 484.921478271
3.40862802914 483.406097412
3.41491121445 481.431182861
3.42119439976 481.836242676
3.42747758507 483.629089355
3.43376077037 482.011779785
3.44004395568 483.196350098
3.44632714099 478.294616699
3.4526103263 480.524658203
3.4588935116 479.550567627
3.46517669691 483.509094238
3.47145988222 481.920959473
3.47774306752 478.051971436
3.48402625283 477.792419434
3.49030943814 479.646972656
3.49659262345 479.035919189
3.50287580875 474.637237549
3.50915899406 477.620452881
3.51544217937 474.474884033
3.52172536467 475.331481934
3.52800854998 481.564361572
3.53429173529 481.306915283
3.5405749206 478.339294434
3.5468581059 482.75177002
3.55314129121 476.770690918
3.55942447652 481.405426025
3.56570766182 478.754760742
3.57199084713 475.658203125
3.57827403244 477.458679199
3.58455721775 479.311889648
3.59084040305 476.295013428
3.59712358836 473.043243408
3.60340677367 478.36618042
3.60968995897 476.222595215
3.61597314428 479.03604126
3.62225632959 474.452850342
3.6285395149 470.591064453
3.6348227002 476.347137451
3.64110588551 476.839324951
3.64738907082 475.140563965
3.65367225612 475.368438721
3.65995544143 478.431091309
3.66623862674 480.988952637
3.67252181205 477.709716797
3.67880499735 481.641235352
3.68508818266 474.337768555
3.69137136797 478.605438232
3.69765455328 474.585510254
3.70393773858 476.369506836
3.71022092389 476.542999268
3.7165041092 482.714355469
3.7227872945 481.521392822
3.72907047981 478.41217041
3.73535366512 476.863433838
3.74163685043 483.978729248
3.74792003573 476.483093262
3.75420322104 482.947479248
3.76048640635 479.214111328
3.76676959165 481.182556152
3.77305277696 484.384033203
3.77933596227 480.905609131
3.78561914758 478.601989746
3.79190233288 485.12890625
3.79818551819 483.107055664
3.8044687035 480.009643555
3.8107518888 482.21875
3.81703507411 484.518463135
3.82331825942 485.658233643
3.82960144473 481.230133057
3.83588463003 483.556610107
3.84216781534 483.517669678
3.84845100065 480.011291504
3.85473418595 485.848388672
3.86101737126 486.232696533
3.86730055657 485.065856934
3.87358374188 480.22756958
3.87986692718 481.554016113
3.88615011249 483.183319092
3.8924332978 490.709442139
3.8987164831 487.426849365
3.90499966841 481.178009033
3.91128285372 489.234527588
3.91756603903 488.91809082
3.92384922433 489.92199707
3.93013240964 490.056945801
3.93641559495 495.329284668
3.94269878026 491.456481934
3.94898196556 495.475616455
3.95526515087 494.427307129
3.96154833618 489.074584961
3.96783152148 496.585418701
3.97411470679 496.168762207
3.9803978921 493.352630615
3.98668107741 494.226531982
3.99296426271 489.729705811
3.99924744802 502.0027771
4.00553063333 496.980865479
4.01181381863 506.607299805
4.01809700394 496.249237061
4.02438018925 505.178771973
4.03066337456 500.849304199
4.03694655986 496.701263428
4.04322974517 503.402069092
4.04951293048 503.668395996
4.05579611578 503.274108887
4.06207930109 503.602111816
4.0683624864 506.628723145
4.07464567171 505.97088623
4.08092885701 503.022918701
4.08721204232 504.508758545
4.09349522763 508.543395996
4.09977841293 504.90234375
4.10606159824 511.450714111
4.11234478355 506.331390381
4.11862796886 516.380310059
4.12491115416 507.950683594
4.13119433947 521.364929199
4.13747752478 519.592102051
4.14376071008 524.254089355
4.15004389539 518.032775879
4.1563270807 519.796447754
4.16261026601 515.919128418
4.16889345131 525.723205566
4.17517663662 524.347839355
4.18145982193 528.192321777
4.18774300724 515.602722168
4.19402619254 528.83203125
4.20030937785 522.249816895
4.20659256316 523.526611328
4.21287574846 525.340270996
4.21915893377 530.075134277
4.22544211908 523.37878418
4.23172530439 533.674499512
4.23800848969 544.526306152
4.244291675 535.122009277
4.25057486031 532.144104004
4.25685804561 540.68145752
4.26314123092 536.429748535
4.26942441623 543.33581543
4.27570760154 537.10736084
4.28199078684 543.912353516
4.28827397215 545.901123047
4.29455715746 540.809265137
4.30084034276 547.143493652
4.30712352807 551.422973633
4.31340671338 546.728637695
4.31968989869 552.928527832
4.32597308399 569.574890137
4.3322562693 549.086181641
4.33853945461 556.593994141
4.34482263991 549.188110352
4.35110582522 559.35357666
4.35738901053 564.928588867
4.36367219584 567.408081055
4.36995538114 558.539855957
4.37623856645 563.50604248
4.38252175176 569.505737305
4.38880493706 570.366760254
4.39508812237 576.679870605
4.40137130768 575.030334473
4.40765449299 588.362365723
4.41393767829 569.878662109
4.4202208636 585.668701172
4.42650404891 576.406066895
4.43278723422 580.989807129
4.43907041952 576.186157227
4.44535360483 575.700744629
4.45163679014 570.513671875
4.45791997544 582.216430664
4.46420316075 589.49230957
4.47048634606 584.766052246
4.47676953137 585.90057373
4.48305271667 595.688903809
4.48933590198 584.954772949
4.49561908729 589.561706543
4.50190227259 583.874084473
4.5081854579 601.828857422
4.51446864321 587.961608887
4.52075182852 598.24609375
4.52703501382 580.307006836
4.53331819913 591.170349121
4.53960138444 595.745544434
4.54588456974 585.077697754
4.55216775505 586.335083008
4.55845094036 578.881103516
4.56473412567 594.23248291
4.57101731097 584.007995605
4.57730049628 587.109008789
4.58358368159 569.011230469
4.58986686689 575.29486084
4.5961500522 579.894226074
4.60243323751 564.936828613
4.60871642282 592.863586426
4.61499960812 587.332336426
4.62128279343 580.281311035
4.62756597874 586.08972168
4.63384916404 590.758789062
4.64013234935 588.497436523
4.64641553466 604.667602539
4.65269871997 580.535888672
4.65898190527 566.278259277
4.66526509058 579.02154541
4.67154827589 596.515930176
4.6778314612 586.038696289
4.6841146465 594.814575195
4.69039783181 593.252441406
4.69668101712 598.856079102
4.70296420242 599.979675293
4.70924738773 600.238037109
4.71553057304 584.731262207
4.72181375835 610.893798828
4.72809694365 576.437683105
4.73438012896 607.797729492
4.74066331427 595.678955078
4.74694649957 608.516662598
4.75322968488 601.180480957
4.75951287019 616.692077637
4.7657960555 620.048156738
4.7720792408 603.749206543
4.77836242611 614.494995117
4.78464561142 592.550354004
4.79092879672 627.041931152
4.79721198203 621.339233398
4.80349516734 617.759460449
4.80977835265 614.969543457
4.81606153795 618.294189453
4.82234472326 636.848449707
4.82862790857 639.488708496
4.83491109387 613.30682373
4.84119427918 620.610351562
4.84747746449 604.522155762
4.8537606498 651.838256836
4.8600438351 629.789733887
4.86632702041 657.162109375
4.87261020572 608.284667969
4.87889339102 641.195617676
4.88517657633 637.086303711
4.89145976164 634.009277344
4.89774294695 653.890991211
4.90402613225 646.634460449
4.91030931756 625.537353516
4.91659250287 662.775390625
4.92287568818 644.65435791
4.92915887348 682.910888672
4.93544205879 683.871582031
4.9417252441 676.96081543
4.9480084294 688.514526367
4.95429161471 688.822570801
4.96057480002 651.206054688
4.96685798533 681.027893066
4.97314117063 694.030090332
4.97942435594 708.050537109
4.98570754125 702.892211914
4.99199072655 712.427612305
4.99827391186 705.269165039
5.00455709717 702.323425293
5.01084028248 701.271972656
5.01712346778 741.68536377
5.02340665309 716.314880371
5.0296898384 744.449279785
5.0359730237 740.618652344
5.04225620901 754.770568848
5.04853939432 740.024536133
5.05482257963 747.338928223
5.06110576493 730.634521484
5.06738895024 729.238769531
5.07367213555 699.316772461
5.07995532085 796.514526367
5.08623850616 741.593322754
5.09252169147 729.308898926
5.09880487678 762.885559082
5.10508806208 729.310302734
5.11137124739 750.599853516
5.1176544327 775.030883789
5.123937618 822.856323242
5.13022080331 807.506103516
5.13650398862 807.617126465
5.14278717393 809.975219727
5.14907035923 837.019104004
5.15535354454 863.318664551
5.16163672985 806.161865234
5.16791991516 792.464782715
5.17420310046 921.673828125
5.18048628577 822.718688965
5.18676947108 855.337158203
5.19305265638 800.382080078
5.19933584169 835.664306641
5.205619027 856.119689941
5.21190221231 860.854003906
5.21818539761 905.482727051
5.22446858292 892.983764648
5.23075176823 877.80871582
5.23703495353 864.317565918
5.24331813884 1006.41876221
5.24960132415 864.194458008
5.25588450946 976.446716309
5.26216769476 891.691650391
5.26845088007 943.006408691
5.27473406538 1010.74523926
5.28101725068 1020.13153076
5.28730043599 945.987792969
5.2935836213 866.651367188
5.29986680661 966.550720215
5.30614999191 993.498474121
5.31243317722 917.566650391
5.31871636253 1106.1373291
5.32499954783 1080.73266602
5.33128273314 1098.88220215
5.33756591845 1198.18457031
5.34384910376 1028.16162109
5.35013228906 1159.3939209
5.35641547437 1207.3223877
5.36269865968 1005.92205811
5.36898184498 1093.87683105
5.37526503029 1288.5949707
5.3815482156 1153.99816895
5.38783140091 1224.17041016
5.39411458621 977.045043945
5.40039777152 1191.59350586
5.40668095683 1090.32763672
5.41296414214 1090.44836426
5.41924732744 1157.93920898
5.42553051275 1175.19104004
5.43181369806 693.807556152
5.43809688336 1168.09069824
5.44438006867 1326.57189941
5.45066325398 942.450195312
5.45694643929 1498.61193848
5.46322962459 1170.17980957
5.4695128099 1349.29492188
5.47579599521 1479.57653809
5.48207918051 1484.23828125
5.48836236582 1756.22741699
5.49464555113 1660.73083496
5.50092873644 1854.07617188
5.50721192174 913.130554199
5.51349510705 1728.22314453
5.51977829236 2640.73486328
5.52606147766 947.760498047
5.53234466297 162.94909668
5.53862784828 2409.4387207
5.54491103359 1133.73950195
5.55119421889 456.406921387
5.5574774042 5441.29492188
5.56376058951 3977.69360352
5.57004377481 -5608.10791016
