0.00942477796077 54631.2421875
0.0157079632679 58302.8007812
0.0219911485751 51933.09375
0.0282743338823 43248.9296875
0.0345575191895 35385.8320312
0.0408407044967 26416.3613281
0.0471238898038 24580.3515625
0.053407075111 21336.4921875
0.0596902604182 20293.1523438
0.0659734457254 18238.4765625
0.0722566310326 17119.2773438
0.0785398163397 14972.2148438
0.0848230016469 12723.7861328
0.0911061869541 11092.0
0.0973893722613 10542.8339844
0.103672557568 9622.20507812
0.109955742876 9171.19140625
0.116238928183 8439.79980469
0.12252211349 7847.44238281
0.128805298797 7779.80029297
0.135088484104 7073.59082031
0.141371669412 6626.02001953
0.147654854719 6248.28466797
0.153938040026 5908.25927734
0.160221225333 5634.48730469
0.16650441064 5265.99169922
0.172787595947 5026.70654297
0.179070781255 4868.77832031
0.185353966562 4595.79589844
0.191637151869 4533.39892578
0.197920337176 4360.62402344
0.204203522483 4013.02026367
0.210486707791 3957.14086914
0.216769893098 3839.95336914
0.223053078405 3618.6628418
0.229336263712 3462.19262695
0.235619449019 3471.91552734
0.241902634326 3422.52758789
0.248185819634 3226.57519531
0.254469004941 3183.53125
0.260752190248 3042.94165039
0.267035375555 2975.81201172
0.273318560862 2963.68066406
0.279601746169 2845.38525391
0.285884931477 2767.4753418
0.292168116784 2660.65551758
0.298451302091 2664.76293945
0.304734487398 2632.41601562
0.311017672705 2531.70092773
0.317300858013 2506.30395508
0.32358404332 2421.4050293
0.329867228627 2345.32910156
0.336150413934 2372.34472656
0.342433599241 2285.59130859
0.348716784548 2280.55664062
0.354999969856 2235.48681641
0.361283155163 2159.51123047
0.36756634047 2129.84838867
0.373849525777 2117.46875
0.380132711084 2078.30737305
0.386415896392 2049.15649414
0.392699081699 2022.45336914
0.398982267006 1992.02893066
0.405265452313 1918.7064209
0.41154863762 1913.93286133
0.417831822927 1852.23852539
0.424115008235 1886.03051758
0.430398193542 1839.70178223
0.436681378849 1832.5020752
0.442964564156 1800.36169434
0.449247749463 1772.10168457
0.455530934771 1742.6706543
0.461814120078 1719.48168945
0.468097305385 1730.62268066
0.474380490692 1699.42810059
0.480663675999 1674.61108398
0.486946861306 1656.91796875
0.493230046614 1626.14135742
0.499513231921 1617.77111816
0.505796417228 1605.71008301
0.512079602535 1588.5871582
0.518362787842 1576.11303711
0.524645973149 1553.69030762
0.530929158457 1528.04321289
0.537212343764 1538.23681641
0.543495529071 1504.00769043
0.549778714378 1491.14550781
0.556061899685 1480.68432617
0.562345084993 1484.81921387
0.5686282703 1457.05895996
0.574911455607 1432.78442383
0.581194640914 1429.99414062
0.587477826221 1422.22888184
0.593761011528 1400.3449707
0.600044196836 1395.0098877
0.606327382143 1374.2845459
0.61261056745 1374.20605469
0.618893752757 1362.37963867
0.625176938064 1354.19628906
0.631460123372 1348.97460938
0.637743308679 1348.66369629
0.644026493986 1332.31945801
0.650309679293 1317.38916016
0.6565928646 1311.61877441
0.662876049907 1305.67126465
0.669159235215 1293.12365723
0.675442420522 1286.7590332
0.681725605829 1273.02563477
0.688008791136 1274.36914062
0.694291976443 1261.61535645
0.700575161751 1252.51318359
0.706858347058 1242.51550293
0.713141532365 1255.53601074
0.719424717672 1218.07006836
0.725707902979 1216.65002441
0.731991088286 1214.32128906
0.738274273594 1201.60864258
0.744557458901 1201.6776123
0.750840644208 1196.12561035
0.757123829515 1186.97241211
0.763407014822 1179.70336914
0.769690200129 1180.17370605
0.775973385437 1168.71862793
0.782256570744 1166.54467773
0.788539756051 1161.92834473
0.794822941358 1153.73620605
0.801106126665 1149.23242188
0.807389311973 1144.87548828
0.81367249728 1125.84033203
0.819955682587 1129.81640625
0.826238867894 1131.98791504
0.832522053201 1119.79724121
0.838805238508 1114.01550293
0.845088423816 1104.50061035
0.851371609123 1111.24462891
0.85765479443 1100.63378906
0.863937979737 1092.47143555
0.870221165044 1087.7935791
0.876504350352 1084.60498047
0.882787535659 1082.16674805
0.889070720966 1084.08752441
0.895353906273 1068.78735352
0.90163709158 1072.06176758
0.907920276887 1065.01135254
0.914203462195 1058.81665039
0.920486647502 1060.31152344
0.926769832809 1049.95129395
0.933053018116 1043.81213379
0.939336203423 1040.94897461
0.945619388731 1029.26513672
0.951902574038 1025.24072266
0.958185759345 1035.21069336
0.964468944652 1024.65844727
0.970752129959 1025.59411621
0.977035315266 1021.49786377
0.983318500574 1009.41522217
0.989601685881 1012.74328613
0.995884871188 1006.67919922
1.0021680565 1005.84136963
1.0084512418 1001.16082764
1.01473442711 989.540344238
1.02101761242 993.002441406
1.02730079772 986.090515137
1.03358398303 986.805175781
1.03986716834 989.649719238
1.04615035365 977.555969238
1.05243353895 975.303466797
1.05871672426 967.838928223
1.06499990957 963.353637695
1.07128309487 962.147399902
1.07756628018 968.818786621
1.08384946549 958.742370605
1.0901326508 954.468444824
1.0964158361 954.08416748
1.10269902141 946.472106934
1.10898220672 951.98223877
1.11526539202 946.678161621
1.12154857733 940.995483398
1.12783176264 939.465332031
1.13411494795 936.661376953
1.14039813325 932.784423828
1.14668131856 925.238586426
1.15296450387 918.472595215
1.15924768917 922.727905273
1.16553087448 919.069152832
1.17181405979 913.678222656
1.1780972451 917.972106934
1.1843804304 912.264404297
1.19066361571 909.073486328
1.19694680102 905.059448242
1.20322998632 903.139465332
1.20951317163 899.472839355
1.21579635694 899.217773438
1.22207954225 895.821899414
1.22836272755 891.219970703
1.23464591286 886.890380859
1.24092909817 890.352111816
1.24721228348 885.301147461
1.25349546878 884.664306641
1.25977865409 877.972473145
1.2660618394 877.40838623
1.2723450247 875.015136719
1.27862821001 873.691162109
1.28491139532 869.151306152
1.29119458063 870.472167969
1.29747776593 865.634887695
1.30376095124 867.504150391
1.31004413655 859.56237793
1.31632732185 858.938964844
1.32261050716 854.93182373
1.32889369247 855.489196777
1.33517687778 853.309570312
1.34146006308 855.340087891
1.34774324839 848.783447266
1.3540264337 848.23248291
1.360309619 844.346862793
1.36659280431 847.24206543
1.37287598962 839.044921875
1.37915917493 840.880554199
1.38544236023 836.71673584
1.39172554554 833.629943848
1.39800873085 829.569519043
1.40429191615 830.054992676
1.41057510146 823.767150879
1.41685828677 827.043579102
1.42314147208 825.632385254
1.42942465738 823.636169434
1.43570784269 821.677001953
1.441991028 818.026977539
1.4482742133 814.360229492
1.45455739861 814.011901855
1.46084058392 814.877929688
1.46712376923 812.451049805
1.47340695453 805.760742188
1.47969013984 805.090576172
1.48597332515 805.24810791
1.49225651046 801.208007812
1.49853969576 801.15637207
1.50482288107 799.661010742
1.51110606638 795.906555176
1.51738925168 796.170837402
1.52367243699 791.083251953
1.5299556223 788.188110352
1.53623880761 789.055053711
1.54252199291 788.534057617
1.54880517822 786.739440918
1.55508836353 783.872436523
1.56137154883 779.438903809
1.56765473414 779.952209473
1.57393791945 779.489074707
1.58022110476 772.679199219
1.58650429006 774.754882812
1.59278747537 776.413879395
1.59907066068 771.706726074
1.60535384598 770.509033203
1.61163703129 770.34362793
1.6179202166 766.819702148
1.62420340191 762.922180176
1.63048658721 763.478881836
1.63676977252 759.398681641
1.64305295783 758.50213623
1.64933614313 756.221923828
1.65561932844 754.147949219
1.66190251375 751.410461426
1.66818569906 754.437805176
1.67446888436 747.788818359
1.68075206967 748.295532227
1.68703525498 747.683227539
1.69331844028 744.732421875
1.69960162559 745.547302246
1.7058848109 740.920898438
1.71216799621 739.570068359
1.71845118151 738.107910156
1.72473436682 739.818786621
1.73101755213 732.709655762
1.73730073744 733.777038574
1.74358392274 732.78692627
1.74986710805 730.401977539
1.75615029336 729.858337402
1.76243347866 729.297058105
1.76871666397 727.372680664
1.77499984928 724.332885742
1.78128303459 723.334777832
1.78756621989 720.983886719
1.7938494052 719.271240234
1.80013259051 716.796447754
1.80641577581 718.588439941
1.81269896112 714.326171875
1.81898214643 713.078491211
1.82526533174 711.403198242
1.83154851704 710.002624512
1.83783170235 709.246154785
1.84411488766 708.706359863
1.85039807296 707.557189941
1.85668125827 704.559265137
1.86296444358 702.323120117
1.86924762889 699.86932373
1.87553081419 700.02935791
1.8818139995 700.779541016
1.88809718481 695.940429688
1.89438037011 694.932067871
1.90066355542 693.866333008
1.90694674073 694.108459473
1.91322992604 691.193664551
1.91951311134 689.219482422
1.92579629665 689.49230957
1.93207948196 688.751464844
1.93836266726 683.013427734
1.94464585257 685.835632324
1.95092903788 682.095581055
1.95721222319 683.044677734
1.96349540849 679.583007812
1.9697785938 679.470092773
1.97606177911 679.857788086
1.98234496442 674.307434082
1.98862814972 672.86920166
1.99491133503 673.40814209
2.00119452034 670.885070801
2.00747770564 669.92791748
2.01376089095 668.916564941
2.02004407626 667.23828125
2.02632726157 664.680847168
2.03261044687 664.282897949
2.03889363218 664.446777344
2.04517681749 662.440551758
2.05146000279 660.791625977
2.0577431881 657.580688477
2.06402637341 658.367797852
2.07030955872 655.806152344
2.07659274402 654.284912109
2.08287592933 653.358032227
2.08915911464 652.429077148
2.09544229994 651.68347168
2.10172548525 649.26739502
2.10800867056 650.519592285
2.11429185587 648.177307129
2.12057504117 646.004272461
2.12685822648 644.20501709
2.13314141179 645.885375977
2.13942459709 642.043762207
2.1457077824 641.955078125
2.15199096771 640.536682129
2.15827415302 638.604736328
2.16455733832 636.683349609
2.17084052363 635.896911621
2.17712370894 635.708312988
2.18340689424 633.34161377
2.18969007955 631.668029785
2.19597326486 631.644470215
2.20225645017 630.528564453
2.20853963547 630.866027832
2.21482282078 627.604980469
2.22110600609 625.877624512
2.2273891914 626.565917969
2.2336723767 624.883056641
2.23995556201 621.893554688
2.24623874732 623.518981934
2.25252193262 620.716918945
2.25880511793 620.287902832
2.26508830324 618.762390137
2.27137148855 617.757080078
2.27765467385 615.864990234
2.28393785916 615.979553223
2.29022104447 613.584228516
2.29650422977 613.59967041
2.30278741508 611.142883301
2.30907060039 609.876708984
2.3153537857 609.863464355
2.321636971 609.542358398
2.32792015631 609.010131836
2.33420334162 608.152893066
2.34048652692 603.579650879
2.34676971223 604.265869141
2.35305289754 603.507080078
2.35933608285 603.391113281
2.36561926815 600.419555664
2.37190245346 598.49017334
2.37818563877 598.642333984
2.38446882407 596.856079102
2.39075200938 595.898254395
2.39703519469 596.077636719
2.40331838 594.306640625
2.4096015653 593.092041016
2.41588475061 592.484741211
2.42216793592 589.474304199
2.42845112122 590.778259277
2.43473430653 590.163391113
2.44101749184 589.578918457
2.44730067715 588.114013672
2.45358386245 586.594604492
2.45986704776 586.159851074
2.46615023307 586.524719238
2.47243341838 583.358703613
2.47871660368 582.729431152
2.48499978899 580.678649902
2.4912829743 580.230224609
2.4975661596 581.820495605
2.50384934491 579.504211426
2.51013253022 576.505981445
2.51641571553 577.945678711
2.52269890083 578.128479004
2.52898208614 576.829101562
2.53526527145 574.865539551
2.54154845675 574.896118164
2.54783164206 574.009643555
2.55411482737 572.24810791
2.56039801268 570.537475586
2.56668119798 572.420959473
2.57296438329 570.582214355
2.5792475686 570.363525391
2.5855307539 569.557739258
2.59181393921 567.883117676
2.59809712452 567.365905762
2.60438030983 566.473571777
2.61066349513 566.789855957
2.61694668044 565.512817383
2.62322986575 563.556274414
2.62951305105 564.278991699
2.63579623636 562.483032227
2.64207942167 562.297668457
2.64836260698 562.913574219
2.65464579228 559.777709961
2.66092897759 561.655639648
2.6672121629 560.555664062
2.6734953482 559.752502441
2.67977853351 558.416503906
2.68606171882 557.423400879
2.69234490413 558.751159668
2.69862808943 555.358947754
2.70491127474 557.020202637
2.71119446005 555.485351562
2.71747764536 555.155090332
2.72376083066 555.40020752
2.73004401597 555.840515137
2.73632720128 553.48248291
2.74261038658 554.136962891
2.74889357189 553.351501465
2.7551767572 552.84197998
2.76145994251 551.220153809
2.76774312781 551.570129395
2.77402631312 550.742919922
2.78030949843 550.891845703
2.78659268373 550.394958496
2.79287586904 550.773132324
2.79915905435 549.470397949
2.80544223966 550.375366211
2.81172542496 548.513916016
2.81800861027 549.399414062
2.82429179558 549.56072998
2.83057498088 549.216674805
2.83685816619 547.641601562
2.8431413515 547.900634766
2.84942453681 547.910217285
2.85570772211 547.165161133
2.86199090742 547.354003906
2.86827409273 546.92175293
2.87455727803 547.098205566
2.88084046334 547.189025879
2.88712364865 544.774658203
2.89340683396 546.129455566
2.89969001926 546.727722168
2.90597320457 545.409667969
2.91225638988 546.249511719
2.91853957518 546.464599609
2.92482276049 545.727600098
2.9311059458 546.363708496
2.93738913111 545.399414062
2.94367231641 545.604553223
2.94995550172 545.152770996
2.95623868703 545.327026367
2.96252187234 545.958618164
2.96880505764 546.686828613
2.97508824295 545.877258301
2.98137142826 546.411743164
2.98765461356 545.692260742
2.99393779887 546.368286133
3.00022098418 546.508544922
3.00650416949 547.605712891
3.01278735479 547.72845459
3.0190705401 547.09362793
3.02535372541 546.168823242
3.03163691071 547.326538086
3.03792009602 547.593994141
3.04420328133 548.395690918
3.05048646664 549.615966797
3.05676965194 549.429321289
3.06305283725 549.560546875
3.06933602256 550.982910156
3.07561920786 550.49407959
3.08190239317 551.323303223
3.08818557848 551.709533691
3.09446876379 553.165283203
3.10075194909 552.153991699
3.1070351344 555.609375
3.11331831971 554.261901855
3.11960150501 554.165039062
3.12588469032 555.197937012
3.13216787563 555.567138672
3.13845106094 557.166870117
3.14473424624 558.325012207
3.15101743155 556.769104004
3.15730061686 559.828979492
3.16358380216 560.130554199
3.16986698747 561.352294922
3.17615017278 561.41809082
3.18243335809 563.714111328
3.18871654339 562.828918457
3.1949997287 565.609802246
3.20128291401 565.61517334
3.20756609932 567.260070801
3.21384928462 567.809265137
3.22013246993 568.547790527
3.22641565524 569.406921387
3.23269884054 566.88470459
3.23898202585 565.469055176
3.24526521116 565.794006348
3.25154839647 564.508300781
3.25783158177 565.295227051
3.26411476708 564.488830566
3.27039795239 563.873474121
3.27668113769 562.34753418
3.282964323 561.902160645
3.28924750831 561.56829834
3.29553069362 561.453308105
3.30181387892 560.815429688
3.30809706423 559.191223145
3.31438024954 559.784484863
3.32066343484 559.642211914
3.32694662015 557.538269043
3.33322980546 558.607849121
3.33951299077 559.393920898
3.34579617607 558.939941406
3.35207936138 555.868469238
3.35836254669 556.676025391
3.36464573199 555.625061035
3.3709289173 555.001647949
3.37721210261 554.49017334
3.38349528792 555.301513672
3.38977847322 554.274780273
3.39606165853 553.424621582
3.40234484384 552.497253418
3.40862802914 552.242370605
3.41491121445 552.278564453
3.42119439976 551.02154541
3.42747758507 550.312438965
3.43376077037 550.689208984
3.44004395568 550.147399902
3.44632714099 550.941711426
3.4526103263 548.782104492
3.4588935116 549.531799316
3.46517669691 548.727172852
3.47145988222 547.395507812
3.47774306752 548.32611084
3.48402625283 547.719238281
3.49030943814 548.841064453
3.49659262345 548.084838867
3.50287580875 546.13079834
3.50915899406 546.08026123
3.51544217937 545.924438477
3.52172536467 545.262634277
3.52800854998 544.98260498
3.53429173529 544.778808594
3.5405749206 544.874572754
3.5468581059 544.160827637
3.55314129121 544.963684082
3.55942447652 544.258361816
3.56570766182 544.547485352
3.57199084713 543.809387207
3.57827403244 542.499023438
3.58455721775 541.570495605
3.59084040305 542.691223145
3.59712358836 544.330322266
3.60340677367 542.83795166
3.60968995897 542.280517578
3.61597314428 540.946472168
3.62225632959 541.080383301
3.6285395149 543.45300293
3.6348227002 542.01574707
3.64110588551 541.555114746
3.64738907082 540.59588623
3.65367225612 540.808776855
3.65995544143 540.316833496
3.66623862674 540.93560791
3.67252181205 541.243591309
3.67880499735 542.771850586
3.68508818266 540.531555176
3.69137136797 541.45916748
3.69765455328 540.603027344
3.70393773858 541.030029297
3.71022092389 539.950195312
3.7165041092 541.622070312
3.7227872945 541.185180664
3.72907047981 540.099365234
3.73535366512 541.184997559
3.74163685043 540.440490723
3.74792003573 541.235290527
3.75420322104 541.22277832
3.76048640635 541.566223145
3.76676959165 542.629211426
3.77305277696 539.842102051
3.77933596227 540.768066406
3.78561914758 541.916503906
3.79190233288 541.107788086
3.79818551819 541.781921387
3.8044687035 543.234802246
3.8107518888 543.583679199
3.81703507411 542.758544922
3.82331825942 541.889770508
3.82960144473 543.33972168
3.83588463003 544.33984375
3.84216781534 542.895263672
3.84845100065 543.991271973
3.85473418595 544.623168945
3.86101737126 544.519836426
3.86730055657 543.046386719
3.87358374188 544.25982666
3.87986692718 544.694030762
3.88615011249 545.331726074
3.8924332978 547.11315918
3.8987164831 547.59765625
3.90499966841 546.107910156
3.91128285372 546.442749023
3.91756603903 546.368713379
3.92384922433 547.087402344
3.93013240964 550.308105469
3.93641559495 547.99786377
3.94269878026 550.387145996
3.94898196556 550.934631348
3.95526515087 548.660339355
3.96154833618 551.105529785
3.96783152148 551.763000488
3.97411470679 550.57623291
3.9803978921 554.117004395
3.98668107741 552.248840332
3.99296426271 554.390075684
3.99924744802 553.364013672
4.00553063333 556.180480957
4.01181381863 556.474487305
4.01809700394 554.98614502
4.02438018925 555.776489258
4.03066337456 558.475646973
4.03694655986 559.021057129
4.04322974517 558.123718262
4.04951293048 559.4921875
4.05579611578 561.693725586
4.06207930109 561.390441895
4.0683624864 563.87878418
4.07464567171 564.273376465
4.08092885701 563.170349121
4.08721204232 565.676391602
4.09349522763 567.364318848
4.09977841293 567.655029297
4.10606159824 569.081665039
4.11234478355 570.468261719
4.11862796886 570.95324707
4.12491115416 571.02746582
4.13119433947 573.051574707
4.13747752478 573.260070801
4.14376071008 576.247070312
4.15004389539 573.98614502
4.1563270807 578.275878906
4.16261026601 577.783813477
4.16889345131 579.883056641
4.17517663662 580.70880127
4.18145982193 582.990234375
4.18774300724 583.158935547
4.19402619254 585.243713379
4.20030937785 586.440429688
4.20659256316 586.376098633
4.21287574846 587.839172363
4.21915893377 589.960754395
4.22544211908 591.631103516
4.23172530439 594.642150879
4.23800848969 593.690307617
4.244291675 594.555664062
4.25057486031 598.790344238
4.25685804561 595.306945801
4.26314123092 600.991821289
4.26942441623 603.45123291
4.27570760154 601.630004883
4.28199078684 605.668762207
4.28827397215 603.583374023
4.29455715746 605.361633301
4.30084034276 607.416503906
4.30712352807 612.506652832
4.31340671338 615.65435791
4.31968989869 611.280883789
4.32597308399 618.269897461
4.3322562693 615.925598145
4.33853945461 618.505126953
4.34482263991 621.137878418
4.35110582522 621.516906738
4.35738901053 624.058288574
4.36367219584 621.614929199
4.36995538114 625.929382324
4.37623856645 625.883728027
4.38252175176 632.139282227
4.38880493706 631.521179199
4.39508812237 634.588623047
4.40137130768 634.411437988
4.40765449299 636.968566895
4.41393767829 634.935791016
4.4202208636 641.58972168
4.42650404891 639.168151855
4.43278723422 642.449829102
4.43907041952 643.134033203
4.44535360483 644.742919922
4.45163679014 648.120605469
4.45791997544 645.96105957
4.46420316075 649.776062012
4.47048634606 647.654785156
4.47676953137 651.796447754
4.48305271667 650.993713379
4.48933590198 652.315979004
4.49561908729 650.764282227
4.50190227259 649.60736084
4.5081854579 654.20916748
4.51446864321 650.786132812
4.52075182852 653.609436035
4.52703501382 650.946289062
4.53331819913 652.774047852
4.53960138444 648.71862793
4.54588456974 648.512390137
4.55216775505 648.715881348
4.55845094036 648.076843262
4.56473412567 647.812194824
4.57101731097 643.130737305
4.57730049628 642.23840332
4.58358368159 645.235107422
4.58986686689 647.33416748
4.5961500522 641.71307373
4.60243323751 647.996948242
4.60871642282 646.16015625
4.61499960812 647.657775879
4.62128279343 649.149780273
4.62756597874 649.984985352
4.63384916404 646.330810547
4.64013234935 651.471557617
4.64641553466 640.883728027
4.65269871997 649.006286621
4.65898190527 653.476379395
4.66526509058 648.29876709
4.67154827589 654.962280273
4.6778314612 651.457336426
4.6841146465 655.331542969
4.69039783181 651.45526123
4.69668101712 655.744934082
4.70296420242 650.291870117
4.70924738773 656.409301758
4.71553057304 658.126159668
4.72181375835 661.502380371
4.72809694365 663.660705566
4.73438012896 663.918762207
4.74066331427 665.836242676
4.74694649957 671.966430664
4.75322968488 671.34375
4.75951287019 666.377258301
4.7657960555 675.361328125
4.7720792408 670.13482666
4.77836242611 674.54107666
4.78464561142 665.368164062
4.79092879672 675.574401855
4.79721198203 678.239135742
4.80349516734 685.023681641
4.80977835265 684.549499512
4.81606153795 686.562438965
4.82234472326 692.590637207
4.82862790857 689.050598145
4.83491109387 695.690124512
4.84119427918 695.060180664
4.84747746449 691.602722168
4.8537606498 695.825500488
4.8600438351 703.215454102
4.86632702041 698.509887695
4.87261020572 699.644165039
4.87889339102 709.662963867
4.88517657633 708.721618652
4.89145976164 713.026245117
4.89774294695 710.677124023
4.90402613225 720.417602539
4.91030931756 721.852966309
4.91659250287 726.424560547
4.92287568818 723.139160156
4.92915887348 721.217163086
4.93544205879 726.348571777
4.9417252441 740.066772461
4.9480084294 733.955749512
4.95429161471 745.114440918
4.96057480002 743.536804199
4.96685798533 744.416564941
4.97314117063 756.578674316
4.97942435594 744.723693848
4.98570754125 751.122558594
4.99199072655 756.454406738
4.99827391186 765.040771484
5.00455709717 767.479309082
5.01084028248 770.866455078
5.01712346778 789.484619141
5.02340665309 774.719360352
5.0296898384 792.316650391
5.0359730237 782.626464844
5.04225620901 782.858825684
5.04853939432 784.328918457
5.05482257963 800.648376465
5.06110576493 811.774780273
5.06738895024 811.090393066
5.07367213555 807.351196289
5.07995532085 821.166870117
5.08623850616 834.690307617
5.09252169147 828.289611816
5.09880487678 840.551940918
5.10508806208 833.682861328
5.11137124739 830.166259766
5.1176544327 865.66986084
5.123937618 841.039794922
5.13022080331 848.654174805
5.13650398862 859.114196777
5.14278717393 866.743469238
5.14907035923 865.148986816
5.15535354454 889.408081055
5.16163672985 885.509216309
5.16791991516 890.890136719
5.17420310046 920.942993164
5.18048628577 910.968017578
5.18676947108 910.958251953
5.19305265638 923.014221191
5.19933584169 912.190612793
5.205619027 950.634765625
5.21190221231 946.108642578
5.21818539761 949.106506348
5.22446858292 972.484375
5.23075176823 950.910766602
5.23703495353 975.352233887
5.24331813884 990.659606934
5.24960132415 985.654785156
5.25588450946 989.908935547
5.26216769476 1006.63000488
5.26845088007 1016.94897461
5.27473406538 1011.5088501
5.28101725068 1037.19116211
5.28730043599 1027.46191406
5.2935836213 1035.77966309
5.29986680661 1086.09692383
5.30614999191 1045.27539062
5.31243317722 1081.83007812
5.31871636253 1092.95922852
5.32499954783 1100.51196289
5.33128273314 1138.80493164
5.33756591845 1135.97155762
5.34384910376 1108.88452148
5.35013228906 1098.1295166
5.35641547437 1143.12756348
5.36269865968 1191.46789551
5.36898184498 1168.21069336
5.37526503029 1197.41308594
5.3815482156 1245.79858398
5.38783140091 1257.21472168
5.39411458621 1211.23803711
5.40039777152 1212.19995117
5.40668095683 1233.67260742
5.41296414214 1275.47741699
5.41924732744 1264.83459473
5.42553051275 1256.97912598
5.43181369806 1327.46032715
5.43809688336 1304.10302734
5.44438006867 1325.68969727
5.45066325398 1299.45910645
5.45694643929 1402.93212891
5.46322962459 1309.49694824
5.4695128099 1431.68371582
5.47579599521 1253.0065918
5.48207918051 1509.33789062
5.48836236582 1446.6472168
5.49464555113 1395.77709961
5.50092873644 1331.90283203
5.50721192174 1634.51159668
5.51349510705 1569.30810547
5.51977829236 1486.98083496
5.52606147766 1521.90307617
5.53234466297 1625.30041504
5.53862784828 1583.70654297
5.54491103359 1584.80224609
5.55119421889 1864.17749023
5.5574774042 944.264160156
5.56376058951 1996.15332031
5.57004377481 4230.7578125
