0.00942477796077 49804.7109375
0.0157079632679 46304.2148438
0.0219911485751 45343.3476562
0.0282743338823 38963.46875
0.0345575191895 31034.5234375
0.0408407044967 23442.4628906
0.0471238898038 22669.6542969
0.053407075111 19757.640625
0.0596902604182 18653.3261719
0.0659734457254 17017.0371094
0.0722566310326 15867.1630859
0.0785398163397 13888.1982422
0.0848230016469 11945.1523438
0.0911061869541 10529.7246094
0.0973893722613 10062.2070312
0.103672557568 8887.68554688
0.109955742876 8606.21875
0.116238928183 7935.77246094
0.12252211349 7388.01123047
0.128805298797 7450.09716797
0.135088484104 6771.98291016
0.141371669412 6290.5078125
0.147654854719 5988.03466797
0.153938040026 5604.20849609
0.160221225333 5231.49316406
0.16650441064 4941.88769531
0.172787595947 4733.828125
0.179070781255 4644.13476562
0.185353966562 4383.79785156
0.191637151869 4289.75390625
0.197920337176 4101.52246094
0.204203522483 3860.73266602
0.210486707791 3752.75024414
0.216769893098 3532.52856445
0.223053078405 3421.1965332
0.229336263712 3349.78320312
0.235619449019 3277.38549805
0.241902634326 3241.06591797
0.248185819634 3076.82543945
0.254469004941 3021.99584961
0.260752190248 2899.28051758
0.267035375555 2807.99145508
0.273318560862 2792.94726562
0.279601746169 2691.34106445
0.285884931477 2618.5847168
0.292168116784 2524.99902344
0.298451302091 2468.74438477
0.304734487398 2507.51904297
0.311017672705 2387.72363281
0.317300858013 2377.9987793
0.32358404332 2286.81494141
0.329867228627 2227.47802734
0.336150413934 2236.42944336
0.342433599241 2170.96044922
0.348716784548 2120.15429688
0.354999969856 2123.51635742
0.361283155163 2039.97363281
0.36756634047 2009.68383789
0.373849525777 1993.40161133
0.380132711084 1979.43945312
0.386415896392 1938.81286621
0.392699081699 1914.12573242
0.398982267006 1867.34790039
0.405265452313 1825.01037598
0.41154863762 1818.6940918
0.417831822927 1751.32312012
0.424115008235 1775.95495605
0.430398193542 1738.63708496
0.436681378849 1724.390625
0.442964564156 1690.02075195
0.449247749463 1658.10327148
0.455530934771 1633.14123535
0.461814120078 1612.93444824
0.468097305385 1626.86706543
0.474380490692 1615.94091797
0.480663675999 1589.32446289
0.486946861306 1556.36279297
0.493230046614 1534.71813965
0.499513231921 1509.15820312
0.505796417228 1498.87280273
0.512079602535 1497.31005859
0.518362787842 1471.7800293
0.524645973149 1454.35327148
0.530929158457 1439.01257324
0.537212343764 1439.16699219
0.543495529071 1410.48278809
0.549778714378 1393.29138184
0.556061899685 1389.99462891
0.562345084993 1389.97949219
0.5686282703 1369.5513916
0.574911455607 1349.02099609
0.581194640914 1335.24609375
0.587477826221 1326.76672363
0.593761011528 1316.52209473
0.600044196836 1298.42419434
0.606327382143 1289.69128418
0.61261056745 1278.49182129
0.618893752757 1283.06640625
0.625176938064 1263.04248047
0.631460123372 1254.14013672
0.637743308679 1254.37683105
0.644026493986 1241.52893066
0.650309679293 1234.79138184
0.6565928646 1234.3951416
0.662876049907 1222.02294922
0.669159235215 1204.35498047
0.675442420522 1191.79272461
0.681725605829 1189.45935059
0.688008791136 1187.38293457
0.694291976443 1169.32067871
0.700575161751 1163.23852539
0.706858347058 1158.05175781
0.713141532365 1161.40283203
0.719424717672 1145.6986084
0.725707902979 1137.19482422
0.731991088286 1143.70495605
0.738274273594 1123.96813965
0.744557458901 1124.32470703
0.750840644208 1113.37561035
0.757123829515 1107.64257812
0.763407014822 1096.76953125
0.769690200129 1100.72631836
0.775973385437 1092.38818359
0.782256570744 1076.79553223
0.788539756051 1085.76831055
0.794822941358 1081.29125977
0.801106126665 1062.64282227
0.807389311973 1064.91833496
0.81367249728 1052.86315918
0.819955682587 1051.93847656
0.826238867894 1053.38964844
0.832522053201 1037.44104004
0.838805238508 1033.94824219
0.845088423816 1033.42565918
0.851371609123 1032.46081543
0.85765479443 1025.8067627
0.863937979737 1013.37231445
0.870221165044 1017.66113281
0.876504350352 1004.55688477
0.882787535659 1007.80755615
0.889070720966 1004.484375
0.895353906273 992.670715332
0.90163709158 988.497619629
0.907920276887 984.870239258
0.914203462195 986.561645508
0.920486647502 986.193054199
0.926769832809 977.631896973
0.933053018116 967.862304688
0.939336203423 965.062438965
0.945619388731 955.023193359
0.951902574038 956.701599121
0.958185759345 959.719848633
0.964468944652 950.221618652
0.970752129959 954.090270996
0.977035315266 946.627807617
0.983318500574 942.295166016
0.989601685881 939.685668945
0.995884871188 937.416687012
1.0021680565 935.055236816
1.0084512418 929.380737305
1.01473442711 919.647155762
1.02101761242 918.903625488
1.02730079772 912.543151855
1.03358398303 909.379089355
1.03986716834 914.860534668
1.04615035365 905.508239746
1.05243353895 906.459289551
1.05871672426 899.230529785
1.06499990957 898.060424805
1.07128309487 894.893371582
1.07756628018 895.422668457
1.08384946549 888.333435059
1.0901326508 891.254394531
1.0964158361 882.447265625
1.10269902141 880.197387695
1.10898220672 877.325012207
1.11526539202 880.150878906
1.12154857733 873.187988281
1.12783176264 870.355895996
1.13411494795 873.62890625
1.14039813325 868.859069824
1.14668131856 862.129333496
1.15296450387 856.978637695
1.15924768917 854.467346191
1.16553087448 855.411315918
1.17181405979 851.722167969
1.1780972451 850.198303223
1.1843804304 846.465270996
1.19066361571 842.046569824
1.19694680102 841.773620605
1.20322998632 842.489440918
1.20951317163 840.191955566
1.21579635694 835.791564941
1.22207954225 836.557739258
1.22836272755 830.537841797
1.23464591286 825.777404785
1.24092909817 827.819946289
1.24721228348 824.89855957
1.25349546878 819.443786621
1.25977865409 822.107055664
1.2660618394 814.578308105
1.2723450247 813.69543457
1.27862821001 814.688537598
1.28491139532 812.697875977
1.29119458063 809.691467285
1.29747776593 803.326599121
1.30376095124 801.670532227
1.31004413655 802.293029785
1.31632732185 801.275268555
1.32261050716 796.459655762
1.32889369247 794.24230957
1.33517687778 793.13293457
1.34146006308 792.545227051
1.34774324839 789.245605469
1.3540264337 791.222595215
1.360309619 787.60168457
1.36659280431 786.515319824
1.37287598962 781.747619629
1.37915917493 782.602783203
1.38544236023 779.452514648
1.39172554554 776.481018066
1.39800873085 770.78503418
1.40429191615 771.546142578
1.41057510146 768.3046875
1.41685828677 772.089904785
1.42314147208 767.378112793
1.42942465738 767.004333496
1.43570784269 763.064025879
1.441991028 765.702148438
1.4482742133 759.620361328
1.45455739861 760.232910156
1.46084058392 755.417541504
1.46712376923 753.508239746
1.47340695453 749.447265625
1.47969013984 749.771484375
1.48597332515 749.82824707
1.49225651046 747.241271973
1.49853969576 742.88104248
1.50482288107 741.92401123
1.51110606638 739.368103027
1.51738925168 737.846557617
1.52367243699 737.382080078
1.5299556223 735.678588867
1.53623880761 734.977172852
1.54252199291 733.735107422
1.54880517822 730.979431152
1.55508836353 730.329162598
1.56137154883 727.852233887
1.56765473414 725.091308594
1.57393791945 724.672729492
1.58022110476 722.52142334
1.58650429006 720.723510742
1.59278747537 723.062194824
1.59907066068 720.49987793
1.60535384598 715.133117676
1.61163703129 715.825561523
1.6179202166 714.291992188
1.62420340191 710.905273438
1.63048658721 710.711303711
1.63676977252 707.581481934
1.64305295783 707.430358887
1.64933614313 703.536987305
1.65561932844 703.325805664
1.66190251375 701.333374023
1.66818569906 704.108581543
1.67446888436 700.187683105
1.68075206967 696.790222168
1.68703525498 694.658447266
1.69331844028 695.171630859
1.69960162559 692.745056152
1.7058848109 689.519897461
1.71216799621 690.564575195
1.71845118151 687.423522949
1.72473436682 691.021789551
1.73101755213 685.652404785
1.73730073744 685.15814209
1.74358392274 681.602294922
1.74986710805 679.320739746
1.75615029336 678.88684082
1.76243347866 679.556335449
1.76871666397 678.133544922
1.77499984928 676.39855957
1.78128303459 672.093078613
1.78756621989 673.006835938
1.7938494052 671.187133789
1.80013259051 670.873474121
1.80641577581 665.639038086
1.81269896112 666.917114258
1.81898214643 667.624938965
1.82526533174 664.503051758
1.83154851704 660.036987305
1.83783170235 663.225158691
1.84411488766 660.143554688
1.85039807296 658.950683594
1.85668125827 656.588439941
1.86296444358 654.811401367
1.86924762889 654.922973633
1.87553081419 653.200622559
1.8818139995 652.825927734
1.88809718481 651.500244141
1.89438037011 649.173583984
1.90066355542 647.407104492
1.90694674073 647.655639648
1.91322992604 645.456176758
1.91951311134 643.991882324
1.92579629665 644.174682617
1.93207948196 643.326171875
1.93836266726 641.412902832
1.94464585257 640.883056641
1.95092903788 639.882080078
1.95721222319 636.476318359
1.96349540849 632.178039551
1.9697785938 635.537109375
1.97606177911 632.982421875
1.98234496442 630.383605957
1.98862814972 630.680603027
1.99491133503 630.021118164
2.00119452034 629.885375977
2.00747770564 627.008422852
2.01376089095 631.105224609
2.02004407626 623.895324707
2.02632726157 621.470397949
2.03261044687 621.127258301
2.03889363218 621.887268066
2.04517681749 618.183044434
2.05146000279 616.386657715
2.0577431881 617.281066895
2.06402637341 616.230651855
2.07030955872 613.753967285
2.07659274402 612.019775391
2.08287592933 612.430297852
2.08915911464 610.467163086
2.09544229994 610.398925781
2.10172548525 607.915466309
2.10800867056 606.217346191
2.11429185587 606.395141602
2.12057504117 604.066345215
2.12685822648 605.375915527
2.13314141179 602.840087891
2.13942459709 600.824768066
2.1457077824 601.826599121
2.15199096771 599.56640625
2.15827415302 598.74786377
2.16455733832 596.224914551
2.17084052363 596.616088867
2.17712370894 596.135742188
2.18340689424 595.387451172
2.18969007955 591.831115723
2.19597326486 591.690979004
2.20225645017 589.62677002
2.20853963547 589.770507812
2.21482282078 588.585083008
2.22110600609 587.473266602
2.2273891914 587.245300293
2.2336723767 583.958251953
2.23995556201 583.687866211
2.24623874732 582.47833252
2.25252193262 583.048034668
2.25880511793 581.065551758
2.26508830324 581.060852051
2.27137148855 577.163391113
2.27765467385 578.803955078
2.28393785916 577.928344727
2.29022104447 576.38671875
2.29650422977 574.163635254
2.30278741508 573.630737305
2.30907060039 573.517028809
2.3153537857 571.932922363
2.321636971 571.901672363
2.32792015631 570.553833008
2.33420334162 570.108215332
2.34048652692 567.731445312
2.34676971223 566.989685059
2.35305289754 565.562805176
2.35933608285 564.471618652
2.36561926815 562.984802246
2.37190245346 563.653076172
2.37818563877 562.586914062
2.38446882407 559.729797363
2.39075200938 558.848571777
2.39703519469 558.793762207
2.40331838 558.98614502
2.4096015653 555.933410645
2.41588475061 557.826477051
2.42216793592 556.175170898
2.42845112122 556.104614258
2.43473430653 555.571899414
2.44101749184 553.965393066
2.44730067715 550.611755371
2.45358386245 550.869628906
2.45986704776 551.429077148
2.46615023307 552.005554199
2.47243341838 547.338928223
2.47871660368 548.001281738
2.48499978899 549.518188477
2.4912829743 546.580932617
2.4975661596 547.692077637
2.50384934491 546.239746094
2.51013253022 543.619934082
2.51641571553 543.998291016
2.52269890083 542.559692383
2.52898208614 544.27935791
2.53526527145 542.046630859
2.54154845675 541.565856934
2.54783164206 539.855407715
2.55411482737 539.216186523
2.56039801268 536.76965332
2.56668119798 538.155151367
2.57296438329 535.969604492
2.5792475686 536.12286377
2.5855307539 536.09161377
2.59181393921 535.854309082
2.59809712452 534.74029541
2.60438030983 533.314697266
2.61066349513 533.370117188
2.61694668044 533.943664551
2.62322986575 532.582458496
2.62951305105 532.815246582
2.63579623636 531.966125488
2.64207942167 529.50793457
2.64836260698 529.783630371
2.65464579228 529.607421875
2.66092897759 528.583862305
2.6672121629 527.220214844
2.6734953482 527.546508789
2.67977853351 528.118652344
2.68606171882 526.53503418
2.69234490413 525.62512207
2.69862808943 525.5546875
2.70491127474 524.941589355
2.71119446005 525.721740723
2.71747764536 524.217712402
2.72376083066 523.057312012
2.73004401597 523.556213379
2.73632720128 522.265869141
2.74261038658 521.604980469
2.74889357189 521.170349121
2.7551767572 521.080749512
2.76145994251 520.683959961
2.76774312781 519.917236328
2.77402631312 520.573547363
2.78030949843 520.022949219
2.78659268373 519.920776367
2.79287586904 518.587524414
2.79915905435 518.641296387
2.80544223966 518.056518555
2.81172542496 518.809936523
2.81800861027 517.668579102
2.82429179558 516.329040527
2.83057498088 518.22644043
2.83685816619 517.387573242
2.8431413515 517.204284668
2.84942453681 515.131530762
2.85570772211 516.006225586
2.86199090742 515.526550293
2.86827409273 516.228820801
2.87455727803 516.143554688
2.88084046334 515.728271484
2.88712364865 516.31262207
2.89340683396 514.967712402
2.89969001926 514.565795898
2.90597320457 514.379821777
2.91225638988 514.857910156
2.91853957518 514.621154785
2.92482276049 513.825317383
2.9311059458 514.426391602
2.93738913111 516.415588379
2.94367231641 513.982116699
2.94995550172 514.508300781
2.95623868703 515.157165527
2.96252187234 514.153137207
2.96880505764 513.492126465
2.97508824295 514.23815918
2.98137142826 513.875366211
2.98765461356 515.329101562
2.99393779887 514.666687012
3.00022098418 515.479370117
3.00650416949 515.142089844
3.01278735479 516.250305176
3.0190705401 517.052246094
3.02535372541 517.049865723
3.03163691071 516.904541016
3.03792009602 516.10333252
3.04420328133 516.464172363
3.05048646664 518.640808105
3.05676965194 517.91418457
3.06305283725 517.719970703
3.06933602256 519.163330078
3.07561920786 519.491394043
3.08190239317 520.116394043
3.08818557848 519.780883789
3.09446876379 519.672973633
3.10075194909 520.848815918
3.1070351344 521.387512207
3.11331831971 523.238098145
3.11960150501 522.993103027
3.12588469032 523.593566895
3.13216787563 524.22265625
3.13845106094 524.848144531
3.14473424624 524.807922363
3.15101743155 526.059265137
3.15730061686 526.839355469
3.16358380216 527.604797363
3.16986698747 529.518066406
3.17615017278 528.412109375
3.18243335809 530.651000977
3.18871654339 530.783813477
3.1949997287 530.888916016
3.20128291401 532.299255371
3.20756609932 534.32623291
3.21384928462 535.630554199
3.22013246993 535.405517578
3.22641565524 535.783874512
3.23269884054 534.613525391
3.23898202585 534.409851074
3.24526521116 533.385375977
3.25154839647 531.841064453
3.25783158177 532.760009766
3.26411476708 532.034484863
3.27039795239 531.411804199
3.27668113769 530.108764648
3.282964323 530.052978516
3.28924750831 528.051513672
3.29553069362 529.380371094
3.30181387892 529.874450684
3.30809706423 527.90435791
3.31438024954 525.978820801
3.32066343484 527.114257812
3.32694662015 526.874694824
3.33322980546 525.367004395
3.33951299077 525.081542969
3.34579617607 524.223876953
3.35207936138 525.183837891
3.35836254669 522.582336426
3.36464573199 523.497009277
3.3709289173 521.390014648
3.37721210261 522.286621094
3.38349528792 520.409729004
3.38977847322 521.313476562
3.39606165853 519.909301758
3.40234484384 519.727661133
3.40862802914 520.762390137
3.41491121445 518.375793457
3.42119439976 519.145141602
3.42747758507 517.872436523
3.43376077037 517.935546875
3.44004395568 517.170776367
3.44632714099 517.702941895
3.4526103263 516.318664551
3.4588935116 517.704467773
3.46517669691 514.905395508
3.47145988222 513.859436035
3.47774306752 516.560974121
3.48402625283 515.484313965
3.49030943814 515.335510254
3.49659262345 514.69140625
3.50287580875 515.240844727
3.50915899406 512.974365234
3.51544217937 512.264648438
3.52172536467 513.742797852
3.52800854998 512.275817871
3.53429173529 512.182678223
3.5405749206 512.548950195
3.5468581059 512.192565918
3.55314129121 512.045593262
3.55942447652 509.492614746
3.56570766182 510.887176514
3.57199084713 511.058654785
3.57827403244 509.147583008
3.58455721775 509.343475342
3.59084040305 509.750701904
3.59712358836 508.378326416
3.60340677367 509.382354736
3.60968995897 509.137908936
3.61597314428 509.101074219
3.62225632959 508.622802734
3.6285395149 508.559265137
3.6348227002 507.927276611
3.64110588551 507.535614014
3.64738907082 506.619873047
3.65367225612 506.965240479
3.65995544143 506.858215332
3.66623862674 507.360717773
3.67252181205 506.756347656
3.67880499735 508.070343018
3.68508818266 506.186676025
3.69137136797 507.549316406
3.69765455328 507.420501709
3.70393773858 505.863800049
3.71022092389 507.237640381
3.7165041092 506.261291504
3.7227872945 506.754577637
3.72907047981 506.982299805
3.73535366512 504.687316895
3.74163685043 507.822906494
3.74792003573 506.287567139
3.75420322104 506.098999023
3.76048640635 505.317352295
3.76676959165 505.502502441
3.77305277696 507.019134521
3.77933596227 506.61505127
3.78561914758 507.677154541
3.79190233288 507.978088379
3.79818551819 508.156616211
3.8044687035 505.224029541
3.8107518888 507.087646484
3.81703507411 507.593536377
3.82331825942 507.278411865
3.82960144473 506.749938965
3.83588463003 508.913330078
3.84216781534 508.601531982
3.84845100065 506.737243652
3.85473418595 509.60067749
3.86101737126 507.584503174
3.86730055657 509.083343506
3.87358374188 510.963104248
3.87986692718 507.873138428
3.88615011249 509.95703125
3.8924332978 508.319274902
3.8987164831 511.355438232
3.90499966841 510.235351562
3.91128285372 511.072479248
3.91756603903 509.8203125
3.92384922433 510.846923828
3.93013240964 511.362945557
3.93641559495 513.315673828
3.94269878026 511.212646484
3.94898196556 509.932312012
3.95526515087 512.990600586
3.96154833618 512.047607422
3.96783152148 515.647827148
3.97411470679 513.63269043
3.9803978921 516.296081543
3.98668107741 514.984375
3.99296426271 517.557922363
3.99924744802 517.355773926
4.00553063333 515.537658691
4.01181381863 516.683349609
4.01809700394 518.254699707
4.02438018925 520.440795898
4.03066337456 519.199035645
4.03694655986 520.183776855
4.04322974517 520.411132812
4.04951293048 520.177734375
4.05579611578 521.715576172
4.06207930109 519.90234375
4.0683624864 525.091796875
4.07464567171 523.178955078
4.08092885701 524.94140625
4.08721204232 526.62713623
4.09349522763 526.167663574
4.09977841293 526.344909668
4.10606159824 530.851196289
4.11234478355 530.161804199
4.11862796886 528.582702637
4.12491115416 529.818725586
4.13119433947 532.436828613
4.13747752478 533.304992676
4.14376071008 533.753662109
4.15004389539 532.684326172
4.1563270807 537.201293945
4.16261026601 535.849853516
4.16889345131 536.895385742
4.17517663662 538.315917969
4.18145982193 539.18572998
4.18774300724 543.515808105
4.19402619254 543.019287109
4.20030937785 544.36932373
4.20659256316 547.205627441
4.21287574846 548.106750488
4.21915893377 548.064758301
4.22544211908 547.921875
4.23172530439 548.021362305
4.23800848969 552.702575684
4.244291675 551.89654541
4.25057486031 554.425415039
4.25685804561 555.456054688
4.26314123092 556.817138672
4.26942441623 557.719299316
4.27570760154 559.675415039
4.28199078684 559.903686523
4.28827397215 561.463623047
4.29455715746 563.32635498
4.30084034276 563.05065918
4.30712352807 564.713989258
4.31340671338 566.939025879
4.31968989869 564.891052246
4.32597308399 568.217041016
4.3322562693 573.799377441
4.33853945461 570.104919434
4.34482263991 575.362304688
4.35110582522 575.194519043
4.35738901053 577.93536377
4.36367219584 577.68548584
4.36995538114 578.486328125
4.37623856645 581.75958252
4.38252175176 580.057373047
4.38880493706 587.525390625
4.39508812237 582.858825684
4.40137130768 586.925537109
4.40765449299 586.722717285
4.41393767829 587.857421875
4.4202208636 592.788269043
4.42650404891 590.696533203
4.43278723422 591.766357422
4.43907041952 590.657226562
4.44535360483 592.038452148
4.45163679014 593.282714844
4.45791997544 593.070129395
4.46420316075 597.352050781
4.47048634606 596.426269531
4.47676953137 599.408325195
4.48305271667 598.893737793
4.48933590198 598.976745605
4.49561908729 600.504455566
4.50190227259 598.823974609
4.5081854579 601.08404541
4.51446864321 598.828063965
4.52075182852 601.549377441
4.52703501382 595.063415527
4.53331819913 598.359985352
4.53960138444 601.340515137
4.54588456974 593.579406738
4.55216775505 600.474060059
4.55845094036 591.421691895
4.56473412567 592.536499023
4.57101731097 593.894958496
4.57730049628 591.036071777
4.58358368159 595.268188477
4.58986686689 592.224487305
4.5961500522 592.283996582
4.60243323751 591.814758301
4.60871642282 595.03302002
4.61499960812 592.190490723
4.62128279343 588.786315918
4.62756597874 593.69140625
4.63384916404 592.891174316
4.64013234935 595.155151367
4.64641553466 590.781311035
4.65269871997 597.569335938
4.65898190527 593.20300293
4.66526509058 592.055725098
4.67154827589 598.932128906
4.6778314612 592.947937012
4.6841146465 598.034973145
4.69039783181 594.703674316
4.69668101712 602.001403809
4.70296420242 602.034973145
4.70924738773 604.625
4.71553057304 604.036193848
4.72181375835 603.579650879
4.72809694365 601.756469727
4.73438012896 609.291931152
4.74066331427 610.966918945
4.74694649957 605.51373291
4.75322968488 604.119628906
4.75951287019 610.225158691
4.7657960555 612.465148926
4.7720792408 616.503295898
4.77836242611 614.076843262
4.78464561142 612.059387207
4.79092879672 616.030212402
4.79721198203 621.994812012
4.80349516734 622.47479248
4.80977835265 622.007568359
4.81606153795 631.048828125
4.82234472326 621.258850098
4.82862790857 624.648925781
4.83491109387 622.21685791
4.84119427918 631.319641113
4.84747746449 634.126342773
4.8537606498 640.005432129
4.8600438351 631.202941895
4.86632702041 640.438537598
4.87261020572 642.573913574
4.87889339102 648.959777832
4.88517657633 645.849243164
4.89145976164 652.889953613
4.89774294695 654.57800293
4.90402613225 655.234985352
4.91030931756 661.004577637
4.91659250287 654.560180664
4.92287568818 665.688354492
4.92915887348 657.404968262
4.93544205879 663.27722168
4.9417252441 656.670227051
4.9480084294 669.463195801
4.95429161471 674.491333008
4.96057480002 668.314086914
4.96685798533 684.689880371
4.97314117063 679.712646484
4.97942435594 678.514709473
4.98570754125 693.733581543
4.99199072655 686.926086426
4.99827391186 691.827819824
5.00455709717 699.104370117
5.01084028248 697.059936523
5.01712346778 704.082885742
5.02340665309 699.999938965
5.0296898384 712.572814941
5.0359730237 729.602172852
5.04225620901 727.587890625
5.04853939432 723.861633301
5.05482257963 733.203063965
5.06110576493 727.929199219
5.06738895024 730.923706055
5.07367213555 745.309448242
5.07995532085 756.144714355
5.08623850616 749.804931641
5.09252169147 749.026000977
5.09880487678 765.53125
5.10508806208 776.164550781
5.11137124739 755.071777344
5.1176544327 759.263977051
5.123937618 787.91192627
5.13022080331 799.427490234
5.13650398862 784.321472168
5.14278717393 805.209838867
5.14907035923 798.422851562
5.15535354454 814.329956055
5.16163672985 802.911499023
5.16791991516 831.16784668
5.17420310046 805.835266113
5.18048628577 826.179199219
5.18676947108 804.68939209
5.19305265638 825.031433105
5.19933584169 828.414672852
5.205619027 831.617370605
5.21190221231 842.038146973
5.21818539761 878.782226562
5.22446858292 857.38861084
5.23075176823 848.46673584
5.23703495353 844.669799805
5.24331813884 903.79901123
5.24960132415 893.652587891
5.25588450946 893.131225586
5.26216769476 921.528137207
5.26845088007 911.048339844
5.27473406538 909.326293945
5.28101725068 927.404052734
5.28730043599 914.678161621
5.2935836213 956.913696289
5.29986680661 986.154663086
5.30614999191 969.804199219
5.31243317722 965.194213867
5.31871636253 992.670593262
5.32499954783 951.403320312
5.33128273314 994.628295898
5.33756591845 1007.86816406
5.34384910376 1024.43884277
5.35013228906 1047.28466797
5.35641547437 1045.15039062
5.36269865968 1033.73620605
5.36898184498 1087.4744873
5.37526503029 1109.62536621
5.3815482156 1096.43676758
5.38783140091 1069.89428711
5.39411458621 1087.88049316
5.40039777152 1111.69384766
5.40668095683 1064.73376465
5.41296414214 1102.29077148
5.41924732744 1112.60339355
5.42553051275 1142.4050293
5.43181369806 1171.74694824
5.43809688336 1182.37036133
5.44438006867 1237.58984375
5.45066325398 1159.0501709
5.45694643929 1301.4753418
5.46322962459 1107.00817871
5.4695128099 1209.34875488
5.47579599521 1324.45617676
5.48207918051 1274.78234863
5.48836236582 1299.60546875
5.49464555113 1296.94348145
5.50092873644 1409.10180664
5.50721192174 1428.14331055
5.51349510705 1261.21728516
5.51977829236 1511.24938965
5.52606147766 1590.87060547
5.53234466297 1049.36096191
5.53862784828 1077.00500488
5.54491103359 1464.91992188
5.55119421889 1145.8951416
5.5574774042 1367.41271973
5.56376058951 1540.00915527
5.57004377481 288.977874756
