0.00942477796077 30575.7597656
0.0157079632679 38077.3671875
0.0219911485751 34269.3554688
0.0282743338823 33909.5625
0.0345575191895 26404.921875
0.0408407044967 22842.3867188
0.0471238898038 22946.8789062
0.053407075111 20063.4921875
0.0596902604182 17271.8496094
0.0659734457254 16608.7089844
0.0722566310326 15528.6376953
0.0785398163397 13107.9287109
0.0848230016469 11375.8525391
0.0911061869541 9620.23925781
0.0973893722613 8988.61621094
0.103672557568 7795.73486328
0.109955742876 7844.99121094
0.116238928183 7879.66552734
0.12252211349 6552.16357422
0.128805298797 6443.58984375
0.135088484104 6306.27783203
0.141371669412 5763.07080078
0.147654854719 5409.58251953
0.153938040026 5133.78125
0.160221225333 4803.3203125
0.16650441064 4506.59277344
0.172787595947 4357.07519531
0.179070781255 3976.81616211
0.185353966562 4050.85473633
0.191637151869 3559.02807617
0.197920337176 3817.31787109
0.204203522483 3486.64599609
0.210486707791 3157.85449219
0.216769893098 3368.30004883
0.223053078405 3136.58154297
0.229336263712 3006.25219727
0.235619449019 3076.84667969
0.241902634326 2988.9609375
0.248185819634 2781.97021484
0.254469004941 2594.54931641
0.260752190248 2532.63549805
0.267035375555 2436.23779297
0.273318560862 2491.28662109
0.279601746169 2353.88671875
0.285884931477 2275.28149414
0.292168116784 2248.3515625
0.298451302091 2318.51757812
0.304734487398 2186.30029297
0.311017672705 2146.92114258
0.317300858013 2241.86889648
0.32358404332 2067.54833984
0.329867228627 1961.7947998
0.336150413934 1949.96936035
0.342433599241 1870.42138672
0.348716784548 1768.05065918
0.354999969856 1811.4309082
0.361283155163 1769.41687012
0.36756634047 1824.53637695
0.373849525777 1682.63208008
0.380132711084 1813.65917969
0.386415896392 1726.72509766
0.392699081699 1677.51196289
0.398982267006 1591.83776855
0.405265452313 1575.76818848
0.41154863762 1591.41162109
0.417831822927 1493.29003906
0.424115008235 1510.18786621
0.430398193542 1502.5838623
0.436681378849 1479.04992676
0.442964564156 1426.80664062
0.449247749463 1373.65649414
0.455530934771 1380.82702637
0.461814120078 1357.45593262
0.468097305385 1398.18322754
0.474380490692 1358.61608887
0.480663675999 1374.48791504
0.486946861306 1381.63745117
0.493230046614 1290.38842773
0.499513231921 1260.66101074
0.505796417228 1272.09851074
0.512079602535 1237.5982666
0.518362787842 1304.3079834
0.524645973149 1238.08056641
0.530929158457 1213.08886719
0.537212343764 1222.06176758
0.543495529071 1228.09460449
0.549778714378 1149.50305176
0.556061899685 1167.88549805
0.562345084993 1197.22607422
0.5686282703 1143.77587891
0.574911455607 1166.31408691
0.581194640914 1141.37890625
0.587477826221 1168.85107422
0.593761011528 1145.97839355
0.600044196836 1124.82885742
0.606327382143 1089.89550781
0.61261056745 1106.54821777
0.618893752757 1105.42956543
0.625176938064 1094.90490723
0.631460123372 1083.41906738
0.637743308679 1066.75378418
0.644026493986 1071.95495605
0.650309679293 1050.4342041
0.6565928646 1041.41296387
0.662876049907 1051.69750977
0.669159235215 1026.74182129
0.675442420522 1011.88842773
0.681725605829 1010.66516113
0.688008791136 1023.87921143
0.694291976443 995.794250488
0.700575161751 1008.37530518
0.706858347058 967.250427246
0.713141532365 979.769897461
0.719424717672 990.575805664
0.725707902979 949.874816895
0.731991088286 964.591186523
0.738274273594 953.695373535
0.744557458901 964.174560547
0.750840644208 942.103515625
0.757123829515 926.90057373
0.763407014822 923.36151123
0.769690200129 927.846923828
0.775973385437 928.673583984
0.782256570744 929.743347168
0.788539756051 909.758728027
0.794822941358 910.537353516
0.801106126665 906.977600098
0.807389311973 902.366455078
0.81367249728 886.981933594
0.819955682587 888.921447754
0.826238867894 901.066772461
0.832522053201 877.404418945
0.838805238508 867.621765137
0.845088423816 883.114379883
0.851371609123 847.993835449
0.85765479443 862.288513184
0.863937979737 851.300170898
0.870221165044 849.660766602
0.876504350352 850.54309082
0.882787535659 831.159240723
0.889070720966 842.072021484
0.895353906273 834.690979004
0.90163709158 835.660522461
0.907920276887 824.950866699
0.914203462195 815.676208496
0.920486647502 813.425109863
0.926769832809 808.991027832
0.933053018116 808.686828613
0.939336203423 800.248962402
0.945619388731 821.602905273
0.951902574038 803.113525391
0.958185759345 799.968933105
0.964468944652 803.824951172
0.970752129959 790.487365723
0.977035315266 802.049072266
0.983318500574 786.277404785
0.989601685881 792.915527344
0.995884871188 777.12298584
1.0021680565 778.78338623
1.0084512418 777.043823242
1.01473442711 772.999694824
1.02101761242 769.351074219
1.02730079772 758.509460449
1.03358398303 760.868103027
1.03986716834 752.523010254
1.04615035365 762.516052246
1.05243353895 751.410888672
1.05871672426 754.000061035
1.06499990957 751.40222168
1.07128309487 759.68371582
1.07756628018 740.702575684
1.08384946549 747.696716309
1.0901326508 746.775756836
1.0964158361 741.877990723
1.10269902141 734.982666016
1.10898220672 732.679931641
1.11526539202 733.307189941
1.12154857733 720.03112793
1.12783176264 723.999755859
1.13411494795 732.806762695
1.14039813325 721.359558105
1.14668131856 716.352050781
1.15296450387 716.570495605
1.15924768917 707.010864258
1.16553087448 706.974365234
1.17181405979 711.245117188
1.1780972451 699.23638916
1.1843804304 703.15423584
1.19066361571 703.394226074
1.19694680102 697.846618652
1.20322998632 700.924255371
1.20951317163 693.061889648
1.21579635694 689.44354248
1.22207954225 689.541687012
1.22836272755 688.993347168
1.23464591286 684.528259277
1.24092909817 685.524475098
1.24721228348 681.48449707
1.25349546878 681.011047363
1.25977865409 682.023010254
1.2660618394 680.738891602
1.2723450247 678.044067383
1.27862821001 671.618530273
1.28491139532 670.92565918
1.29119458063 671.078125
1.29747776593 665.361450195
1.30376095124 670.240783691
1.31004413655 663.211120605
1.31632732185 664.265136719
1.32261050716 671.710998535
1.32889369247 659.474853516
1.33517687778 660.94543457
1.34146006308 652.921569824
1.34774324839 654.548583984
1.3540264337 661.549377441
1.360309619 647.395507812
1.36659280431 649.517150879
1.37287598962 647.524719238
1.37915917493 652.547302246
1.38544236023 641.104797363
1.39172554554 637.090942383
1.39800873085 640.348144531
1.40429191615 640.87677002
1.41057510146 640.98638916
1.41685828677 636.590454102
1.42314147208 638.634643555
1.42942465738 634.629455566
1.43570784269 633.279724121
1.441991028 636.945922852
1.4482742133 626.936462402
1.45455739861 626.822509766
1.46084058392 631.381591797
1.46712376923 631.255859375
1.47340695453 621.437438965
1.47969013984 622.551635742
1.48597332515 625.871276855
1.49225651046 616.242980957
1.49853969576 620.609375
1.50482288107 613.938659668
1.51110606638 620.431884766
1.51738925168 613.402587891
1.52367243699 616.159667969
1.5299556223 610.656005859
1.53623880761 610.746765137
1.54252199291 606.704711914
1.54880517822 610.54486084
1.55508836353 609.624267578
1.56137154883 609.943908691
1.56765473414 600.293457031
1.57393791945 598.841552734
1.58022110476 605.392028809
1.58650429006 595.789489746
1.59278747537 595.554138184
1.59907066068 600.134887695
1.60535384598 597.43927002
1.61163703129 591.897766113
1.6179202166 588.53125
1.62420340191 598.652282715
1.63048658721 589.075683594
1.63676977252 586.108825684
1.64305295783 589.620422363
1.64933614313 585.83203125
1.65561932844 588.237365723
1.66190251375 582.156738281
1.66818569906 583.078552246
1.67446888436 583.167236328
1.68075206967 585.388366699
1.68703525498 580.649963379
1.69331844028 581.119506836
1.69960162559 575.993774414
1.7058848109 578.288513184
1.71216799621 578.48425293
1.71845118151 577.540039062
1.72473436682 574.335388184
1.73101755213 569.16418457
1.73730073744 569.954284668
1.74358392274 567.981567383
1.74986710805 568.013427734
1.75615029336 566.282226562
1.76243347866 565.329040527
1.76871666397 564.706542969
1.77499984928 564.086242676
1.78128303459 563.00994873
1.78756621989 560.77166748
1.7938494052 558.932556152
1.80013259051 556.638671875
1.80641577581 559.583312988
1.81269896112 559.930053711
1.81898214643 557.268371582
1.82526533174 553.97857666
1.83154851704 550.722290039
1.83783170235 554.889587402
1.84411488766 551.642883301
1.85039807296 551.901000977
1.85668125827 554.241882324
1.86296444358 549.888427734
1.86924762889 548.870788574
1.87553081419 546.742797852
1.8818139995 549.004882812
1.88809718481 545.751342773
1.89438037011 548.534423828
1.90066355542 543.776367188
1.90694674073 541.251953125
1.91322992604 541.562927246
1.91951311134 543.496643066
1.92579629665 538.157287598
1.93207948196 533.784545898
1.93836266726 541.543518066
1.94464585257 538.174194336
1.95092903788 535.90423584
1.95721222319 539.936096191
1.96349540849 539.116699219
1.9697785938 533.267150879
1.97606177911 534.914733887
1.98234496442 535.956481934
1.98862814972 529.513000488
1.99491133503 530.03314209
2.00119452034 531.216003418
2.00747770564 530.994873047
2.01376089095 528.186462402
2.02004407626 526.842041016
2.02632726157 527.763000488
2.03261044687 526.404541016
2.03889363218 526.206848145
2.04517681749 522.612243652
2.05146000279 522.516845703
2.0577431881 523.600830078
2.06402637341 519.936950684
2.07030955872 523.386413574
2.07659274402 521.533935547
2.08287592933 520.109069824
2.08915911464 515.595825195
2.09544229994 514.476623535
2.10172548525 515.512084961
2.10800867056 518.318359375
2.11429185587 514.196166992
2.12057504117 520.661315918
2.12685822648 514.846252441
2.13314141179 513.677734375
2.13942459709 510.766021729
2.1457077824 509.51763916
2.15199096771 512.002685547
2.15827415302 509.476531982
2.16455733832 507.672393799
2.17084052363 505.969818115
2.17712370894 505.825317383
2.18340689424 508.032318115
2.18969007955 506.435241699
2.19597326486 504.774627686
2.20225645017 503.715118408
2.20853963547 500.57333374
2.21482282078 504.701019287
2.22110600609 502.593353271
2.2273891914 499.062011719
2.2336723767 496.704223633
2.23995556201 500.196228027
2.24623874732 498.880859375
2.25252193262 503.065856934
2.25880511793 496.578125
2.26508830324 497.155548096
2.27137148855 496.286590576
2.27765467385 496.893157959
2.28393785916 494.407684326
2.29022104447 492.600128174
2.29650422977 494.136657715
2.30278741508 493.105560303
2.30907060039 492.696075439
2.3153537857 496.092346191
2.321636971 488.629333496
2.32792015631 491.782318115
2.33420334162 490.795013428
2.34048652692 487.232971191
2.34676971223 490.32611084
2.35305289754 483.163543701
2.35933608285 488.957183838
2.36561926815 490.378692627
2.37190245346 483.63269043
2.37818563877 482.011566162
2.38446882407 480.950927734
2.39075200938 478.89932251
2.39703519469 481.77230835
2.40331838 481.069030762
2.4096015653 478.910522461
2.41588475061 480.096435547
2.42216793592 482.428283691
2.42845112122 476.266448975
2.43473430653 480.667999268
2.44101749184 479.095672607
2.44730067715 478.566833496
2.45358386245 476.625579834
2.45986704776 473.338806152
2.46615023307 478.207489014
2.47243341838 477.942718506
2.47871660368 474.828491211
2.48499978899 476.995910645
2.4912829743 469.249450684
2.4975661596 473.035705566
2.50384934491 474.034515381
2.51013253022 475.536773682
2.51641571553 474.196380615
2.52269890083 471.479309082
2.52898208614 469.373046875
2.53526527145 468.439910889
2.54154845675 469.889770508
2.54783164206 470.855743408
2.55411482737 465.506439209
2.56039801268 467.376403809
2.56668119798 466.644348145
2.57296438329 465.292907715
2.5792475686 470.496520996
2.5855307539 465.082977295
2.59181393921 468.881134033
2.59809712452 467.130432129
2.60438030983 467.58795166
2.61066349513 460.67199707
2.61694668044 462.590789795
2.62322986575 458.20300293
2.62951305105 464.043029785
2.63579623636 464.661895752
2.64207942167 462.438354492
2.64836260698 461.393432617
2.65464579228 457.583862305
2.66092897759 460.132659912
2.6672121629 457.815856934
2.6734953482 458.376586914
2.67977853351 459.854187012
2.68606171882 459.681335449
2.69234490413 462.068572998
2.69862808943 465.372589111
2.70491127474 457.848968506
2.71119446005 456.696105957
2.71747764536 459.644927979
2.72376083066 457.731323242
2.73004401597 457.94732666
2.73632720128 455.434875488
2.74261038658 452.991546631
2.74889357189 462.377380371
2.7551767572 455.224395752
2.76145994251 457.930633545
2.76774312781 460.025024414
2.77402631312 461.53137207
2.78030949843 459.869415283
2.78659268373 453.957611084
2.79287586904 459.584686279
2.79915905435 459.345611572
2.80544223966 455.572753906
2.81172542496 459.204681396
2.81800861027 454.900817871
2.82429179558 456.572113037
2.83057498088 459.77911377
2.83685816619 454.924926758
2.8431413515 460.425750732
2.84942453681 455.930419922
2.85570772211 453.76373291
2.86199090742 451.809234619
2.86827409273 458.126983643
2.87455727803 455.447998047
2.88084046334 458.841430664
2.88712364865 458.347503662
2.89340683396 459.294433594
2.89969001926 456.820648193
2.90597320457 457.483551025
2.91225638988 455.819915771
2.91853957518 456.895080566
2.92482276049 454.359741211
2.9311059458 459.148803711
2.93738913111 460.84475708
2.94367231641 457.981140137
2.94995550172 456.423858643
2.95623868703 457.502746582
2.96252187234 459.978302002
2.96880505764 456.447143555
2.97508824295 459.725799561
2.98137142826 459.774078369
2.98765461356 455.403503418
2.99393779887 457.899719238
3.00022098418 459.484710693
3.00650416949 455.898162842
3.01278735479 461.325927734
3.0190705401 455.272857666
3.02535372541 459.333496094
3.03163691071 460.258911133
3.03792009602 460.736907959
3.04420328133 463.209381104
3.05048646664 460.555664062
3.05676965194 463.736663818
3.06305283725 465.754119873
3.06933602256 463.880432129
3.07561920786 460.749389648
3.08190239317 464.85244751
3.08818557848 466.080352783
3.09446876379 463.960449219
3.10075194909 467.271636963
3.1070351344 468.13369751
3.11331831971 466.989318848
3.11960150501 467.807861328
3.12588469032 469.247924805
3.13216787563 469.549682617
3.13845106094 469.893890381
3.14473424624 472.271453857
3.15101743155 470.452728271
3.15730061686 476.578033447
3.16358380216 476.640594482
3.16986698747 471.683166504
3.17615017278 478.470428467
3.18243335809 475.580688477
3.18871654339 479.062011719
3.1949997287 481.122192383
3.20128291401 478.032348633
3.20756609932 481.585296631
3.21384928462 481.596435547
3.22013246993 481.526794434
3.22641565524 480.490356445
3.23269884054 482.758026123
3.23898202585 481.699768066
3.24526521116 478.605316162
3.25154839647 479.472747803
3.25783158177 476.879272461
3.26411476708 480.392486572
3.27039795239 480.150390625
3.27668113769 477.911224365
3.282964323 478.259033203
3.28924750831 477.779724121
3.29553069362 477.412231445
3.30181387892 477.28036499
3.30809706423 474.506958008
3.31438024954 471.153625488
3.32066343484 475.202545166
3.32694662015 474.6902771
3.33322980546 473.281433105
3.33951299077 471.321411133
3.34579617607 475.069549561
3.35207936138 472.773071289
3.35836254669 475.562530518
3.36464573199 473.190032959
3.3709289173 474.04107666
3.37721210261 470.342803955
3.38349528792 469.90637207
3.38977847322 472.869689941
3.39606165853 473.009399414
3.40234484384 473.065734863
3.40862802914 471.610168457
3.41491121445 469.738128662
3.42119439976 470.125213623
3.42747758507 471.809631348
3.43376077037 470.290252686
3.44004395568 471.415893555
3.44632714099 466.657470703
3.4526103263 468.809326172
3.4588935116 467.856170654
3.46517669691 471.902069092
3.47145988222 470.157989502
3.47774306752 466.410980225
3.48402625283 466.260772705
3.49030943814 468.046203613
3.49659262345 467.357818604
3.50287580875 463.162200928
3.50915899406 465.95880127
3.51544217937 462.883422852
3.52172536467 463.788879395
3.52800854998 469.921600342
3.53429173529 469.635009766
3.5405749206 466.733306885
3.5468581059 471.038726807
3.55314129121 465.199554443
3.55942447652 469.715148926
3.56570766182 467.158660889
3.57199084713 464.077453613
3.57827403244 465.909240723
3.58455721775 467.700836182
3.59084040305 464.750305176
3.59712358836 461.639129639
3.60340677367 466.821044922
3.60968995897 464.755950928
3.61597314428 467.519897461
3.62225632959 463.000946045
3.6285395149 459.182006836
3.6348227002 464.730987549
3.64110588551 465.28717041
3.64738907082 463.539367676
3.65367225612 463.839233398
3.65995544143 466.828552246
3.66623862674 469.323547363
3.67252181205 466.224945068
3.67880499735 469.986297607
3.68508818266 462.823486328
3.69137136797 466.842468262
3.69765455328 463.018890381
3.70393773858 464.80380249
3.71022092389 464.971221924
3.7165041092 471.031036377
3.7227872945 469.891540527
3.72907047981 466.771789551
3.73535366512 465.304840088
3.74163685043 472.188842773
3.74792003573 464.963104248
3.75420322104 471.225128174
3.76048640635 467.537628174
3.76676959165 469.577728271
3.77305277696 472.731109619
3.77933596227 469.19732666
3.78561914758 466.929534912
3.79190233288 473.316619873
3.79818551819 471.417175293
3.8044687035 468.33706665
3.8107518888 470.578399658
3.81703507411 472.75579834
3.82331825942 473.984283447
3.82960144473 469.415222168
3.83588463003 471.758422852
3.84216781534 471.665496826
3.84845100065 468.407684326
3.85473418595 474.043518066
3.86101737126 474.330871582
3.86730055657 473.290893555
3.87358374188 468.634277344
3.87986692718 469.772583008
3.88615011249 471.50680542
3.8924332978 478.772949219
3.8987164831 475.616455078
3.90499966841 469.469299316
3.91128285372 477.339874268
3.91756603903 477.009735107
3.92384922433 478.085113525
3.93013240964 478.290527344
3.93641559495 483.306671143
3.94269878026 479.558654785
3.94898196556 483.426452637
3.95526515087 482.452789307
3.96154833618 477.214935303
3.96783152148 484.657836914
3.97411470679 483.968719482
3.9803978921 481.426361084
3.98668107741 482.230743408
3.99296426271 477.784973145
3.99924744802 489.850036621
4.00553063333 485.027038574
4.01181381863 494.285064697
4.01809700394 484.23828125
4.02438018925 492.843353271
4.03066337456 488.58190918
4.03694655986 484.588043213
4.04322974517 491.235992432
4.04951293048 491.525909424
4.05579611578 491.039703369
4.06207930109 491.352935791
4.0683624864 494.30456543
4.07464567171 493.771728516
4.08092885701 490.6875
4.08721204232 492.345794678
4.09349522763 496.185638428
4.09977841293 492.671691895
4.10606159824 498.990570068
4.11234478355 493.848052979
4.11862796886 503.601654053
4.12491115416 495.786834717
4.13119433947 508.816741943
4.13747752478 507.012023926
4.14376071008 511.442932129
4.15004389539 505.506713867
4.1563270807 507.281982422
4.16261026601 503.426300049
4.16889345131 513.003051758
4.17517663662 511.537567139
4.18145982193 515.276733398
4.18774300724 503.14276123
4.19402619254 516.141357422
4.20030937785 509.703796387
4.20659256316 510.629272461
4.21287574846 512.644897461
4.21915893377 517.270935059
4.22544211908 510.808105469
4.23172530439 520.59552002
4.23800848969 531.352844238
4.244291675 522.239135742
4.25057486031 519.355224609
4.25685804561 527.512634277
4.26314123092 523.37512207
4.26942441623 530.071472168
4.27570760154 524.066467285
4.28199078684 530.713195801
4.28827397215 532.803100586
4.29455715746 527.613525391
4.30084034276 534.047180176
4.30712352807 538.139404297
4.31340671338 533.564086914
4.31968989869 539.581665039
4.32597308399 555.671936035
4.3322562693 535.526123047
4.33853945461 543.276489258
4.34482263991 535.740112305
4.35110582522 545.696594238
4.35738901053 551.172058105
4.36367219584 553.764587402
4.36995538114 545.05682373
4.37623856645 550.007995605
4.38252175176 555.757568359
4.38880493706 556.400756836
4.39508812237 562.987365723
4.40137130768 560.970397949
4.40765449299 574.081542969
4.41393767829 556.134338379
4.4202208636 571.505004883
4.42650404891 562.278991699
4.43278723422 566.864868164
4.43907041952 562.192321777
4.44535360483 561.593139648
4.45163679014 556.672729492
4.45791997544 567.92578125
4.46420316075 575.420288086
4.47048634606 570.599304199
4.47676953137 571.495178223
4.48305271667 581.145507812
4.48933590198 570.83380127
4.49561908729 575.265319824
4.50190227259 569.622497559
4.5081854579 587.336730957
4.51446864321 573.942321777
4.52075182852 583.238952637
4.52703501382 565.917480469
4.53331819913 576.662414551
4.53960138444 581.406738281
4.54588456974 570.210632324
4.55216775505 572.184692383
4.55845094036 564.863891602
4.56473412567 579.653381348
4.57101731097 569.865600586
4.57730049628 572.895629883
4.58358368159 555.043457031
4.58986686689 561.506774902
4.5961500522 565.800048828
4.60243323751 551.254150391
4.60871642282 578.547058105
4.61499960812 573.073974609
4.62128279343 566.55090332
4.62756597874 571.803405762
4.63384916404 576.191650391
4.64013234935 574.110046387
4.64641553466 589.581298828
4.65269871997 566.581787109
4.65898190527 552.624023438
4.66526509058 564.844360352
4.67154827589 581.736633301
4.6778314612 572.063110352
4.6841146465 580.811950684
4.69039783181 578.715942383
4.69668101712 584.28894043
4.70296420242 585.404541016
4.70924738773 585.923583984
4.71553057304 570.565673828
4.72181375835 595.899353027
4.72809694365 562.324890137
4.73438012896 593.016845703
4.74066331427 580.676879883
4.74694649957 593.779724121
4.75322968488 586.255493164
4.75951287019 601.647216797
4.7657960555 604.788696289
4.7720792408 589.017456055
4.77836242611 599.351196289
4.78464561142 578.355102539
4.79092879672 611.867736816
4.79721198203 605.970581055
4.80349516734 602.808532715
4.80977835265 600.311889648
4.81606153795 603.278076172
4.82234472326 621.278015137
4.82862790857 623.919616699
4.83491109387 598.620239258
4.84119427918 605.440246582
4.84747746449 589.61114502
4.8537606498 636.000793457
4.8600438351 614.329223633
4.86632702041 640.649719238
4.87261020572 594.066223145
4.87889339102 625.819641113
4.88517657633 621.418518066
4.89145976164 618.315246582
4.89774294695 638.136108398
4.90402613225 630.533203125
4.91030931756 610.4296875
4.91659250287 647.159912109
4.92287568818 628.799743652
4.92915887348 666.733703613
4.93544205879 667.846618652
4.9417252441 660.563049316
4.9480084294 672.104492188
4.95429161471 671.994140625
4.96057480002 635.741271973
4.96685798533 664.196960449
4.97314117063 677.193725586
4.97942435594 690.741088867
4.98570754125 685.875976562
4.99199072655 694.590087891
4.99827391186 688.209472656
5.00455709717 685.440490723
5.01084028248 683.926452637
5.01712346778 723.71307373
5.02340665309 698.669799805
5.0296898384 726.950622559
5.0359730237 722.140014648
5.04225620901 736.681030273
5.04853939432 721.75378418
5.05482257963 729.904663086
5.06110576493 713.515258789
5.06738895024 711.489196777
5.07367213555 683.102233887
5.07995532085 777.637878418
5.08623850616 723.978271484
5.09252169147 711.411987305
5.09880487678 744.269592285
5.10508806208 710.458129883
5.11137124739 732.968505859
5.1176544327 755.804199219
5.123937618 803.253540039
5.13022080331 786.188293457
5.13650398862 787.905029297
5.14278717393 789.754882812
5.14907035923 817.540405273
5.15535354454 842.495483398
5.16163672985 785.143554688
5.16791991516 771.034057617
5.17420310046 899.091552734
5.18048628577 803.186950684
5.18676947108 834.088439941
5.19305265638 782.180541992
5.19933584169 815.413085938
5.205619027 835.872192383
5.21190221231 840.437561035
5.21818539761 884.669555664
5.22446858292 870.486572266
5.23075176823 856.339294434
5.23703495353 843.303222656
5.24331813884 985.067687988
5.24960132415 840.66619873
5.25588450946 954.099609375
5.26216769476 872.244873047
5.26845088007 920.159179688
5.27473406538 984.69921875
5.28101725068 994.893981934
5.28730043599 924.101135254
5.2935836213 845.508850098
5.29986680661 943.219360352
5.30614999191 968.996582031
5.31243317722 893.730651855
5.31871636253 1079.93835449
5.32499954783 1056.20239258
5.33128273314 1071.79431152
5.33756591845 1169.99609375
5.34384910376 1001.88287354
5.35013228906 1132.09875488
5.35641547437 1178.0559082
5.36269865968 983.639526367
5.36898184498 1065.82043457
5.37526503029 1255.99621582
5.3815482156 1126.1763916
5.38783140091 1194.39123535
5.39411458621 955.911560059
5.40039777152 1166.69311523
5.40668095683 1065.53186035
5.41296414214 1066.85253906
5.41924732744 1130.09423828
5.42553051275 1140.85351562
5.43181369806 674.637634277
5.43809688336 1143.25744629
5.44438006867 1293.1385498
5.45066325398 910.325805664
5.45694643929 1457.37280273
5.46322962459 1141.09179688
5.4695128099 1317.30187988
5.47579599521 1442.95629883
5.48207918051 1442.04394531
5.48836236582 1717.76831055
5.49464555113 1618.05371094
5.50092873644 1815.97143555
5.50721192174 882.169677734
5.51349510705 1684.27783203
5.51977829236 2570.40112305
5.52606147766 916.86529541
5.53234466297 154.951965332
5.53862784828 2321.44580078
5.54491103359 1117.35742188
5.55119421889 417.278778076
5.5574774042 5318.12988281
5.56376058951 3878.80126953
5.57004377481 -5692.9375
