0.00942477796077 40350.8164062
0.0157079632679 43045.953125
0.0219911485751 43465.9335938
0.0282743338823 38063.1015625
0.0345575191895 31381.7070312
0.0408407044967 23903.9609375
0.0471238898038 22142.7265625
0.053407075111 19664.8183594
0.0596902604182 18807.8457031
0.0659734457254 16849.3105469
0.0722566310326 16039.8701172
0.0785398163397 14263.0419922
0.0848230016469 12135.0332031
0.0911061869541 10610.6826172
0.0973893722613 10144.8945312
0.103672557568 9215.50097656
0.109955742876 8836.5625
0.116238928183 8165.39453125
0.12252211349 7509.55908203
0.128805298797 7517.6953125
0.135088484104 6930.63964844
0.141371669412 6455.11523438
0.147654854719 6158.00634766
0.153938040026 5834.74023438
0.160221225333 5441.36035156
0.16650441064 5151.66259766
0.172787595947 4905.30712891
0.179070781255 4775.77783203
0.185353966562 4529.29980469
0.191637151869 4440.38183594
0.197920337176 4250.95849609
0.204203522483 3965.66113281
0.210486707791 3858.44116211
0.216769893098 3741.28979492
0.223053078405 3557.22875977
0.229336263712 3423.66552734
0.235619449019 3378.6730957
0.241902634326 3367.29931641
0.248185819634 3176.18725586
0.254469004941 3131.3815918
0.260752190248 2991.72460938
0.267035375555 2934.75048828
0.273318560862 2909.57592773
0.279601746169 2786.74414062
0.285884931477 2718.94458008
0.292168116784 2635.69628906
0.298451302091 2601.80908203
0.304734487398 2579.46533203
0.311017672705 2483.20825195
0.317300858013 2466.91723633
0.32358404332 2381.72949219
0.329867228627 2314.26464844
0.336150413934 2311.10766602
0.342433599241 2239.80053711
0.348716784548 2232.35791016
0.354999969856 2187.55664062
0.361283155163 2120.41113281
0.36756634047 2072.32495117
0.373849525777 2078.72851562
0.380132711084 2042.74121094
0.386415896392 2008.59814453
0.392699081699 1982.57629395
0.398982267006 1948.50012207
0.405265452313 1873.10205078
0.41154863762 1877.0592041
0.417831822927 1821.22338867
0.424115008235 1864.5916748
0.430398193542 1811.50109863
0.436681378849 1798.34521484
0.442964564156 1749.55041504
0.449247749463 1734.35510254
0.455530934771 1707.90661621
0.461814120078 1683.74938965
0.468097305385 1688.63378906
0.474380490692 1665.58374023
0.480663675999 1642.93408203
0.486946861306 1628.80285645
0.493230046614 1591.5333252
0.499513231921 1586.97497559
0.505796417228 1570.20605469
0.512079602535 1559.10083008
0.518362787842 1530.56359863
0.524645973149 1522.03710938
0.530929158457 1500.42480469
0.537212343764 1500.23608398
0.543495529071 1468.01452637
0.549778714378 1460.87597656
0.556061899685 1443.58129883
0.562345084993 1454.44689941
0.5686282703 1428.67407227
0.574911455607 1413.69482422
0.581194640914 1394.95336914
0.587477826221 1390.57116699
0.593761011528 1378.10180664
0.600044196836 1359.01599121
0.606327382143 1346.73291016
0.61261056745 1335.57458496
0.618893752757 1340.79248047
0.625176938064 1323.58532715
0.631460123372 1313.84094238
0.637743308679 1308.80944824
0.644026493986 1303.9407959
0.650309679293 1291.55712891
0.6565928646 1289.25952148
0.662876049907 1275.21862793
0.669159235215 1263.90148926
0.675442420522 1255.63024902
0.681725605829 1248.26696777
0.688008791136 1244.69458008
0.694291976443 1231.02612305
0.700575161751 1225.23937988
0.706858347058 1211.96569824
0.713141532365 1217.9387207
0.719424717672 1196.66418457
0.725707902979 1189.57165527
0.731991088286 1190.17993164
0.738274273594 1173.71020508
0.744557458901 1174.7442627
0.750840644208 1163.8404541
0.757123829515 1162.26672363
0.763407014822 1151.13916016
0.769690200129 1155.84716797
0.775973385437 1147.36486816
0.782256570744 1135.99194336
0.788539756051 1137.77160645
0.794822941358 1130.22814941
0.801106126665 1120.26550293
0.807389311973 1119.32214355
0.81367249728 1102.38354492
0.819955682587 1105.63879395
0.826238867894 1105.15246582
0.832522053201 1094.13806152
0.838805238508 1088.50170898
0.845088423816 1084.82214355
0.851371609123 1085.61022949
0.85765479443 1082.04943848
0.863937979737 1068.46289062
0.870221165044 1062.80554199
0.876504350352 1052.00561523
0.882787535659 1057.3248291
0.889070720966 1057.41662598
0.895353906273 1046.13049316
0.90163709158 1042.27880859
0.907920276887 1037.70141602
0.914203462195 1037.16125488
0.920486647502 1035.83630371
0.926769832809 1021.40893555
0.933053018116 1015.67333984
0.939336203423 1012.63061523
0.945619388731 1004.49597168
0.951902574038 1005.06005859
0.958185759345 1006.80926514
0.964468944652 996.612792969
0.970752129959 1000.02520752
0.977035315266 994.810424805
0.983318500574 986.332458496
0.989601685881 986.910461426
0.995884871188 983.797912598
1.0021680565 981.657897949
1.0084512418 975.75378418
1.01473442711 968.506835938
1.02101761242 966.457946777
1.02730079772 961.601013184
1.03358398303 959.68359375
1.03986716834 962.316345215
1.04615035365 948.561584473
1.05243353895 952.540771484
1.05871672426 946.087585449
1.06499990957 943.68951416
1.07128309487 938.692077637
1.07756628018 936.956115723
1.08384946549 934.720397949
1.0901326508 933.669799805
1.0964158361 927.728027344
1.10269902141 921.21697998
1.10898220672 922.241760254
1.11526539202 919.819702148
1.12154857733 916.780883789
1.12783176264 915.079284668
1.13411494795 915.033752441
1.14039813325 909.190612793
1.14668131856 903.120605469
1.15296450387 896.68951416
1.15924768917 898.626586914
1.16553087448 894.717407227
1.17181405979 892.883300781
1.1780972451 894.818054199
1.1843804304 888.036682129
1.19066361571 885.663330078
1.19694680102 883.604187012
1.20322998632 884.564453125
1.20951317163 883.274963379
1.21579635694 876.598022461
1.22207954225 876.368774414
1.22836272755 868.957702637
1.23464591286 864.399414062
1.24092909817 867.109313965
1.24721228348 866.746032715
1.25349546878 861.049316406
1.25977865409 858.996582031
1.2660618394 855.129455566
1.2723450247 852.749816895
1.27862821001 853.942810059
1.28491139532 849.377563477
1.29119458063 848.738098145
1.29747776593 845.339172363
1.30376095124 840.916564941
1.31004413655 839.80847168
1.31632732185 840.444641113
1.32261050716 835.488708496
1.32889369247 835.113342285
1.33517687778 832.083374023
1.34146006308 832.495117188
1.34774324839 829.841064453
1.3540264337 828.442443848
1.360309619 826.846557617
1.36659280431 826.520996094
1.37287598962 818.032714844
1.37915917493 818.888916016
1.38544236023 818.09362793
1.39172554554 813.100646973
1.39800873085 810.46685791
1.40429191615 808.032836914
1.41057510146 803.778686523
1.41685828677 808.919006348
1.42314147208 807.189758301
1.42942465738 804.51348877
1.43570784269 801.746032715
1.441991028 799.821166992
1.4482742133 798.134521484
1.45455739861 796.769042969
1.46084058392 794.172546387
1.46712376923 792.222167969
1.47340695453 787.837219238
1.47969013984 788.081054688
1.48597332515 786.645019531
1.49225651046 785.285644531
1.49853969576 781.725830078
1.50482288107 779.332641602
1.51110606638 776.862548828
1.51738925168 774.717041016
1.52367243699 775.051330566
1.5299556223 772.109436035
1.53623880761 770.583129883
1.54252199291 768.663269043
1.54880517822 766.312561035
1.55508836353 765.446594238
1.56137154883 762.376098633
1.56765473414 761.304016113
1.57393791945 762.578430176
1.58022110476 758.075744629
1.58650429006 757.62713623
1.59278747537 757.570983887
1.59907066068 754.460876465
1.60535384598 751.869567871
1.61163703129 750.649230957
1.6179202166 749.832519531
1.62420340191 745.499084473
1.63048658721 743.226989746
1.63676977252 739.602905273
1.64305295783 741.603088379
1.64933614313 738.486816406
1.65561932844 738.757141113
1.66190251375 734.744934082
1.66818569906 737.90045166
1.67446888436 731.719299316
1.68075206967 731.944152832
1.68703525498 729.407348633
1.69331844028 729.030273438
1.69960162559 726.717224121
1.7058848109 722.352844238
1.71216799621 724.856567383
1.71845118151 719.925048828
1.72473436682 723.442871094
1.73101755213 718.969116211
1.73730073744 717.604980469
1.74358392274 715.398010254
1.74986710805 712.72052002
1.75615029336 713.589599609
1.76243347866 712.125488281
1.76871666397 711.182250977
1.77499984928 709.320007324
1.78128303459 705.010620117
1.78756621989 704.842773438
1.7938494052 703.47668457
1.80013259051 702.293273926
1.80641577581 699.776794434
1.81269896112 699.634399414
1.81898214643 698.75177002
1.82526533174 695.807312012
1.83154851704 693.537719727
1.83783170235 694.818054199
1.84411488766 692.818115234
1.85039807296 691.180114746
1.85668125827 686.97668457
1.86296444358 686.498596191
1.86924762889 685.96661377
1.87553081419 683.975646973
1.8818139995 683.15234375
1.88809718481 681.935119629
1.89438037011 678.290344238
1.90066355542 677.746398926
1.90694674073 677.484741211
1.91322992604 676.673950195
1.91951311134 675.697753906
1.92579629665 673.075744629
1.93207948196 674.775756836
1.93836266726 670.553100586
1.94464585257 671.563598633
1.95092903788 667.26348877
1.95721222319 667.794128418
1.96349540849 665.112487793
1.9697785938 664.01361084
1.97606177911 664.243347168
1.98234496442 659.950256348
1.98862814972 658.137817383
1.99491133503 657.343811035
2.00119452034 657.937072754
2.00747770564 656.202636719
2.01376089095 658.113464355
2.02004407626 654.885498047
2.02632726157 650.090515137
2.03261044687 650.313903809
2.03889363218 650.343505859
2.04517681749 646.505615234
2.05146000279 644.189819336
2.0577431881 645.048156738
2.06402637341 643.484069824
2.07030955872 643.556945801
2.07659274402 640.044189453
2.08287592933 639.86328125
2.08915911464 639.524658203
2.09544229994 638.119689941
2.10172548525 635.892944336
2.10800867056 634.426330566
2.11429185587 634.82824707
2.12057504117 632.538635254
2.12685822648 631.930725098
2.13314141179 631.711181641
2.13942459709 628.84173584
2.1457077824 630.365478516
2.15199096771 626.569702148
2.15827415302 623.332946777
2.16455733832 623.783569336
2.17084052363 622.782104492
2.17712370894 624.094360352
2.18340689424 621.781311035
2.18969007955 619.209472656
2.19597326486 617.666992188
2.20225645017 616.588317871
2.20853963547 617.582763672
2.21482282078 615.183105469
2.22110600609 614.030822754
2.2273891914 613.17401123
2.2336723767 611.926940918
2.23995556201 608.589416504
2.24623874732 609.775817871
2.25252193262 609.271118164
2.25880511793 606.489440918
2.26508830324 606.77355957
2.27137148855 605.614440918
2.27765467385 603.836853027
2.28393785916 603.903625488
2.29022104447 602.321899414
2.29650422977 601.02923584
2.30278741508 599.907653809
2.30907060039 599.377502441
2.3153537857 597.000427246
2.321636971 598.03125
2.32792015631 595.959106445
2.33420334162 594.488220215
2.34048652692 593.285522461
2.34676971223 591.958679199
2.35305289754 591.531616211
2.35933608285 591.817077637
2.36561926815 589.050598145
2.37190245346 588.085388184
2.37818563877 587.444274902
2.38446882407 585.858642578
2.39075200938 584.332336426
2.39703519469 584.868164062
2.40331838 583.531982422
2.4096015653 580.595397949
2.41588475061 580.802856445
2.42216793592 582.175170898
2.42845112122 579.717041016
2.43473430653 580.917907715
2.44101749184 577.649047852
2.44730067715 575.936096191
2.45358386245 574.731384277
2.45986704776 574.538696289
2.46615023307 576.7734375
2.47243341838 572.011657715
2.47871660368 573.155029297
2.48499978899 571.959472656
2.4912829743 570.69744873
2.4975661596 571.443481445
2.50384934491 569.264587402
2.51013253022 567.22833252
2.51641571553 567.656433105
2.52269890083 566.751647949
2.52898208614 566.619750977
2.53526527145 565.997192383
2.54154845675 566.584960938
2.54783164206 563.696166992
2.55411482737 563.696105957
2.56039801268 560.571411133
2.56668119798 559.554748535
2.57296438329 559.836730957
2.5792475686 560.377990723
2.5855307539 557.468688965
2.59181393921 559.259155273
2.59809712452 558.299499512
2.60438030983 557.470092773
2.61066349513 555.953430176
2.61694668044 556.319763184
2.62322986575 554.59564209
2.62951305105 554.412353516
2.63579623636 554.035644531
2.64207942167 554.07434082
2.64836260698 552.730651855
2.65464579228 552.098876953
2.66092897759 551.999206543
2.6672121629 550.047119141
2.6734953482 550.309936523
2.67977853351 550.030822754
2.68606171882 549.877563477
2.69234490413 547.982299805
2.69862808943 547.94342041
2.70491127474 548.77532959
2.71119446005 548.181518555
2.71747764536 545.500732422
2.72376083066 546.144775391
2.73004401597 545.13067627
2.73632720128 545.540710449
2.74261038658 544.637878418
2.74889357189 544.614990234
2.7551767572 544.174255371
2.76145994251 542.93170166
2.76774312781 543.025695801
2.77402631312 542.145385742
2.78030949843 542.363098145
2.78659268373 540.370788574
2.79287586904 541.345397949
2.79915905435 540.66796875
2.80544223966 541.891357422
2.81172542496 542.001159668
2.81800861027 540.135559082
2.82429179558 540.069763184
2.83057498088 539.910644531
2.83685816619 538.537536621
2.8431413515 538.657897949
2.84942453681 540.01159668
2.85570772211 537.016235352
2.86199090742 539.657836914
2.86827409273 539.234558105
2.87455727803 540.728881836
2.88084046334 538.471801758
2.88712364865 537.592407227
2.89340683396 538.360534668
2.89969001926 539.166564941
2.90597320457 536.700073242
2.91225638988 537.454956055
2.91853957518 536.121765137
2.92482276049 536.955078125
2.9311059458 536.467468262
2.93738913111 537.425354004
2.94367231641 535.890991211
2.94995550172 539.649902344
2.95623868703 537.401672363
2.96252187234 536.612670898
2.96880505764 538.669555664
2.97508824295 536.494689941
2.98137142826 537.678588867
2.98765461356 538.20892334
2.99393779887 537.863342285
3.00022098418 538.797790527
3.00650416949 538.775878906
3.01278735479 539.342834473
3.0190705401 538.715881348
3.02535372541 538.771728516
3.03163691071 540.287841797
3.03792009602 539.932434082
3.04420328133 540.086547852
3.05048646664 540.640075684
3.05676965194 543.796569824
3.06305283725 540.111633301
3.06933602256 541.489746094
3.07561920786 541.488647461
3.08190239317 542.586975098
3.08818557848 543.254577637
3.09446876379 542.865661621
3.10075194909 544.328552246
3.1070351344 544.496948242
3.11331831971 545.165527344
3.11960150501 546.715942383
3.12588469032 545.532409668
3.13216787563 547.25390625
3.13845106094 548.723693848
3.14473424624 547.945739746
3.15101743155 549.111938477
3.15730061686 550.514953613
3.16358380216 551.679382324
3.16986698747 549.68560791
3.17615017278 552.174865723
3.18243335809 554.690124512
3.18871654339 555.23614502
3.1949997287 556.436218262
3.20128291401 558.149414062
3.20756609932 557.672851562
3.21384928462 558.86328125
3.22013246993 559.119506836
3.22641565524 558.816589355
3.23269884054 558.709655762
3.23898202585 558.221313477
3.24526521116 556.947387695
3.25154839647 555.897399902
3.25783158177 556.088195801
3.26411476708 553.890197754
3.27039795239 554.681152344
3.27668113769 553.629516602
3.282964323 552.799377441
3.28924750831 552.607177734
3.29553069362 552.962585449
3.30181387892 553.192810059
3.30809706423 551.875732422
3.31438024954 549.747619629
3.32066343484 550.483215332
3.32694662015 550.277526855
3.33322980546 550.223388672
3.33951299077 548.853210449
3.34579617607 548.628662109
3.35207936138 550.052490234
3.35836254669 547.939819336
3.36464573199 546.288085938
3.3709289173 545.987854004
3.37721210261 546.088989258
3.38349528792 545.17199707
3.38977847322 544.373535156
3.39606165853 545.051391602
3.40234484384 543.199829102
3.40862802914 544.558898926
3.41491121445 543.891845703
3.42119439976 543.329650879
3.42747758507 542.861877441
3.43376077037 541.772277832
3.44004395568 541.037780762
3.44632714099 541.064575195
3.4526103263 539.372070312
3.4588935116 539.724609375
3.46517669691 538.913452148
3.47145988222 537.022277832
3.47774306752 539.22479248
3.48402625283 538.276855469
3.49030943814 538.67767334
3.49659262345 537.362426758
3.50287580875 537.636169434
3.50915899406 538.692260742
3.51544217937 536.496582031
3.52172536467 536.608520508
3.52800854998 536.190185547
3.53429173529 535.903198242
3.5405749206 536.463745117
3.5468581059 536.357788086
3.55314129121 535.374084473
3.55942447652 533.830383301
3.56570766182 535.408874512
3.57199084713 534.380615234
3.57827403244 532.961914062
3.58455721775 534.402648926
3.59084040305 534.234375
3.59712358836 533.791748047
3.60340677367 533.015930176
3.60968995897 533.944885254
3.61597314428 533.532897949
3.62225632959 533.572631836
3.6285395149 533.449584961
3.6348227002 531.509216309
3.64110588551 531.949279785
3.64738907082 531.677062988
3.65367225612 532.297668457
3.65995544143 532.459777832
3.66623862674 531.928527832
3.67252181205 532.763061523
3.67880499735 531.868835449
3.68508818266 532.588012695
3.69137136797 532.186645508
3.69765455328 530.242248535
3.70393773858 531.386535645
3.71022092389 531.034912109
3.7165041092 532.513671875
3.7227872945 532.093566895
3.72907047981 531.649353027
3.73535366512 530.676269531
3.74163685043 530.415893555
3.74792003573 531.180969238
3.75420322104 530.055419922
3.76048640635 531.65234375
3.76676959165 531.210693359
3.77305277696 531.253417969
3.77933596227 531.980773926
3.78561914758 530.998840332
3.79190233288 531.907287598
3.79818551819 532.448669434
3.8044687035 532.594360352
3.8107518888 532.190002441
3.81703507411 532.431335449
3.82331825942 533.139526367
3.82960144473 532.115478516
3.83588463003 532.605834961
3.84216781534 533.524169922
3.84845100065 531.976745605
3.85473418595 534.633666992
3.86101737126 533.038269043
3.86730055657 533.863586426
3.87358374188 536.121398926
3.87986692718 535.612548828
3.88615011249 535.684448242
3.8924332978 534.817016602
3.8987164831 536.303344727
3.90499966841 535.634033203
3.91128285372 537.609375
3.91756603903 538.405090332
3.92384922433 535.936523438
3.93013240964 537.254211426
3.93641559495 538.172119141
3.94269878026 538.394470215
3.94898196556 537.944274902
3.95526515087 539.807617188
3.96154833618 541.261535645
3.96783152148 538.370788574
3.97411470679 541.133605957
3.9803978921 541.643371582
3.98668107741 539.80682373
3.99296426271 543.617553711
3.99924744802 543.761413574
4.00553063333 542.950134277
4.01181381863 543.378845215
4.01809700394 544.368774414
4.02438018925 547.733276367
4.03066337456 546.73449707
4.03694655986 547.286804199
4.04322974517 548.42010498
4.04951293048 548.348327637
4.05579611578 552.166259766
4.06207930109 550.131347656
4.0683624864 550.357055664
4.07464567171 551.872924805
4.08092885701 552.796325684
4.08721204232 554.459655762
4.09349522763 555.181213379
4.09977841293 555.377380371
4.10606159824 555.082702637
4.11234478355 557.331176758
4.11862796886 558.82220459
4.12491115416 560.058898926
4.13119433947 559.901611328
4.13747752478 563.350769043
4.14376071008 564.382873535
4.15004389539 562.305541992
4.1563270807 565.454223633
4.16261026601 566.07220459
4.16889345131 567.971679688
4.17517663662 567.780944824
4.18145982193 569.450866699
4.18774300724 571.643859863
4.19402619254 574.561889648
4.20030937785 572.288635254
4.20659256316 575.179382324
4.21287574846 575.405151367
4.21915893377 578.051269531
4.22544211908 579.003967285
4.23172530439 580.463439941
4.23800848969 579.277832031
4.244291675 581.3828125
4.25057486031 587.394226074
4.25685804561 584.621154785
4.26314123092 587.336303711
4.26942441623 586.902587891
4.27570760154 588.964782715
4.28199078684 590.794128418
4.28827397215 592.292480469
4.29455715746 594.604370117
4.30084034276 596.542114258
4.30712352807 597.097167969
4.31340671338 598.835571289
4.31968989869 600.499755859
4.32597308399 602.669372559
4.3322562693 606.26751709
4.33853945461 604.312927246
4.34482263991 604.890258789
4.35110582522 607.88684082
4.35738901053 610.320800781
4.36367219584 610.482788086
4.36995538114 611.11315918
4.37623856645 613.667602539
4.38252175176 614.504943848
4.38880493706 620.051086426
4.39508812237 618.596313477
4.40137130768 618.591125488
4.40765449299 621.18737793
4.41393767829 622.122131348
4.4202208636 619.510131836
4.42650404891 625.190307617
4.43278723422 627.603027344
4.43907041952 622.284912109
4.44535360483 629.044494629
4.45163679014 627.82220459
4.45791997544 628.127990723
4.46420316075 633.613769531
4.47048634606 634.437805176
4.47676953137 634.564697266
4.48305271667 635.071777344
4.48933590198 635.278320312
4.49561908729 634.605407715
4.50190227259 633.753051758
4.5081854579 637.242980957
4.51446864321 634.270629883
4.52075182852 635.417907715
4.52703501382 633.003112793
4.53331819913 633.201721191
4.53960138444 632.382080078
4.54588456974 627.65435791
4.55216775505 630.101928711
4.55845094036 626.953308105
4.56473412567 627.46270752
4.57101731097 628.280334473
4.57730049628 631.53338623
4.58358368159 625.462890625
4.58986686689 627.348876953
4.5961500522 626.624145508
4.60243323751 629.94708252
4.60871642282 630.868103027
4.61499960812 625.405334473
4.62128279343 627.519226074
4.62756597874 628.998718262
4.63384916404 630.907470703
4.64013234935 629.644470215
4.64641553466 625.14453125
4.65269871997 625.723571777
4.65898190527 637.166748047
4.66526509058 637.897583008
4.67154827589 634.304992676
4.6778314612 636.679199219
4.6841146465 639.31451416
4.69039783181 634.851318359
4.69668101712 632.969787598
4.70296420242 631.824523926
4.70924738773 636.936340332
4.71553057304 639.492980957
4.72181375835 640.625671387
4.72809694365 635.439819336
4.73438012896 643.504333496
4.74066331427 643.320556641
4.74694649957 643.21862793
4.75322968488 647.815795898
4.75951287019 646.393188477
4.7657960555 652.402404785
4.7720792408 654.511352539
4.77836242611 658.691894531
4.78464561142 657.864562988
4.79092879672 654.418762207
4.79721198203 660.710021973
4.80349516734 660.93951416
4.80977835265 664.490539551
4.81606153795 672.167236328
4.82234472326 666.348022461
4.82862790857 670.498596191
4.83491109387 673.368835449
4.84119427918 677.440795898
4.84747746449 670.528076172
4.8537606498 681.956787109
4.8600438351 680.736694336
4.86632702041 673.858825684
4.87261020572 687.016784668
4.87889339102 688.804199219
4.88517657633 683.849365234
4.89145976164 691.52947998
4.89774294695 695.085449219
4.90402613225 693.483093262
4.91030931756 699.165344238
4.91659250287 701.193969727
4.92287568818 696.479431152
4.92915887348 704.350219727
4.93544205879 707.850158691
4.9417252441 707.418762207
4.9480084294 707.174621582
4.95429161471 708.237060547
4.96057480002 715.870910645
4.96685798533 711.75177002
4.97314117063 718.752746582
4.97942435594 727.17401123
4.98570754125 729.102966309
4.99199072655 735.731628418
4.99827391186 741.637939453
5.00455709717 743.457519531
5.01084028248 741.24621582
5.01712346778 743.76751709
5.02340665309 735.286132812
5.0296898384 755.714050293
5.0359730237 761.811401367
5.04225620901 759.310913086
5.04853939432 764.494812012
5.05482257963 771.42779541
5.06110576493 783.495849609
5.06738895024 778.627075195
5.07367213555 777.503112793
5.07995532085 784.046020508
5.08623850616 790.106994629
5.09252169147 794.028198242
5.09880487678 806.72845459
5.10508806208 814.734375
5.11137124739 804.711791992
5.1176544327 800.297729492
5.123937618 829.782714844
5.13022080331 840.501037598
5.13650398862 831.666564941
5.14278717393 833.790100098
5.14907035923 846.588012695
5.15535354454 844.463928223
5.16163672985 857.202819824
5.16791991516 849.423706055
5.17420310046 862.151428223
5.18048628577 865.019775391
5.18676947108 861.296508789
5.19305265638 898.869628906
5.19933584169 883.742614746
5.205619027 885.260009766
5.21190221231 882.73828125
5.21818539761 905.661499023
5.22446858292 917.397460938
5.23075176823 920.680908203
5.23703495353 921.806762695
5.24331813884 918.512451172
5.24960132415 930.992553711
5.25588450946 958.196350098
5.26216769476 951.320495605
5.26845088007 959.259521484
5.27473406538 961.893737793
5.28101725068 992.428771973
5.28730043599 1003.07818604
5.2935836213 997.948974609
5.29986680661 1001.7144165
5.30614999191 1032.82666016
5.31243317722 1058.56872559
5.31871636253 1032.81030273
5.32499954783 1033.23583984
5.33128273314 1046.62670898
5.33756591845 1100.20129395
5.34384910376 1078.59240723
5.35013228906 1103.33825684
5.35641547437 1103.96044922
5.36269865968 1110.29821777
5.36898184498 1157.37365723
5.37526503029 1139.55822754
5.3815482156 1166.83276367
5.38783140091 1202.39660645
5.39411458621 1152.94763184
5.40039777152 1179.46130371
5.40668095683 1167.91955566
5.41296414214 1178.31018066
5.41924732744 1190.84411621
5.42553051275 1266.65393066
5.43181369806 1267.24353027
5.43809688336 1346.61608887
5.44438006867 1243.81628418
5.45066325398 1297.66394043
5.45694643929 1242.23242188
5.46322962459 1393.37756348
5.4695128099 1409.97570801
5.47579599521 1320.01586914
5.48207918051 1284.55102539
5.48836236582 1283.70629883
5.49464555113 1350.3704834
5.50092873644 1346.05578613
5.50721192174 1344.23059082
5.51349510705 1544.68859863
5.51977829236 1469.92651367
5.52606147766 1367.40551758
5.53234466297 1726.19458008
5.53862784828 1732.09399414
5.54491103359 1506.33642578
5.55119421889 2009.11657715
5.5574774042 735.436645508
5.56376058951 1056.85546875
5.57004377481 1575.31872559
