0.00942477796077 199142.546875 63683.8789062
0.0157079632679 203419.5625 40715.4570312
0.0219911485751 187072.875 24475.8164062
0.0282743338823 150020.609375 16686.6347656
0.0345575191895 131223.265625 11293.3535156
0.0408407044967 87285.7109375 7681.72705078
0.0471238898038 85965.5625 6061.54638672
0.053407075111 76595.2109375 5145.3671875
0.0596902604182 71910.4609375 4233.03271484
0.0659734457254 64375.3984375 3639.94506836
0.0722566310326 61825.8125 3237.05859375
0.0785398163397 55130.8203125 2727.56274414
0.0848230016469 44036.59375 2166.30444336
0.0911061869541 38906.796875 1947.60949707
0.0973893722613 38962.3828125 1771.10192871
0.103672557568 35569.15625 1624.36804199
0.109955742876 34230.2734375 1460.3795166
0.116238928183 30089.9589844 1315.03198242
0.12252211349 27922.0722656 1188.76794434
0.128805298797 27744.2402344 1134.12487793
0.135088484104 23607.4863281 1008.2545166
0.141371669412 23174.1230469 952.98236084
0.147654854719 22409.8730469 892.990112305
0.153938040026 21838.8261719 861.748779297
0.160221225333 20985.7441406 797.354125977
0.16650441064 18744.7050781 743.930908203
0.172787595947 17307.6386719 685.735778809
0.179070781255 16151.5332031 664.1015625
0.185353966562 15067.7285156 609.597839355
0.191637151869 16399.3574219 621.985595703
0.197920337176 14849.8027344 567.199401855
0.204203522483 13319.3261719 540.975158691
0.210486707791 13097.9238281 516.183044434
0.216769893098 12291.7363281 495.558044434
0.223053078405 11791.7011719 474.643981934
0.229336263712 10915.5214844 452.853820801
0.235619449019 11300.9394531 445.944946289
0.241902634326 11287.6425781 432.734741211
0.248185819634 9756.70117188 405.533325195
0.254469004941 9862.18554688 399.553619385
0.260752190248 9426.04882812 382.215606689
0.267035375555 8504.78320312 366.655395508
0.273318560862 8749.44335938 357.677368164
0.279601746169 8141.54492188 346.447174072
0.285884931477 8131.11914062 338.306854248
0.292168116784 7415.48632812 327.245117188
0.298451302091 8078.27148438 322.980499268
0.304734487398 7389.59179688 312.146911621
0.311017672705 7289.18164062 303.420349121
0.317300858013 7426.92382812 300.442718506
0.32358404332 6740.29492188 286.433654785
0.329867228627 6195.47460938 279.650939941
0.336150413934 6270.80273438 272.685058594
0.342433599241 5906.97070312 268.641937256
0.348716784548 5958.98632812 260.407501221
0.354999969856 6007.28320312 258.335449219
0.361283155163 5129.79882812 247.881622314
0.36756634047 5237.37695312 242.669174194
0.373849525777 5361.61523438 240.978439331
0.380132711084 5167.33789062 234.065582275
0.386415896392 4925.25976562 230.0962677
0.392699081699 4768.73242188 225.68107605
0.398982267006 5045.49804688 221.34703064
0.405265452313 4145.80664062 216.050949097
0.41154863762 4494.31445312 211.210220337
0.417831822927 3854.60742188 207.361373901
0.424115008235 4449.86132812 206.081771851
0.430398193542 3994.77929688 200.35647583
0.436681378849 4158.85351562 198.951187134
0.442964564156 3928.50976562 195.069595337
0.449247749463 3760.01367188 191.299301147
0.455530934771 3546.66210938 187.337051392
0.461814120078 3306.13085938 181.994979858
0.468097305385 3720.89257812 183.96282959
0.474380490692 3522.30273438 178.895095825
0.480663675999 3168.72070312 175.989700317
0.486946861306 3169.23632812 173.226989746
0.493230046614 2937.71679688 170.013931274
0.499513231921 2817.40429688 167.161575317
0.505796417228 2737.92773438 164.934539795
0.512079602535 2822.75585938 162.825363159
0.518362787842 2672.13085938 159.607925415
0.524645973149 2537.02929688 157.942443848
0.530929158457 2453.33007812 155.85975647
0.537212343764 2597.54882812 153.812896729
0.543495529071 2355.99804688 151.575424194
0.549778714378 2174.62109375 148.648529053
0.556061899685 2194.61132812 148.208953857
0.562345084993 2312.33789062 145.179931641
0.5686282703 1986.68945312 143.177490234
0.574911455607 1904.71875 141.322509766
0.581194640914 2097.60546875 140.438568115
0.587477826221 1713.55078125 137.352340698
0.593761011528 1759.71679688 136.235824585
0.600044196836 1711.203125 134.316467285
0.606327382143 1605.265625 133.077102661
0.61261056745 1764.28515625 131.571731567
0.618893752757 1613.54882812 129.968734741
0.625176938064 1631.61914062 128.691360474
0.631460123372 1627.98242188 127.661323547
0.637743308679 1671.39453125 125.951660156
0.644026493986 1484.10351562 124.669654846
0.650309679293 1244.29492188 122.02457428
0.6565928646 1411.7265625 121.820610046
0.662876049907 1219.37109375 119.834472656
0.669159235215 1273.20898438 119.059883118
0.675442420522 1204.56445312 117.226844788
0.681725605829 1229.24414062 117.081123352
0.688008791136 1142.85351562 114.834495544
0.694291976443 1063.328125 114.378265381
0.700575161751 1208.57421875 112.89440918
0.706858347058 1053.7421875 111.960899353
0.713141532365 1120.24023438 110.918830872
0.719424717672 877.619140625 109.187683105
0.725707902979 906.73046875 108.303031921
0.731991088286 991.552734375 107.844314575
0.738274273594 860.041015625 106.272125244
0.744557458901 867.662109375 105.776039124
0.750840644208 910.044921875 104.829742432
0.757123829515 714.0625 103.190750122
0.763407014822 718.6171875 102.366500854
0.769690200129 722.90625 101.702575684
0.775973385437 742.578125 100.573379517
0.782256570744 889.29296875 100.569061279
0.788539756051 798.650390625 99.1371078491
0.794822941358 750.130859375 99.0919036865
0.801106126665 665.748046875 97.2433700562
0.807389311973 640.23828125 96.7213745117
0.81367249728 508.626953125 95.2710952759
0.819955682587 621.46484375 95.1166152954
0.826238867894 682.0859375 94.4972915649
0.832522053201 562.5703125 93.3311309814
0.838805238508 611.6875 92.6538162231
0.845088423816 425.33203125 92.0828018188
0.851371609123 520.333984375 91.1673355103
0.85765479443 571.80078125 90.6505661011
0.863937979737 416.5234375 89.7021484375
0.870221165044 400.01171875 88.8913497925
0.876504350352 465.548828125 88.6002426147
0.882787535659 457.248046875 87.6800613403
0.889070720966 549.876953125 87.5648880005
0.895353906273 325.4609375 86.3011856079
0.90163709158 449.560546875 85.798248291
0.907920276887 401.556640625 85.4005050659
0.914203462195 376.6328125 84.2994689941
0.920486647502 461.056640625 84.4463424683
0.926769832809 321.44140625 83.1597518921
0.933053018116 213.9609375 82.4699172974
0.939336203423 433.970703125 82.3271560669
0.945619388731 118.34375 81.3623962402
0.951902574038 92.568359375 80.4408416748
0.958185759345 303.15625 80.6694259644
0.964468944652 224.51171875 79.4889450073
0.970752129959 285.0078125 79.5118865967
0.977035315266 225.453125 78.7850799561
0.983318500574 140.212890625 78.1484451294
0.989601685881 287.69140625 77.9094772339
0.995884871188 59.12109375 76.7823562622
1.0021680565 233.533203125 76.8043518066
1.0084512418 217.126953125 76.444984436
1.01473442711 -0.228515625 75.0921707153
1.02101761242 163.353515625 75.1809158325
1.02730079772 206.736328125 74.9170074463
1.03358398303 143.380859375 74.1968078613
1.03986716834 225.494140625 73.9652557373
1.04615035365 -15.390625 73.089302063
1.05243353895 20.48046875 72.5583648682
1.05871672426 17.93359375 72.3587722778
1.06499990957 -47.4921875 71.4588546753
1.07128309487 -56.705078125 71.1898651123
1.07756628018 290.486328125 71.5248718262
1.08384946549 95.025390625 70.7301940918
1.0901326508 60.59765625 70.2202529907
1.0964158361 188.96875 70.0688552856
1.10269902141 -23.68359375 69.1591186523
1.10898220672 109.263671875 69.2229385376
1.11526539202 97.06640625 68.8194351196
1.12154857733 3.25390625 68.1071853638
1.12783176264 12.474609375 67.6557159424
1.13411494795 -28.8828125 67.2608413696
1.14039813325 74.1796875 67.2672805786
1.14668131856 -67.138671875 66.4254379272
1.15296450387 -144.712890625 65.7842025757
1.15924768917 54.966796875 66.114440918
1.16553087448 35.94140625 65.5571670532
1.17181405979 -38.84375 65.1538391113
1.1780972451 32.013671875 64.7211532593
1.1843804304 -117.61328125 64.4777526855
1.19066361571 -75.4921875 63.9170570374
1.19694680102 -78.7734375 63.7963066101
1.20322998632 -29.8046875 63.2173423767
1.20951317163 -32.0234375 63.2686882019
1.21579635694 -128.486328125 62.4576530457
1.22207954225 -87.6171875 62.3847084045
1.22836272755 -102.6484375 61.8739814758
1.23464591286 -118.3359375 61.6067085266
1.24092909817 -36.435546875 61.6476135254
1.24721228348 -80.294921875 61.0319900513
1.25349546878 -36.3515625 60.8399658203
1.25977865409 -130.978515625 60.3979568481
1.2660618394 -35.201171875 60.2229423523
1.2723450247 -127.796875 59.8477020264
1.27862821001 -85.24609375 59.4539108276
1.28491139532 -85.484375 59.4045791626
1.29119458063 -68.44921875 58.8535194397
1.29747776593 -191.919921875 58.5969543457
1.30376095124 -44.564453125 58.496963501
1.31004413655 -140.046875 58.092048645
1.31632732185 -107.65625 57.7778778076
1.32261050716 -56.080078125 57.6713371277
1.32889369247 -76.3828125 57.3602676392
1.33517687778 -123.447265625 56.9870452881
1.34146006308 9.068359375 56.8258247375
1.34774324839 -40.720703125 56.6845626831
1.3540264337 -77.27734375 56.2960853577
1.360309619 -97.291015625 55.9548454285
1.36659280431 49.990234375 56.0249977112
1.37287598962 -114.130859375 55.3592071533
1.37915917493 -22.484375 55.4175224304
1.38544236023 -104.798828125 54.9468994141
1.39172554554 -115.95703125 54.6251373291
1.39800873085 -101.01953125 54.4932746887
1.40429191615 -106.37109375 54.1496696472
1.41057510146 -54.20703125 54.1028289795
1.41685828677 -9.423828125 53.8292770386
1.42314147208 48.083984375 53.8608093262
1.42942465738 -23.91015625 53.3192596436
1.43570784269 -16.7265625 53.2010002136
1.441991028 -3.716796875 52.8943786621
1.4482742133 -121.486328125 52.6363334656
1.45455739861 -98.27734375 52.296081543
1.46084058392 -52.380859375 52.20470047
1.46712376923 37.73046875 52.072593689
1.47340695453 -84.822265625 51.7543983459
1.47969013984 -39.89453125 51.5368156433
1.48597332515 -66.134765625 51.3045425415
1.49225651046 -8.734375 51.1977462769
1.49853969576 73.447265625 51.1875915527
1.50482288107 -17.681640625 50.6415100098
1.51110606638 -98.208984375 50.4223556519
1.51738925168 0.35546875 50.2952156067
1.52367243699 -141.546875 49.9023513794
1.5299556223 -25.0859375 49.8371009827
1.53623880761 -40.34765625 49.6334571838
1.54252199291 -0.71875 49.560256958
1.54880517822 -4.111328125 49.3544845581
1.55508836353 25.736328125 49.0608329773
1.56137154883 -68.220703125 48.912979126
1.56765473414 32.35546875 48.7654266357
1.57393791945 -6.384765625 48.5184822083
1.58022110476 -129.044921875 48.0936546326
1.58650429006 47.9375 48.2626266479
1.59278747537 121.890625 48.1875305176
1.59907066068 53.958984375 47.7783126831
1.60535384598 66.37890625 47.6762084961
1.61163703129 100.9765625 47.5927391052
1.6179202166 127.51953125 47.4104499817
1.62420340191 7.9765625 47.0363845825
1.63048658721 61.759765625 46.9489707947
1.63676977252 45.5625 46.7340888977
1.64305295783 87.2109375 46.6215248108
1.64933614313 56.9453125 46.4515151978
1.65561932844 70.1953125 46.1764068604
1.66190251375 71.751953125 46.115776062
1.66818569906 124.97265625 45.8912620544
1.67446888436 140.580078125 45.9230461121
1.68075206967 47.560546875 45.5107841492
1.68703525498 95.41796875 45.3609848022
1.69331844028 105.25390625 45.2376289368
1.69960162559 192.35546875 45.3350448608
1.7058848109 161.61328125 44.9142112732
1.71216799621 182.171875 44.9294815063
1.71845118151 143.09765625 44.5995292664
1.72473436682 200.283203125 44.6406936646
1.73101755213 128.6875 44.3110733032
1.73730073744 190.9140625 44.1875762939
1.74358392274 214.837890625 44.2001266479
1.74986710805 182.736328125 43.8983650208
1.75615029336 190.521484375 43.751449585
1.76243347866 271.529296875 43.7385559082
1.76871666397 167.0390625 43.4049301147
1.77499984928 252.1171875 43.4198036194
1.78128303459 209.123046875 43.1173324585
1.78756621989 262.767578125 43.1631507874
1.7938494052 200.005859375 42.7808952332
1.80013259051 243.8359375 42.8634605408
1.80641577581 250.330078125 42.5850028992
1.81269896112 208.1875 42.4846572876
1.81898214643 265.845703125 42.3153266907
1.82526533174 287.396484375 42.2497406006
1.83154851704 258.5546875 42.0579833984
1.83783170235 310.990234375 41.9882659912
1.84411488766 332.47265625 41.8237304688
1.85039807296 347.962890625 41.791721344
1.85668125827 377.80078125 41.6271095276
1.86296444358 322.12109375 41.4735221863
1.86924762889 335.62890625 41.2817764282
1.87553081419 377.42578125 41.2241783142
1.8818139995 457.84765625 41.2177200317
1.88809718481 378.34375 40.9748497009
1.89438037011 354.98046875 40.8260993958
1.90066355542 393.658203125 40.6348838806
1.90694674073 480.955078125 40.7143249512
1.91322992604 353.9140625 40.4263458252
1.91951311134 402.7578125 40.2725410461
1.92579629665 428.216796875 40.2579689026
1.93207948196 483.623046875 40.0939674377
1.93836266726 346.59375 39.9575996399
1.94464585257 478.005859375 39.8449935913
1.95092903788 468.22265625 39.7672767639
1.95721222319 510.169921875 39.6457328796
1.96349540849 446.28515625 39.4873847961
1.9697785938 543.587890625 39.4776916504
1.97606177911 596.7265625 39.3703842163
1.98234496442 543.49609375 39.2218322754
1.98862814972 526.271484375 39.0966567993
1.99491133503 577.0234375 39.0130691528
2.00119452034 573.59765625 38.8991737366
2.00747770564 599.17578125 38.7974624634
2.01376089095 557.59375 38.6635856628
2.02004407626 654.041015625 38.6093101501
2.02632726157 573.54296875 38.3633613586
2.03261044687 549.345703125 38.2553863525
2.03889363218 657.005859375 38.3286819458
2.04517681749 648.1796875 38.1097679138
2.05146000279 688.099609375 38.0653839111
2.0577431881 642.45703125 37.8931503296
2.06402637341 670.443359375 37.8310165405
2.07030955872 692.900390625 37.7072601318
2.07659274402 717.798828125 37.6426124573
2.08287592933 703.2265625 37.567237854
2.08915911464 723.8671875 37.4634590149
2.09544229994 765.51171875 37.3062744141
2.10172548525 777.6484375 37.3307266235
2.10800867056 841.181640625 37.203578949
2.11429185587 821.376953125 37.1124305725
2.12057504117 793.126953125 36.9674224854
2.12685822648 813.373046875 36.8622894287
2.13314141179 880.140625 36.8343963623
2.13942459709 886.64453125 36.7206993103
2.1457077824 967.740234375 36.730594635
2.15199096771 925.2734375 36.6176147461
2.15827415302 904.359375 36.3752059937
2.16455733832 937.30078125 36.4257850647
2.17084052363 988.68359375 36.2711296082
2.17712370894 956.1953125 36.2350234985
2.18340689424 1003.94140625 36.1517524719
2.18969007955 996.865234375 36.0048789978
2.19597326486 1077.44335938 35.999797821
2.20225645017 1070.20703125 35.9223823547
2.20853963547 1167.06054688 35.9138755798
2.21482282078 1137.91601562 35.7763557434
2.22110600609 1155.765625 35.6637840271
2.2273891914 1140.58007812 35.6252822876
2.2336723767 1190.3828125 35.4800834656
2.23995556201 1197.9609375 35.474811554
2.24623874732 1243.0546875 35.3763237
2.25252193262 1267.23242188 35.3382415771
2.25880511793 1271.92578125 35.2502098083
2.26508830324 1228.74609375 35.0466957092
2.27137148855 1296.40820312 35.1018104553
2.27765467385 1280.71484375 34.9084434509
2.28393785916 1344.109375 34.9233894348
2.29022104447 1339.95898438 34.8374176025
2.29650422977 1413.0859375 34.751663208
2.30278741508 1411.42773438 34.7751045227
2.30907060039 1428.05273438 34.5820274353
2.3153537857 1485.86328125 34.6248016357
2.321636971 1475.5 34.4431800842
2.32792015631 1562.25390625 34.5301246643
2.33420334162 1581.21484375 34.4427719116
2.34048652692 1545.76367188 34.2753143311
2.34676971223 1572.91992188 34.2148361206
2.35305289754 1632.03710938 34.1930847168
2.35933608285 1667.13671875 34.149105072
2.36561926815 1624.72265625 34.0576629639
2.37190245346 1641.49609375 33.8886451721
2.37818563877 1665.19140625 33.9045524597
2.38446882407 1689.16601562 33.7916145325
2.39075200938 1692.69335938 33.7444763184
2.39703519469 1807.37109375 33.774723053
2.40331838 1796.33984375 33.6428527832
2.4096015653 1847.68359375 33.6022491455
2.41588475061 1867.125 33.5569458008
2.42216793592 1834.55664062 33.4014205933
2.42845112122 1927.27734375 33.4981803894
2.43473430653 1960.93359375 33.3635025024
2.44101749184 2010.81640625 33.379940033
2.44730067715 2009.06445312 33.225692749
2.45358386245 2056.33984375 33.2777786255
2.45986704776 2097.58007812 33.1624336243
2.46615023307 2192.6328125 33.2059288025
2.47243341838 2136.34960938 33.0674552917
2.47871660368 2169.82617188 33.0325889587
2.48499978899 2202.5390625 32.9425239563
2.4912829743 2192.9921875 32.85887146
2.4975661596 2342.84570312 32.9625816345
2.50384934491 2291.23632812 32.7795677185
2.51013253022 2315.69335938 32.7391853333
2.51641571553 2383.04492188 32.7413139343
2.52269890083 2434.99804688 32.6608314514
2.52898208614 2494.77539062 32.7125930786
2.53526527145 2486.61523438 32.5662994385
2.54154845675 2580.89257812 32.6077957153
2.54783164206 2581.78710938 32.5040168762
2.55411482737 2640.75585938 32.5389442444
2.56039801268 2592.03710938 32.3703689575
2.56668119798 2735.80273438 32.3913764954
2.57296438329 2718.67382812 32.3534049988
2.5792475686 2798.78320312 32.3429603577
2.5855307539 2865.97460938 32.295917511
2.59181393921 2860.84570312 32.2571258545
2.59809712452 2901.58789062 32.2007141113
2.60438030983 2945.32226562 32.1956214905
2.61066349513 3001.64257812 32.0978813171
2.61694668044 3026.08007812 32.1168556213
2.62322986575 3054.63085938 32.0556335449
2.62951305105 3159.25976562 32.028793335
2.63579623636 3175.99023438 32.0158500671
2.64207942167 3220.34570312 31.9562397003
2.64836260698 3297.59570312 31.9669933319
2.65464579228 3288.99414062 31.8597717285
2.66092897759 3400.02539062 31.9049129486
2.6672121629 3463.36132812 31.9192657471
2.6734953482 3485.82617188 31.7959690094
2.67977853351 3516.93945312 31.806230545
2.68606171882 3542.03710938 31.7291049957
2.69234490413 3703.74023438 31.8393001556
2.69862808943 3626.98632812 31.6776351929
2.70491127474 3719.09570312 31.7072410583
2.71119446005 3762.60742188 31.6509227753
2.71747764536 3846.16601562 31.652677536
2.72376083066 3892.70898438 31.6126441956
2.73004401597 3961.97851562 31.5872402191
2.73632720128 4017.03320312 31.6395549774
2.74261038658 4086.52929688 31.5909976959
2.74889357189 4136.26367188 31.5289764404
2.7551767572 4177.41210938 31.5517196655
2.76145994251 4236.11914062 31.4807548523
2.76774312781 4277.64648438 31.4840755463
2.77402631312 4398.16210938 31.4998760223
2.78030949843 4453.67382812 31.497838974
2.78659268373 4509.54492188 31.4782829285
2.79287586904 4559.36132812 31.4511985779
2.79915905435 4634.98632812 31.4109210968
2.80544223966 4677.03710938 31.4235019684
2.81172542496 4739.86132812 31.3610591888
2.81800861027 4868.83789062 31.5145244598
2.82429179558 4908.24023438 31.3459434509
2.83057498088 4951.65820312 31.3667125702
2.83685816619 5060.49023438 31.393863678
2.8431413515 5154.51367188 31.4173488617
2.84942453681 5285.08398438 31.4531955719
2.85570772211 5309.47070312 31.4066104889
2.86199090742 5389.98242188 31.4176692963
2.86827409273 5434.80664062 31.3774776459
2.87455727803 5534.53320312 31.3880882263
2.88084046334 5574.42382812 31.3767623901
2.88712364865 5603.75585938 31.3102455139
2.89340683396 5703.39648438 31.3658542633
2.89969001926 5859.82617188 31.4048633575
2.90597320457 5892.74414062 31.3818244934
2.91225638988 5971.65039062 31.3391170502
2.91853957518 6021.40039062 31.3611984253
2.92482276049 6145.31835938 31.3697757721
2.9311059458 6203.79101562 31.3571529388
2.93738913111 6320.22460938 31.4106082916
2.94367231641 6375.60351562 31.3734664917
2.94995550172 6487.23632812 31.3918228149
2.95623868703 6614.42382812 31.4738864899
2.96252187234 6717.42382812 31.439825058
2.96880505764 6835.50195312 31.5118904114
2.97508824295 6872.23242188 31.4684276581
2.98137142826 7042.30273438 31.5392818451
2.98765461356 7097.24023438 31.5087089539
2.99393779887 7207.22460938 31.5595111847
3.00022098418 7328.68554688 31.6018161774
3.00650416949 7332.40429688 31.5206012726
3.01278735479 7552.50585938 31.6297950745
3.0190705401 7643.09179688 31.6584358215
3.02535372541 7688.41601562 31.5942630768
3.03163691071 7799.36914062 31.6605911255
3.03792009602 7920.24804688 31.6484642029
3.04420328133 8033.20898438 31.7200565338
3.05048646664 8205.68164062 31.7866210938
3.05676965194 8285.77929688 31.7961502075
3.06305283725 8419.32226562 31.807510376
3.06933602256 8560.09570312 31.8905544281
3.07561920786 8663.33398438 31.865819931
3.08190239317 8707.28710938 31.8990268707
3.08818557848 8887.87304688 31.9266033173
3.09446876379 8989.49414062 31.9859142303
3.10075194909 9110.25976562 31.9662818909
3.1070351344 9281.18554688 32.1015930176
3.11331831971 9367.67382812 32.0576438904
3.11960150501 9483.10351562 32.1317863464
3.12588469032 9653.90820312 32.1519203186
3.13216787563 9760.91210938 32.2132873535
3.13845106094 9907.12304688 32.2544975281
3.14473424624 10114.0332031 32.3380012512
3.15101743155 10139.1660156 32.3362121582
3.15730061686 10389.4042969 32.4326286316
3.16358380216 10424.7363281 32.3973388672
3.16986698747 10649.2753906 32.5356330872
3.17615017278 10832.1464844 32.5628089905
3.18243335809 10970.9550781 32.6785545349
3.18871654339 11029.5214844 32.5965385437
3.1949997287 11278.6542969 32.7603187561
3.20128291401 11375.5214844 32.7597084045
3.20756609932 11531.9511719 32.8631973267
3.21384928462 11686.2636719 32.8491287231
3.22013246993 11845.4824219 32.9973907471
3.22641565524 11931.8574219 33.078918457
3.23269884054 11937.1894531 33.1500320435
3.23898202585 11944.0019531 33.1475639343
3.24526521116 12000.1777344 33.2554550171
3.25154839647 12017.6542969 33.2913131714
3.25783158177 12157.2910156 33.4364929199
3.26411476708 12150.8925781 33.4557723999
3.27039795239 12242.6816406 33.5888786316
3.27668113769 12277.7988281 33.6115875244
3.282964323 12314.6582031 33.7074356079
3.28924750831 12371.1464844 33.7839851379
3.29553069362 12416.0761719 33.8566322327
3.30181387892 12537.9707031 33.9682044983
3.30809706423 12560.8574219 34.0737609863
3.31438024954 12616.1113281 34.1122932434
3.32066343484 12665.0839844 34.2163848877
3.32694662015 12739.8574219 34.3091659546
3.33322980546 12803.4433594 34.3742370605
3.33951299077 12883.1582031 34.4924354553
3.34579617607 12997.2832031 34.6319694519
3.35207936138 12976.5527344 34.6488723755
3.35836254669 13018.0839844 34.7433357239
3.36464573199 13158.7167969 34.8911933899
3.3709289173 13115.2207031 34.8679161072
3.37721210261 13231.3652344 35.0527763367
3.38349528792 13305.3535156 35.0983963013
3.38977847322 13351.6230469 35.2131652832
3.39606165853 13466.6933594 35.362953186
3.40234484384 13461.4824219 35.387008667
3.40862802914 13576.6152344 35.5538864136
3.41491121445 13626.2753906 35.564994812
3.42119439976 13671.5605469 35.7423706055
3.42747758507 13719.4941406 35.7563171387
3.43376077037 13811.7988281 35.9046707153
3.44004395568 13929.9042969 36.05210495
3.44632714099 13976.7285156 36.1458282471
3.4526103263 14012.4199219 36.1880149841
3.4588935116 14109.6542969 36.3791618347
3.46517669691 14177.7402344 36.4284362793
3.47145988222 14232.4707031 36.5587730408
3.47774306752 14348.2832031 36.6731033325
3.48402625283 14400.1191406 36.8003387451
3.49030943814 14590.4238281 37.0257263184
3.49659262345 14608.1855469 37.022983551
3.50287580875 14635.8417969 37.1810760498
3.50915899406 14691.0410156 37.2484970093
3.51544217937 14813.5371094 37.4000282288
3.52172536467 14885.9277344 37.5248756409
3.52800854998 14926.0566406 37.6142883301
3.53429173529 15002.9277344 37.7324142456
3.5405749206 15105.0410156 37.8445549011
3.5468581059 15221.2832031 38.074344635
3.55314129121 15317.7441406 38.1038551331
3.55942447652 15407.9707031 38.3470115662
3.56570766182 15446.7207031 38.3953895569
3.57199084713 15516.4863281 38.5306816101
3.57827403244 15642.3027344 38.6718597412
3.58455721775 15624.1738281 38.7562599182
3.59084040305 15852.8261719 39.0136108398
3.59712358836 15957.3652344 39.1495475769
3.60340677367 16045.1308594 39.2736206055
3.60968995897 16045.8222656 39.3970298767
3.61597314428 16129.7128906 39.4587593079
3.62225632959 16267.6074219 39.7096557617
3.6285395149 16445.6816406 39.901725769
3.6348227002 16485.8496094 40.0008010864
3.64110588551 16600.3769531 40.1450195312
3.64738907082 16585.5449219 40.231098175
3.65367225612 16736.1933594 40.4722137451
3.65995544143 16787.9277344 40.5412139893
3.66623862674 16986.7441406 40.785785675
3.67252181205 17134.8535156 41.0362319946
3.67880499735 17208.4707031 41.1337471008
3.68508818266 17274.4160156 41.2946434021
3.69137136797 17434.4824219 41.5032958984
3.69765455328 17522.6933594 41.6530227661
3.70393773858 17678.1347656 41.8803520203
3.71022092389 17685.8457031 41.9533157349
3.7165041092 17929.6386719 42.2559013367
3.7227872945 17992.0019531 42.4066696167
3.72907047981 18042.5839844 42.5239181519
3.73535366512 18188.3066406 42.7567558289
3.74163685043 18344.0449219 42.9623184204
3.74792003573 18512.0722656 43.2088623047
3.75420322104 18536.0175781 43.280960083
3.76048640635 18676.6542969 43.5460624695
3.76676959165 18858.7988281 43.8022727966
3.77305277696 18849.9433594 43.9007263184
3.77933596227 19129.0917969 44.1378898621
3.78561914758 19177.2558594 44.405040741
3.79190233288 19326.3378906 44.5556564331
3.79818551819 19413.8496094 44.7724838257
3.8044687035 19542.2011719 44.9732437134
3.8107518888 19681.5722656 45.2342033386
3.81703507411 19850.9824219 45.4540405273
3.82331825942 19931.7363281 45.62733078
3.82960144473 20067.5292969 45.8620452881
3.83588463003 20209.3457031 46.1353187561
3.84216781534 20389.4941406 46.3393325806
3.84845100065 20548.5800781 46.6634063721
3.85473418595 20613.3613281 46.7993240356
3.86101737126 20766.4550781 47.0786972046
3.86730055657 20929.9511719 47.3464050293
3.87358374188 21076.3769531 47.5605506897
3.87986692718 21170.8886719 47.8130683899
3.88615011249 21411.8535156 48.086807251
3.8924332978 21536.0488281 48.4102706909
3.8987164831 21734.8417969 48.6512756348
3.90499966841 21777.0957031 48.8283576965
3.91128285372 22040.8496094 49.2806396484
3.91756603903 22148.7792969 49.4210281372
3.92384922433 22313.3261719 49.7547683716
3.93013240964 22516.2753906 50.0470504761
3.93641559495 22674.7949219 50.4097824097
3.94269878026 22784.4433594 50.5412521362
3.94898196556 23019.0410156 50.9425773621
3.95526515087 23128.5488281 51.2207603455
3.96154833618 23386.8261719 51.6313781738
3.96783152148 23485.3613281 51.8091239929
3.97411470679 23648.6035156 52.1847496033
3.9803978921 23890.1308594 52.5211524963
3.98668107741 23995.0644531 52.8419265747
3.99296426271 24156.5527344 53.0432929993
3.99924744802 24350.4863281 53.497756958
4.00553063333 24607.3691406 53.857673645
4.01181381863 24761.5957031 54.187297821
4.01809700394 24841.8261719 54.4277000427
4.02438018925 25112.7558594 54.8806190491
4.03066337456 25369.5605469 55.3273162842
4.03694655986 25536.0644531 55.6054382324
4.04322974517 25734.7519531 55.9898643494
4.04951293048 25903.3417969 56.3949012756
4.05579611578 26178.5019531 56.8284492493
4.06207930109 26394.1894531 57.2897644043
4.0683624864 26590.2558594 57.5409240723
4.07464567171 26747.1269531 58.0618553162
4.08092885701 26922.3261719 58.325504303
4.08721204232 27213.8144531 58.8138427734
4.09349522763 27435.0136719 59.3354759216
4.09977841293 27726.1152344 59.8020057678
4.10606159824 27845.3027344 60.1237487793
4.11234478355 28172.0917969 60.7117462158
4.11862796886 28234.8808594 60.9407119751
4.12491115416 28560.9082031 61.6425285339
4.13119433947 28692.5566406 61.8822250366
4.13747752478 28988.5527344 62.4806556702
4.14376071008 29431.5371094 63.149772644
4.15004389539 29388.3613281 63.3728752136
4.1563270807 29714.5800781 63.9821548462
4.16261026601 29885.6855469 64.3762435913
4.16889345131 30211.4511719 65.0273971558
4.17517663662 30421.4316406 65.5025939941
4.18145982193 30812.8574219 66.1606903076
4.18774300724 31000.7167969 66.6455688477
4.19402619254 31386.5839844 67.4283218384
4.20030937785 31655.4863281 67.9915466309
4.20659256316 31820.3886719 68.3462600708
4.21287574846 32013.2519531 69.0557632446
4.21915893377 32316.4785156 69.5310440063
4.22544211908 32656.4472656 70.2540054321
4.23172530439 32963.828125 70.9272994995
4.23800848969 33288.7421875 71.6832580566
4.244291675 33334.21875 72.0110626221
4.25057486031 33823.8046875 72.7938842773
4.25685804561 33880.40625 73.3645019531
4.26314123092 34288.625 74.1453857422
4.26942441623 34710.78125 74.9847640991
4.27570760154 34701.28125 75.3530197144
4.28199078684 35055.453125 76.133972168
4.28827397215 35384.0703125 76.9316711426
4.29455715746 35695.296875 77.607421875
4.30084034276 35919.6796875 78.3540039062
4.30712352807 36407.8828125 79.3373031616
4.31340671338 36638.1015625 80.0251998901
4.31968989869 36697.796875 80.6498718262
4.32597308399 37288.0078125 81.5870056152
4.3322562693 37476.4921875 82.4024887085
4.33853945461 37755.515625 83.2220153809
4.34482263991 38084.765625 84.0093536377
4.35110582522 38239.7890625 84.9025115967
4.35738901053 38650.1015625 85.684928894
4.36367219584 38867.046875 86.5804672241
4.36995538114 39299.7890625 87.6071929932
4.37623856645 39501.1875 88.5297546387
4.38252175176 39966.9140625 89.6922149658
4.38880493706 40235.09375 90.3915481567
4.39508812237 40546.2890625 91.65625
4.40137130768 40895.9765625 92.5286407471
4.40765449299 41137.2421875 93.569152832
4.41393767829 41443.3203125 94.5303192139
4.4202208636 41903.6484375 95.7756195068
4.42650404891 41853.671875 96.6575775146
4.43278723422 42280.8671875 97.4782714844
4.43907041952 42506.8671875 98.9526062012
4.44535360483 42809.9453125 99.7858200073
4.45163679014 43145.0703125 101.237174988
4.45791997544 43354.203125 102.175888062
4.46420316075 43640.1953125 103.354652405
4.47048634606 43696.78125 104.504829407
4.47676953137 44239.671875 105.908561707
4.48305271667 44367.828125 107.034721375
4.48933590198 44362.8671875 107.983802795
4.49561908729 44543.8125 109.2445755
4.50190227259 44884.203125 110.824134827
4.5081854579 45467.828125 112.338424683
4.51446864321 45223.9140625 113.296562195
4.52075182852 45607.2578125 114.915863037
4.52703501382 45493.1875 115.826263428
4.53331819913 45808.9453125 117.414009094
4.53960138444 45748.6484375 118.584037781
4.54588456974 45684.5625 119.809684753
4.55216775505 46025.7109375 121.465690613
4.55845094036 46160.578125 122.823692322
4.56473412567 46138.1796875 124.234367371
4.57101731097 45994.5703125 125.024375916
4.57730049628 46283.5 126.553848267
4.58358368159 46155.015625 127.607330322
4.58986686689 46722.2578125 129.716186523
4.5961500522 46717.4375 130.880981445
4.60243323751 47191.515625 132.883682251
4.60871642282 47256.3515625 134.040725708
4.61499960812 47451.71875 135.858718872
4.62128279343 48011.453125 137.756164551
4.62756597874 48066.375 139.232208252
4.63384916404 48080.8203125 140.485046387
4.64013234935 48337.2890625 142.353012085
4.64641553466 48356.890625 143.407348633
4.65269871997 48942.9609375 145.718231201
4.65898190527 49246.3359375 147.764923096
4.66526509058 49611.4375 149.720504761
4.67154827589 49696.6640625 151.05140686
4.6778314612 50310.9296875 153.556533813
4.6841146465 50487.3828125 155.585388184
4.69039783181 50600.1328125 156.959869385
4.69668101712 50910.03125 158.794296265
4.70296420242 51203.296875 161.262496948
4.70924738773 51394.515625 163.049591064
4.71553057304 51835.3203125 164.976577759
4.72181375835 52330.46875 167.70690918
4.72809694365 52610.625 169.873077393
4.73438012896 52969.2734375 172.178710938
4.74066331427 53351.34375 174.17527771
4.74694649957 53748.546875 177.036727905
4.75322968488 54217.875 179.438156128
4.75951287019 54260.21875 181.235076904
4.7657960555 54719.140625 183.987289429
4.7720792408 55093.890625 186.316665649
4.77836242611 55418.4921875 188.992980957
4.78464561142 55911.703125 191.913284302
4.79092879672 56561.578125 194.615585327
4.79721198203 56894.3359375 197.780487061
4.80349516734 57055.8515625 200.331436157
4.80977835265 57658.453125 203.014373779
4.81606153795 58060.453125 206.086196899
4.82234472326 58527.796875 209.326599121
4.82862790857 58536.09375 211.715759277
4.83491109387 59580.84375 215.245742798
4.84119427918 59777.734375 218.674682617
4.84747746449 60167.5234375 222.012023926
4.8537606498 60524.2734375 224.743423462
4.8600438351 61217.96875 228.398681641
4.86632702041 61912.359375 233.175033569
4.87261020572 61928.7734375 235.248382568
4.87889339102 62805.1015625 239.76159668
4.88517657633 63124.859375 243.007904053
4.89145976164 63853.4765625 248.125198364
4.89774294695 64223.921875 251.466781616
4.90402613225 64942.9375 255.554199219
4.91030931756 65448.4453125 260.00302124
4.91659250287 66228.75 265.028656006
4.92287568818 66564.484375 268.873962402
4.92915887348 66906.90625 272.428771973
4.93544205879 67625.6875 277.021972656
4.9417252441 68771.3515625 284.528839111
4.9480084294 68732.4296875 287.33102417
4.95429161471 69514.4453125 291.783843994
4.96057480002 70016.0859375 297.633270264
4.96685798533 70421.828125 303.044677734
4.97314117063 71910.390625 309.175537109
4.97942435594 71509.5859375 311.654663086
4.98570754125 72496.7109375 319.689056396
4.99199072655 73261.1875 326.222503662
4.99827391186 73732.6171875 329.299743652
5.00455709717 74156.4375 335.93951416
5.01084028248 75022.3359375 343.547210693
5.01712346778 76678.390625 353.667510986
5.02340665309 76361.75 354.272277832
5.0296898384 77272.0703125 363.580413818
5.0359730237 78340.765625 372.361541748
5.04225620901 78911.1875 378.134277344
5.04853939432 78969.46875 383.53894043
5.05482257963 80727.453125 394.476501465
5.06110576493 81954.078125 406.941131592
5.06738895024 81943.28125 407.690643311
5.07367213555 83280.140625 420.104980469
5.07995532085 84093.421875 430.408691406
5.08623850616 85139.1875 439.850616455
5.09252169147 85170.5234375 444.230865479
5.09880487678 86760.71875 456.913299561
5.10508806208 87296.515625 468.165527344
5.11137124739 88104.2265625 477.265472412
5.1176544327 89809.4140625 488.779083252
5.123937618 90216.6953125 499.845428467
5.13022080331 90872.9765625 510.958526611
5.13650398862 91858.3671875 521.395019531
5.14278717393 93059.796875 532.726135254
5.14907035923 94191.890625 550.612731934
5.15535354454 96304.7890625 571.465209961
5.16163672985 95700.7265625 569.164611816
5.16791991516 96347.046875 584.107666016
5.17420310046 98801.15625 607.865966797
5.18048628577 99909.46875 625.538574219
5.18676947108 101684.265625 637.61529541
5.19305265638 101535.703125 652.166992188
5.19933584169 103824.046875 677.094177246
5.205619027 103948.984375 687.798400879
5.21190221231 105642.953125 706.202758789
5.21818539761 105644.1875 723.331787109
5.22446858292 108165.0625 756.422363281
5.23075176823 108316.765625 759.196228027
5.23703495353 112177.1875 797.338806152
5.24331813884 112671.46875 825.56451416
5.24960132415 113372.1875 850.098632812
5.25588450946 113156.203125 846.63684082
5.26216769476 116789.25 891.271240234
5.26845088007 116131.5625 920.930603027
5.27473406538 118910.875 956.881103516
5.28101725068 120923.9375 973.296508789
5.28730043599 121504.65625 1009.33349609
5.2935836213 123328.96875 1052.35217285
5.29986680661 125649.859375 1091.36755371
5.30614999191 124581.65625 1098.93200684
5.31243317722 127618.09375 1155.33496094
5.31871636253 128482.078125 1207.39660645
5.32499954783 131507.78125 1232.01525879
5.33128273314 134022.109375 1295.11633301
5.33756591845 135376.71875 1358.51098633
5.34384910376 136627.359375 1417.32617188
5.35013228906 135510.328125 1386.08459473
5.35641547437 140144.765625 1514.16625977
5.36269865968 142656.171875 1609.40722656
5.36898184498 140700.984375 1620.33752441
5.37526503029 148317.03125 1679.53808594
5.3815482156 146985.71875 1799.4095459
5.38783140091 152744.15625 1983.07348633
5.39411458621 152196.859375 1935.86108398
5.40039777152 152419.75 1972.64147949
5.40668095683 157963.640625 2211.3984375
5.41296414214 157293.6875 2426.484375
5.41924732744 156714.5625 2248.91430664
5.42553051275 161027.6875 2417.28979492
5.43181369806 164958.578125 2730.70532227
5.43809688336 170024.609375 3162.2487793
5.44438006867 167925.015625 2797.66918945
5.45066325398 172850.40625 3092.03515625
5.45694643929 174188.296875 3543.41943359
5.46322962459 176631.96875 4046.12890625
5.4695128099 177410.3125 3645.3918457
5.47579599521 180750.5625 4011.13525391
5.48207918051 183996.25 4928.04833984
5.48836236582 189031.84375 5473.95166016
5.49464555113 189890.15625 5120.5703125
5.50092873644 183720.484375 5486.73095703
5.50721192174 200386.78125 8744.43554688
5.51349510705 200626.953125 7152.36230469
5.51977829236 193274.921875 7701.71972656
5.52606147766 187585.734375 8701.48828125
5.53234466297 201621.546875 14888.8671875
5.53862784828 207167.296875 12455.7333984
5.54491103359 209493.5 15892.1660156
5.55119421889 223825.890625 22836.7089844
5.5574774042 270208.03125 52341.8359375
5.56376058951 225169.109375 48311.8046875
5.57004377481 272760.3125 162085.0
