0.00942477796077 288551.5625 284565.28125
0.0157079632679 294171.1875 179584.484375
0.0219911485751 265031.25 112789.429688
0.0282743338823 270064.8125 93146.0
0.0345575191895 182939.3125 64283.6953125
0.0408407044967 275947.75 66107.6328125
0.0471238898038 305995.4375 54320.2851562
0.053407075111 240518.0 46998.7773438
0.0596902604182 157439.125 36999.65625
0.0659734457254 207567.8125 36266.9609375
0.0722566310326 194093.125 32671.1054688
0.0785398163397 168203.0 28856.921875
0.0848230016469 146124.25 25689.5878906
0.0911061869541 93114.8125 23315.7617188
0.0973893722613 164502.4375 23006.6328125
0.103672557568 166202.5625 22226.515625
0.109955742876 128600.375 19547.4277344
0.116238928183 157738.6875 19437.9570312
0.12252211349 103915.625 17128.2460938
0.128805298797 84989.9375 16022.1513672
0.135088484104 85488.3125 15342.7880859
0.141371669412 81900.25 14555.1083984
0.147654854719 80569.75 13813.4726562
0.153938040026 94006.5 13697.0683594
0.160221225333 89378.125 12811.9326172
0.16650441064 60089.25 12055.1025391
0.172787595947 102984.1875 12061.9042969
0.179070781255 55537.3125 11295.2021484
0.185353966562 76465.0625 10895.0712891
0.191637151869 51933.875 10475.1328125
0.197920337176 63359.375 10022.0332031
0.204203522483 46133.875 9679.94042969
0.210486707791 56221.8125 9402.76757812
0.216769893098 51365.6875 9140.96582031
0.223053078405 48166.125 8822.84082031
0.229336263712 38144.4375 8486.34667969
0.235619449019 60338.4375 8516.69921875
0.241902634326 48766.5 8147.12841797
0.248185819634 39455.4375 7831.69726562
0.254469004941 47879.6875 7779.48486328
0.260752190248 36411.375 7413.39355469
0.267035375555 36717.0625 7282.55273438
0.273318560862 44660.75 7132.35595703
0.279601746169 40472.4375 6979.59765625
0.285884931477 53131.5625 6928.38037109
0.292168116784 39908.1875 6714.21337891
0.298451302091 45296.4375 6557.92871094
0.304734487398 29198.5625 6320.52490234
0.311017672705 42586.125 6267.73095703
0.317300858013 32238.3125 6101.63574219
0.32358404332 28413.4375 5895.02197266
0.329867228627 38614.0625 5918.73779297
0.336150413934 29582.6875 5692.45019531
0.342433599241 32655.875 5686.82714844
0.348716784548 32948.0625 5506.73144531
0.354999969856 34393.9375 5465.92138672
0.361283155163 32041.125 5357.62011719
0.36756634047 22785.0 5166.26025391
0.373849525777 26340.9375 5136.39160156
0.380132711084 25707.25 5012.07910156
0.386415896392 30151.9375 4989.67089844
0.392699081699 26767.125 4893.98730469
0.398982267006 23655.625 4743.20898438
0.405265452313 19750.5625 4725.66845703
0.41154863762 19875.25 4574.49755859
0.417831822927 13225.75 4534.66357422
0.424115008235 12877.4375 4427.80908203
0.430398193542 19088.8125 4397.74072266
0.436681378849 25385.125 4382.37646484
0.442964564156 16380.8125 4274.58837891
0.449247749463 18256.3125 4223.08251953
0.455530934771 13369.125 4134.63671875
0.461814120078 10220.25 4028.37011719
0.468097305385 12604.8125 4035.36547852
0.474380490692 18453.0 3977.89990234
0.480663675999 21333.75 3969.49536133
0.486946861306 20962.625 3905.21142578
0.493230046614 16221.0 3835.20751953
0.499513231921 11482.125 3760.69580078
0.505796417228 15051.25 3737.19848633
0.512079602535 11589.5 3663.07910156
0.518362787842 16858.0 3632.38354492
0.524645973149 16634.0 3608.12060547
0.530929158457 18890.9375 3580.27685547
0.537212343764 16541.9375 3506.92456055
0.543495529071 4678.3125 3426.56201172
0.549778714378 16187.75 3431.46899414
0.556061899685 12489.8125 3402.45068359
0.562345084993 9656.375 3308.39794922
0.5686282703 9685.75 3295.62866211
0.574911455607 11361.0 3268.47875977
0.581194640914 15546.125 3246.84545898
0.587477826221 18704.4375 3226.86279297
0.593761011528 12404.375 3169.41967773
0.600044196836 12129.375 3128.32983398
0.606327382143 14515.625 3119.59936523
0.61261056745 11893.125 3058.39282227
0.618893752757 10651.6875 3030.2956543
0.625176938064 9517.625 2994.27758789
0.631460123372 12343.25 2981.88574219
0.637743308679 12051.3125 2936.83398438
0.644026493986 4243.875 2893.52050781
0.650309679293 12406.1875 2884.94506836
0.6565928646 10548.5625 2857.90112305
0.662876049907 8590.875 2820.96777344
0.669159235215 4409.5625 2782.29882812
0.675442420522 14093.3125 2781.23535156
0.681725605829 8398.625 2754.58398438
0.688008791136 7210.8125 2704.79541016
0.694291976443 6790.25 2699.31762695
0.700575161751 14623.5625 2679.99731445
0.706858347058 7158.4375 2644.37890625
0.713141532365 8081.3125 2617.49267578
0.719424717672 11517.0 2608.54711914
0.725707902979 3215.4375 2556.36010742
0.731991088286 4983.375 2544.72998047
0.738274273594 7269.75 2525.91162109
0.744557458901 13320.5625 2533.93115234
0.750840644208 6293.25 2484.39648438
0.757123829515 6798.875 2462.59472656
0.763407014822 10726.625 2455.45776367
0.769690200129 2707.5 2413.05395508
0.775973385437 5392.3125 2393.40844727
0.782256570744 4578.125 2379.49902344
0.788539756051 8846.125 2365.94750977
0.794822941358 7172.1875 2363.23120117
0.801106126665 6041.5625 2321.8996582
0.807389311973 6000.25 2311.20068359
0.81367249728 2658.125 2275.93920898
0.819955682587 2161.875 2262.48510742
0.826238867894 1717.625 2242.03222656
0.832522053201 2933.375 2226.54760742
0.838805238508 2999.0625 2207.0925293
0.845088423816 6113.5625 2216.00170898
0.851371609123 1269.75 2172.99755859
0.85765479443 5890.75 2170.59130859
0.863937979737 85.875 2141.8215332
0.870221165044 78.5 2123.57617188
0.876504350352 2477.0 2119.00708008
0.882787535659 2430.3125 2097.4296875
0.889070720966 2769.0625 2089.37646484
0.895353906273 3283.8125 2075.6706543
0.90163709158 1103.6875 2049.24365234
0.907920276887 2849.4375 2047.74414062
0.914203462195 3131.0625 2023.74572754
0.920486647502 404.6875 2014.29626465
0.926769832809 -2724.625 1984.14990234
0.933053018116 1271.125 1985.32116699
0.939336203423 3447.4375 1973.57348633
0.945619388731 4123.5625 1972.36779785
0.951902574038 2934.1875 1948.54211426
0.958185759345 4576.8125 1945.01391602
0.964468944652 3727.9375 1919.2635498
0.970752129959 1379.25 1909.96972656
0.977035315266 1965.5625 1897.68737793
0.983318500574 4367.75 1893.72619629
0.989601685881 1883.75 1872.59265137
0.995884871188 3830.125 1864.21203613
1.0021680565 2035.3125 1849.6652832
1.0084512418 -614.9375 1835.39343262
1.01473442711 2485.5 1823.41320801
1.02101761242 2705.1875 1816.35986328
1.02730079772 1045.6875 1803.37182617
1.03358398303 1061.75 1789.77050781
1.03986716834 4793.6875 1788.40441895
1.04615035365 5545.6875 1783.00598145
1.05243353895 3180.4375 1762.34362793
1.05871672426 2346.8125 1755.66442871
1.06499990957 4419.5 1742.42565918
1.07128309487 822.625 1727.97375488
1.07756628018 1153.125 1717.28039551
1.08384946549 420.875 1707.3651123
1.0901326508 4428.625 1706.18359375
1.0964158361 2714.1875 1691.45947266
1.10269902141 2479.4375 1680.62463379
1.10898220672 -1682.625 1665.4420166
1.11526539202 2375.5 1665.53027344
1.12154857733 3614.5 1656.13562012
1.12783176264 1261.9375 1639.43896484
1.13411494795 1877.75 1633.44494629
1.14039813325 2396.3125 1629.23156738
1.14668131856 3594.6875 1618.93725586
1.15296450387 835.1875 1601.42443848
1.15924768917 1383.5625 1600.1237793
1.16553087448 2929.9375 1590.94885254
1.17181405979 1177.125 1581.29370117
1.1780972451 1264.25 1567.32861328
1.1843804304 -201.0625 1566.01843262
1.19066361571 2892.1875 1556.75341797
1.19694680102 577.4375 1549.12145996
1.20322998632 3311.375 1538.27087402
1.20951317163 1785.0625 1536.46032715
1.21579635694 4356.9375 1526.88000488
1.22207954225 951.875 1516.05432129
1.22836272755 4593.0 1511.80517578
1.23464591286 5148.75 1507.18054199
1.24092909817 2361.4375 1498.47741699
1.24721228348 2375.6875 1485.68286133
1.25349546878 2932.875 1479.98413086
1.25977865409 2167.625 1472.29064941
1.2660618394 1299.5625 1461.68762207
1.2723450247 5009.75 1464.32971191
1.27862821001 3009.9375 1448.74499512
1.28491139532 1624.375 1444.84558105
1.29119458063 4403.75 1436.02062988
1.29747776593 1665.875 1430.29223633
1.30376095124 4287.8125 1425.97741699
1.31004413655 341.125 1413.00585938
1.31632732185 2304.0625 1407.60009766
1.32261050716 802.6875 1399.7755127
1.32889369247 3737.6875 1398.69384766
1.33517687778 2110.3125 1388.69226074
1.34146006308 4420.375 1383.04992676
1.34774324839 1284.5 1376.02807617
1.3540264337 2582.6875 1370.64550781
1.360309619 4899.6875 1367.50317383
1.36659280431 1457.375 1356.2923584
1.37287598962 3535.75 1351.20947266
1.37915917493 3411.5 1348.33581543
1.38544236023 1524.8125 1337.09509277
1.39172554554 5911.125 1337.64672852
1.39800873085 3088.75 1328.6973877
1.40429191615 3361.6875 1321.03869629
1.41057510146 4847.4375 1320.27526855
1.41685828677 6072.75 1313.83374023
1.42314147208 2297.8125 1305.46472168
1.42942465738 5435.875 1300.8894043
1.43570784269 5512.75 1297.83239746
1.441991028 3735.3125 1286.71569824
1.4482742133 4122.0625 1286.07763672
1.45455739861 3762.4375 1276.16870117
1.46084058392 6248.5625 1276.28308105
1.46712376923 5145.0625 1267.41015625
1.47340695453 5105.3125 1264.67797852
1.47969013984 5258.625 1257.76147461
1.48597332515 5480.5625 1253.54797363
1.49225651046 5104.625 1247.94970703
1.49853969576 5655.25 1245.26806641
1.50482288107 3925.0625 1232.79260254
1.51110606638 6757.5 1235.41369629
1.51738925168 2981.875 1222.08105469
1.52367243699 6922.8125 1224.69177246
1.5299556223 5021.4375 1215.29980469
1.53623880761 5365.6875 1211.50244141
1.54252199291 4638.0625 1206.95910645
1.54880517822 7596.6875 1206.87402344
1.55508836353 9181.0 1201.06799316
1.56137154883 5812.375 1195.72937012
1.56765473414 5743.5625 1188.08190918
1.57393791945 5601.8125 1183.34289551
1.58022110476 7851.6875 1181.2890625
1.58650429006 6350.375 1176.19152832
1.59278747537 7197.625 1172.85705566
1.59907066068 7790.9375 1166.41333008
1.60535384598 6399.25 1161.2746582
1.61163703129 9090.0 1162.11828613
1.6179202166 6632.0 1152.85461426
1.62420340191 6435.1875 1147.94067383
1.63048658721 6712.0 1144.21472168
1.63676977252 7670.625 1141.0501709
1.64305295783 5897.3125 1134.04528809
1.64933614313 8317.5 1134.71252441
1.65561932844 7589.375 1126.40185547
1.66190251375 8427.625 1126.13098145
1.66818569906 7580.25 1117.4284668
1.67446888436 9606.5625 1120.67199707
1.68075206967 9549.0 1113.91040039
1.68703525498 11798.9375 1111.84472656
1.69331844028 9338.1875 1104.82385254
1.69960162559 8481.875 1102.79223633
1.7058848109 8425.0625 1093.56835938
1.71216799621 10753.25 1096.61889648
1.71845118151 12071.0625 1091.87438965
1.72473436682 10704.0 1088.85522461
1.73101755213 11686.625 1084.76672363
1.73730073744 8729.3125 1075.28662109
1.74358392274 9928.9375 1076.48132324
1.74986710805 10520.25 1071.0982666
1.75615029336 9970.5625 1066.45837402
1.76243347866 10969.25 1064.7557373
1.76871666397 12311.0625 1062.13842773
1.77499984928 12693.875 1060.10131836
1.78128303459 11487.875 1052.4967041
1.78756621989 12080.875 1052.60888672
1.7938494052 11700.4375 1044.89111328
1.80013259051 12479.25 1046.50061035
1.80641577581 12856.1875 1040.00476074
1.81269896112 13230.5625 1039.49780273
1.81898214643 11599.875 1031.16772461
1.82526533174 13953.1875 1032.08056641
1.83154851704 13606.0 1027.88537598
1.83783170235 13044.4375 1023.6675415
1.84411488766 16101.0625 1023.09503174
1.85039807296 12456.4375 1016.85626221
1.85668125827 14132.4375 1014.13287354
1.86296444358 12853.5 1010.4956665
1.86924762889 15717.6875 1009.22052002
1.87553081419 15172.6875 1005.71875
1.8818139995 16746.25 1005.04351807
1.88809718481 14817.125 999.134033203
1.89438037011 17256.6875 999.49206543
1.90066355542 16537.0 992.616821289
1.90694674073 16382.5 991.549438477
1.91322992604 15225.4375 987.07598877
1.91951311134 18015.0625 985.403625488
1.92579629665 15995.875 981.604919434
1.93207948196 17834.0 978.236877441
1.93836266726 18202.4375 979.722167969
1.94464585257 20099.6875 975.255737305
1.95092903788 18872.125 972.083435059
1.95721222319 21227.0625 970.813720703
1.96349540849 22393.125 970.423217773
1.9697785938 20726.9375 965.020751953
1.97606177911 19337.6875 958.991271973
1.98234496442 22581.875 961.114868164
1.98862814972 21344.3125 957.018981934
1.99491133503 20963.5 952.933410645
2.00119452034 21569.375 951.01550293
2.00747770564 22636.8125 949.080810547
2.01376089095 21804.375 946.036132812
2.02004407626 23283.5 943.615661621
2.02632726157 24873.5 942.000305176
2.03261044687 23720.6875 938.66003418
2.03889363218 23582.875 937.036193848
2.04517681749 23430.5625 931.762145996
2.05146000279 24928.375 931.31427002
2.0577431881 25228.0625 928.825439453
2.06402637341 24654.5625 925.772460938
2.07030955872 26594.0625 924.425598145
2.07659274402 28025.5625 923.831787109
2.08287592933 27957.8125 922.331176758
2.08915911464 28605.1875 919.952087402
2.09544229994 28206.1875 914.39453125
2.10172548525 28861.625 915.421447754
2.10800867056 29003.6875 910.621398926
2.11429185587 28394.25 908.242431641
2.12057504117 30907.125 908.482299805
2.12685822648 31139.1875 905.585754395
2.13314141179 33109.5 905.288269043
2.13942459709 30705.25 899.491577148
2.1457077824 30829.0 897.557739258
2.15199096771 31400.625 896.67388916
2.15827415302 34397.9375 894.806274414
2.16455733832 33234.0625 893.761047363
2.17084052363 34369.3125 889.821716309
2.17712370894 33920.25 889.337036133
2.18340689424 34743.0625 886.892333984
2.18969007955 36261.8125 885.225402832
2.19597326486 34909.3125 881.296691895
2.20225645017 36244.25 881.123718262
2.20853963547 35198.5625 877.03137207
2.21482282078 37091.4375 876.621032715
2.22110600609 37970.875 874.361022949
2.2273891914 38632.1875 874.581970215
2.2336723767 38594.0 869.604553223
2.23995556201 37855.125 868.439697266
2.24623874732 38912.4375 865.976745605
2.25252193262 40517.6875 866.172729492
2.25880511793 40701.875 864.091918945
2.26508830324 40718.1875 860.291320801
2.27137148855 40970.1875 860.087463379
2.27765467385 42594.4375 857.557800293
2.28393785916 42941.3125 856.596374512
2.29022104447 43817.6875 855.558837891
2.29650422977 44233.6875 851.948852539
2.30278741508 44624.6875 852.99420166
2.30907060039 45162.125 848.398864746
2.3153537857 45346.0 848.110900879
2.321636971 45018.375 843.582641602
2.32792015631 46934.1875 845.486999512
2.33420334162 46484.75 842.366088867
2.34048652692 48208.875 841.044494629
2.34676971223 49427.9375 840.15057373
2.35305289754 49910.5625 838.584533691
2.35933608285 50356.625 837.065124512
2.36561926815 51430.375 837.066223145
2.37190245346 52259.3125 833.351745605
2.37818563877 52474.75 833.355529785
2.38446882407 51755.375 829.204589844
2.39075200938 54847.9375 831.201416016
2.39703519469 54105.5625 828.214233398
2.40331838 54018.8125 825.171936035
2.4096015653 55685.125 824.599304199
2.41588475061 57426.0625 824.798828125
2.42216793592 58286.625 822.69354248
2.42845112122 58150.0625 822.574462891
2.43473430653 59041.9375 819.334716797
2.44101749184 59272.5 818.716430664
2.44730067715 59713.5 815.428405762
2.45358386245 63307.75 819.196655273
2.45986704776 61644.625 813.630126953
2.46615023307 63998.8125 814.719787598
2.47243341838 64279.75 813.007507324
2.47871660368 64995.875 812.042053223
2.48499978899 65746.3125 809.773742676
2.4912829743 65013.625 807.216552734
2.4975661596 68465.6875 809.533935547
2.50384934491 68453.4375 806.295166016
2.51013253022 68020.375 804.268798828
2.51641571553 69810.875 804.456542969
2.52269890083 70068.5625 801.467834473
2.52898208614 73208.5 804.398132324
2.53526527145 72784.0625 800.579711914
2.54154845675 74082.1875 800.593994141
2.54783164206 74814.8125 798.744934082
2.55411482737 74607.9375 797.976013184
2.56039801268 77558.1875 797.899780273
2.56668119798 77718.75 795.117736816
2.57296438329 78219.5625 795.083740234
2.5792475686 80176.5625 794.815673828
2.5855307539 81028.6875 792.885559082
2.59181393921 82218.375 793.206298828
2.59809712452 83323.25 791.918518066
2.60438030983 84196.6875 791.598449707
2.61066349513 84682.4375 788.333374023
2.61694668044 86459.9375 789.928100586
2.62322986575 86995.6875 788.263183594
2.62951305105 87938.125 786.050415039
2.63579623636 89503.5 786.831481934
2.64207942167 91266.0625 786.004272461
2.64836260698 91730.5 784.909912109
2.65464579228 93087.1875 783.756652832
2.66092897759 95454.8125 784.524536133
2.6672121629 94302.3125 782.328613281
2.6734953482 96233.125 780.599060059
2.67977853351 98195.625 781.972717285
2.68606171882 100944.625 782.065185547
2.69234490413 100842.5625 780.973083496
2.69862808943 102936.375 780.701660156
2.70491127474 104190.75 780.489318848
2.71119446005 105397.3125 779.228393555
2.71747764536 107469.125 779.28515625
2.72376083066 109190.5625 778.828918457
2.73004401597 109862.75 777.254272461
2.73632720128 111992.8125 779.252807617
2.74261038658 112514.8125 776.969421387
2.74889357189 114657.5 776.281555176
2.7551767572 117264.5625 778.293029785
2.76145994251 118892.8125 776.705932617
2.76774312781 118845.375 775.816589355
2.77402631312 121440.8125 775.867797852
2.78030949843 122213.875 775.281799316
2.78659268373 124577.8125 775.690124512
2.79287586904 126241.375 775.414123535
2.79915905435 128741.5625 774.989868164
2.80544223966 128328.25 774.003234863
2.81172542496 130425.875 772.95526123
2.81800861027 133495.6875 776.640380859
2.82429179558 135437.625 773.346008301
2.83057498088 138296.0625 775.440979004
2.83685816619 139095.875 774.441772461
2.8431413515 140184.0625 773.935424805
2.84942453681 143273.4375 774.706604004
2.85570772211 143202.375 772.969604492
2.86199090742 146474.6875 774.372741699
2.86827409273 148178.125 773.905090332
2.87455727803 150977.6875 774.46307373
2.88084046334 151890.3125 774.121276855
2.88712364865 155400.625 774.89855957
2.89340683396 155269.25 774.022949219
2.89969001926 157826.5 773.859313965
2.90597320457 160868.875 775.217041016
2.91225638988 162932.5625 774.260498047
2.91853957518 165381.5625 775.854309082
2.92482276049 166637.125 774.515869141
2.9311059458 168744.1875 774.77130127
2.93738913111 171979.375 776.398010254
2.94367231641 173707.5625 775.785888672
2.94995550172 175645.3125 775.54119873
2.95623868703 177351.3125 776.34967041
2.96252187234 179256.0 774.971923828
2.96880505764 182240.875 776.811035156
2.97508824295 184156.4375 776.590759277
2.98137142826 187739.5 777.823242188
2.98765461356 189245.5625 777.195983887
2.99393779887 191924.5 778.420715332
3.00022098418 194185.125 778.849487305
3.00650416949 197649.0625 779.659545898
3.01278735479 200844.375 780.489868164
3.0190705401 201697.1875 780.048156738
3.02535372541 204514.25 779.87487793
3.03163691071 207899.0625 782.046508789
3.03792009602 209809.875 780.860778809
3.04420328133 213253.0625 783.167602539
3.05048646664 216261.125 783.783691406
3.05676965194 218626.5625 784.338745117
3.06305283725 222183.0 784.833618164
3.06933602256 224795.8125 786.179443359
3.07561920786 229333.0 787.191711426
3.08190239317 230146.9375 787.790710449
3.08818557848 235031.25 788.816040039
3.09446876379 236181.5 789.178649902
3.10075194909 238595.4375 788.237426758
3.1070351344 244396.5 792.855041504
3.11331831971 248480.5625 793.337097168
3.11960150501 250994.0 794.895935059
3.12588469032 254030.6875 794.441467285
3.13216787563 258979.375 797.802978516
3.13845106094 262993.875 799.137878418
3.14473424624 265003.625 798.723510742
3.15101743155 268505.5625 800.973449707
3.15730061686 272697.5625 801.769104004
3.16358380216 275177.1875 802.169128418
3.16986698747 278202.5625 803.58807373
3.17615017278 283839.3125 805.14239502
3.18243335809 286384.5 807.304931641
3.18871654339 290435.0625 807.323791504
3.1949997287 295701.8125 810.671081543
3.20128291401 296734.375 809.58795166
3.20756609932 302147.5625 813.356140137
3.21384928462 307286.375 814.036071777
3.22013246993 308984.875 815.958007812
3.22641565524 309886.875 817.011413574
3.23269884054 310939.9375 819.488098145
3.23898202585 314517.25 822.091003418
3.24526521116 315169.125 824.186401367
3.25154839647 316637.125 825.885864258
3.25783158177 315690.375 826.027832031
3.26411476708 318395.0 828.751037598
3.27039795239 319749.625 831.325561523
3.27668113769 321026.625 832.208251953
3.282964323 321947.125 834.587585449
3.28924750831 325216.5 837.958129883
3.29553069362 325085.625 838.776977539
3.30181387892 327627.0 841.163269043
3.30809706423 327443.75 843.183349609
3.31438024954 329386.75 844.592529297
3.32066343484 332282.375 848.504760742
3.32694662015 332611.875 849.595092773
3.33322980546 336912.875 853.372009277
3.33951299077 335389.5 853.520080566
3.34579617607 337974.875 856.782775879
3.35207936138 340314.0 859.475219727
3.35836254669 342362.5 862.631896973
3.36464573199 344035.625 864.848693848
3.3709289173 344433.75 865.452697754
3.37721210261 347081.25 869.852355957
3.38349528792 347810.0 870.096618652
3.38977847322 350079.375 873.843566895
3.39606165853 352506.0 877.215515137
3.40234484384 351822.625 877.365966797
3.40862802914 354809.125 881.609802246
3.41491121445 356475.875 882.23638916
3.42119439976 357621.625 886.65447998
3.42747758507 360905.0 888.695129395
3.43376077037 363160.625 892.351074219
3.44004395568 362849.25 893.379150391
3.44632714099 364290.0 895.9296875
3.4526103263 366728.5 898.239379883
3.4588935116 369141.625 902.983581543
3.46517669691 371569.0 904.808288574
3.47145988222 371238.75 906.663818359
3.47774306752 371996.5 907.769226074
3.48402625283 374775.375 912.145446777
3.49030943814 378774.5 917.142028809
3.49659262345 381209.375 918.712280273
3.50287580875 381758.625 922.522583008
3.50915899406 381370.5 922.745666504
3.51544217937 386001.375 927.817932129
3.52172536467 387352.875 930.547485352
3.52800854998 390288.625 934.372558594
3.53429173529 391578.25 936.792602539
3.5405749206 395593.875 940.805908203
3.5468581059 396851.625 945.158569336
3.55314129121 396051.125 943.23248291
3.55942447652 401764.0 952.159667969
3.56570766182 402441.375 953.122680664
3.57199084713 405005.25 957.178283691
3.57827403244 407725.375 960.34552002
3.58455721775 408376.125 963.3671875
3.59084040305 411663.625 967.74621582
3.59712358836 413450.625 970.438354492
3.60340677367 415689.25 973.567199707
3.60968995897 418474.375 978.97064209
3.61597314428 420459.25 980.420227051
3.62225632959 423554.25 986.37286377
3.6285395149 425855.375 989.338806152
3.6348227002 428622.625 993.304138184
3.64110588551 430919.75 996.419189453
3.64738907082 435127.0 1002.46722412
3.65367225612 435168.5 1005.29278564
3.65995544143 439993.75 1010.04351807
3.66623862674 441211.125 1012.92602539
3.67252181205 442971.125 1017.49243164
3.67880499735 447802.25 1022.50335693
3.68508818266 449577.625 1026.62060547
3.69137136797 452707.125 1031.07165527
3.69765455328 454819.0 1034.72253418
3.70393773858 457908.0 1039.69763184
3.71022092389 460880.375 1043.93164062
3.7165041092 464933.125 1049.703125
3.7227872945 466488.0 1053.45349121
3.72907047981 470683.75 1058.94226074
3.73535366512 473145.25 1063.71472168
3.74163685043 479039.625 1070.60632324
3.74792003573 479109.75 1073.11853027
3.75420322104 482892.875 1077.72509766
3.76048640635 485641.125 1083.6583252
3.76676959165 487891.25 1088.00744629
3.77305277696 492991.5 1095.18835449
3.77933596227 495805.5 1097.41210938
3.78561914758 497230.25 1104.25769043
3.79190233288 503673.5 1110.45117188
3.79818551819 506101.5 1116.07653809
3.8044687035 507762.125 1119.69726562
3.8107518888 511422.125 1126.36584473
3.81703507411 514918.875 1131.18798828
3.82331825942 518457.375 1136.88464355
3.82960144473 524057.75 1144.74450684
3.83588463003 523068.875 1147.44335938
3.84216781534 529763.75 1154.53466797
3.84845100065 532576.125 1161.55615234
3.85473418595 536144.25 1166.73095703
3.86101737126 540121.125 1173.84265137
3.86730055657 543287.0 1179.67907715
3.87358374188 547780.375 1185.79431152
3.87986692718 553270.25 1194.99145508
3.88615011249 556242.375 1199.00585938
3.8924332978 561945.875 1209.49743652
3.8987164831 562242.0 1211.16638184
3.90499966841 566720.25 1218.7767334
3.91128285372 573407.0 1230.16296387
3.91756603903 576449.375 1233.9942627
3.92384922433 579173.5 1241.02246094
3.93013240964 584890.25 1248.93127441
3.93641559495 590352.375 1259.41186523
3.94269878026 594242.25 1263.78808594
3.94898196556 596993.25 1270.85668945
3.95526515087 601386.125 1279.38378906
3.96154833618 606163.875 1288.0357666
3.96783152148 610508.0 1294.28100586
3.97411470679 616148.875 1305.17163086
3.9803978921 622528.125 1313.91223145
3.98668107741 624542.375 1321.34436035
3.99296426271 629309.75 1327.08764648
3.99924744802 635235.625 1339.50585938
4.00553063333 640247.125 1347.12866211
4.01181381863 643833.125 1355.10705566
4.01809700394 649095.25 1364.32250977
4.02438018925 654744.75 1374.54833984
4.03066337456 656712.5 1381.31323242
4.03694655986 661969.75 1389.34960938
4.04322974517 668968.125 1400.98083496
4.04951293048 670791.25 1408.71936035
4.05579611578 680238.25 1422.13098145
4.06207930109 684902.625 1432.93688965
4.0683624864 689166.625 1438.57336426
4.07464567171 694442.75 1452.97106934
4.08092885701 703238.375 1464.05187988
4.08721204232 705469.0 1471.12414551
4.09349522763 710060.125 1483.20690918
4.09977841293 716145.0 1493.64428711
4.10606159824 721863.875 1504.50720215
4.11234478355 729781.25 1518.95153809
4.11862796886 734559.875 1528.0098877
4.12491115416 739229.875 1541.9473877
4.13119433947 749510.75 1555.2520752
4.13747752478 751916.375 1565.00280762
4.14376071008 761416.875 1580.08105469
4.15004389539 763075.25 1588.56262207
4.1563270807 772875.5 1605.56079102
4.16261026601 778310.875 1616.66760254
4.16889345131 781955.25 1628.15869141
4.17517663662 787967.875 1640.86889648
4.18145982193 798760.625 1658.42041016
4.18774300724 802510.375 1669.5345459
4.19402619254 811894.625 1688.83605957
4.20030937785 815380.125 1699.38659668
4.20659256316 824330.25 1713.54992676
4.21287574846 826281.375 1728.15087891
4.21915893377 837273.625 1743.81420898
4.22544211908 842937.25 1758.76025391
4.23172530439 848160.625 1772.85205078
4.23800848969 857461.375 1793.07336426
4.244291675 863525.375 1806.83288574
4.25057486031 871109.5 1821.15356445
4.25685804561 878155.125 1841.84716797
4.26314123092 886117.875 1858.83447266
4.26942441623 893630.0 1876.3449707
4.27570760154 899334.875 1892.43029785
4.28199078684 907697.5 1911.42492676
4.28827397215 914365.875 1929.60388184
4.29455715746 923183.25 1947.73950195
4.30084034276 930510.75 1968.47827148
4.30712352807 936629.75 1985.89086914
4.31340671338 946206.0 2007.65710449
4.31968989869 947292.0 2022.83447266
4.32597308399 963911.125 2048.52563477
4.3322562693 966684.25 2066.62475586
4.33853945461 978171.0 2092.65405273
4.34482263991 983619.875 2108.98339844
4.35110582522 987884.75 2131.86645508
4.35738901053 1002974.75 2157.44677734
4.36367219584 1008667.75 2180.28344727
4.36995538114 1012907.5 2197.77905273
4.37623856645 1019951.125 2223.44238281
4.38252175176 1032959.5 2254.30786133
4.38880493706 1039007.5 2270.99975586
4.39508812237 1045372.125 2300.89794922
4.40137130768 1050919.5 2318.60888672
4.40765449299 1064993.5 2355.17260742
4.41393767829 1064412.75 2368.4753418
4.4202208636 1075549.625 2399.15161133
4.42650404891 1078595.25 2426.98779297
4.43278723422 1090611.25 2449.32250977
4.43907041952 1093628.125 2482.75878906
4.44535360483 1103589.0 2506.87304688
4.45163679014 1113359.125 2545.19262695
4.45791997544 1114601.75 2563.2355957
4.46420316075 1121815.75 2592.86157227
4.47048634606 1123753.5 2622.44677734
4.47676953137 1134361.5 2653.3972168
4.48305271667 1136928.625 2680.69140625
4.48933590198 1148558.25 2721.42114258
4.49561908729 1154758.625 2755.58422852
4.50190227259 1160879.0 2791.80029297
4.5081854579 1164755.125 2813.93237305
4.51446864321 1165414.75 2848.06445312
4.52075182852 1174442.25 2887.85058594
4.52703501382 1165413.875 2901.33422852
4.53331819913 1174031.25 2942.19555664
4.53960138444 1173296.25 2972.72143555
4.54588456974 1173419.75 3006.16821289
4.55216775505 1178566.375 3042.30004883
4.55845094036 1188117.75 3086.20751953
4.56473412567 1187098.625 3120.9140625
4.57101731097 1180459.75 3135.80371094
4.57730049628 1194155.25 3184.79736328
4.58358368159 1199629.625 3225.80957031
4.58986686689 1205139.125 3264.28320312
4.5961500522 1209545.375 3301.27124023
4.60243323751 1209651.375 3331.5078125
4.60871642282 1222171.625 3379.3034668
4.61499960812 1219359.75 3411.64746094
4.62128279343 1236574.5 3464.83984375
4.62756597874 1240637.375 3506.71923828
4.63384916404 1241124.5 3538.4934082
4.64013234935 1256632.375 3601.88671875
4.64641553466 1261381.25 3636.30053711
4.65269871997 1267123.0 3678.16455078
4.65898190527 1278847.75 3737.36474609
4.66526509058 1283358.5 3777.99560547
4.67154827589 1291245.625 3822.38793945
4.6778314612 1295261.125 3863.86645508
4.6841146465 1306449.25 3927.88525391
4.69039783181 1309770.875 3963.50537109
4.69668101712 1317087.375 4008.8347168
4.70296420242 1330596.625 4083.20117188
4.70924738773 1339900.125 4137.33691406
4.71553057304 1341943.125 4167.90820312
4.72181375835 1349085.25 4226.01660156
4.72809694365 1355301.875 4278.87792969
4.73438012896 1374766.875 4358.47802734
4.74066331427 1382394.625 4404.77099609
4.74694649957 1386350.375 4464.33544922
4.75322968488 1400143.625 4529.04101562
4.75951287019 1400623.625 4573.13671875
4.7657960555 1419755.125 4658.89257812
4.7720792408 1433480.125 4727.09960938
4.77836242611 1433426.875 4776.76220703
4.78464561142 1448001.875 4855.25830078
4.79092879672 1460948.875 4915.81103516
4.79721198203 1467439.125 4991.41845703
4.80349516734 1482897.875 5081.84912109
4.80977835265 1471141.125 5087.61279297
4.81606153795 1505086.125 5220.16015625
4.82234472326 1507998.125 5281.24609375
4.82862790857 1519225.875 5367.73144531
4.83491109387 1527378.625 5413.40429688
4.84119427918 1537989.125 5513.35253906
4.84747746449 1560579.875 5628.75683594
4.8537606498 1562850.875 5681.27734375
4.8600438351 1573003.375 5755.28710938
4.86632702041 1591647.375 5878.53710938
4.87261020572 1595948.625 5940.70507812
4.87889339102 1609549.375 6032.75341797
4.88517657633 1629580.625 6145.55419922
4.89145976164 1628550.375 6223.78759766
4.89774294695 1646378.125 6330.27148438
4.90402613225 1662857.875 6428.82666016
4.91030931756 1674749.625 6538.50683594
4.91659250287 1696735.375 6671.36621094
4.92287568818 1715685.875 6797.25244141
4.92915887348 1721584.375 6879.40332031
4.93544205879 1728146.625 6962.66601562
4.9417252441 1754143.125 7143.3203125
4.9480084294 1773491.125 7272.54003906
4.95429161471 1778389.125 7341.77636719
4.96057480002 1792766.125 7494.15527344
4.96685798533 1807764.375 7644.7734375
4.97314117063 1822209.375 7729.65820312
4.97942435594 1831062.875 7849.31591797
4.98570754125 1859006.375 8061.23779297
4.99199072655 1893147.875 8272.72949219
4.99827391186 1897744.625 8327.51464844
5.00455709717 1916866.625 8522.40722656
5.01084028248 1940953.125 8722.30859375
5.01712346778 1936254.875 8824.96875
5.02340665309 1968233.875 8972.30566406
5.0296898384 1988875.625 9199.90039062
5.0359730237 1980982.625 9302.54785156
5.04225620901 2021978.625 9539.22167969
5.04853939432 2029597.625 9697.11328125
5.05482257963 2072614.125 9968.57519531
5.06110576493 2091696.375 10240.4335938
5.06738895024 2099921.0 10290.1074219
5.07367213555 2108846.5 10511.7939453
5.07995532085 2157141.0 10874.5957031
5.08623850616 2170981.0 11065.2841797
5.09252169147 2192419.5 11254.8027344
5.09880487678 2212267.5 11496.4521484
5.10508806208 2231336.0 11801.7822266
5.11137124739 2261891.5 12072.2089844
5.1176544327 2309087.5 12379.9560547
5.123937618 2316836.5 12649.6171875
5.13022080331 2328638.0 12910.6162109
5.13650398862 2357753.0 13192.2900391
5.14278717393 2414632.5 13593.1865234
5.14907035923 2395523.0 13837.5986328
5.15535354454 2438146.5 14314.4267578
5.16163672985 2460194.0 14424.5097656
5.16791991516 2496939.0 14897.0126953
5.17420310046 2523168.0 15331.9697266
5.18048628577 2557450.0 15808.078125
5.18676947108 2549602.0 15859.0136719
5.19305265638 2628355.0 16628.2695312
5.19933584169 2630724.5 16981.6191406
5.205619027 2657021.0 17368.6015625
5.21190221231 2663412.0 17644.578125
5.21818539761 2731943.5 18436.5644531
5.22446858292 2772821.5 19152.453125
5.23075176823 2808421.0 19396.4082031
5.23703495353 2804904.0 19799.9589844
5.24331813884 2874609.5 20832.1015625
5.24960132415 2858616.0 21252.1757812
5.25588450946 2925602.0 21592.3183594
5.26216769476 2940704.5 22261.2832031
5.26845088007 2974526.0 23317.7304688
5.27473406538 3020162.0 24069.5429688
5.28101725068 3043494.0 24306.921875
5.28730043599 3092788.5 25437.9648438
5.2935836213 3162988.0 26687.8886719
5.29986680661 3147898.0 27160.3964844
5.30614999191 3252107.0 28275.6289062
5.31243317722 3248383.0 29128.7070312
5.31871636253 3329335.5 30890.7421875
5.32499954783 3382780.0 31338.3125
5.33128273314 3382059.0 32434.1660156
5.33756591845 3425456.0 34099.3828125
5.34384910376 3468878.0 35677.71875
5.35013228906 3544845.0 35760.4804688
5.35641547437 3530215.0 37873.9921875
5.36269865968 3567696.5 40020.734375
5.36898184498 3606554.0 41120.6015625
5.37526503029 3686515.5 41558.484375
5.3815482156 3760804.0 45611.8945312
5.38783140091 3806380.0 49180.8632812
5.39411458621 3808498.5 48176.2695312
5.40039777152 3891535.0 49927.3789062
5.40668095683 3898226.0 54402.1484375
5.41296414214 4007919.5 61323.9804688
5.41924732744 4092020.0 58022.5429688
5.42553051275 4076044.0 60760.3359375
5.43181369806 4296114.5 70332.65625
5.43809688336 4156792.0 77192.2265625
5.44438006867 4139250.5 68768.0
5.45066325398 4504699.0 79720.0546875
5.45694643929 4487083.0 90455.6171875
5.46322962459 4507258.5 102464.117188
5.4695128099 4469433.5 91306.9140625
5.47579599521 4578389.0 100948.0625
5.48207918051 4733098.5 125701.921875
5.48836236582 4597623.5 133044.984375
5.49464555113 4841171.5 129630.570312
5.50092873644 5015379.5 147363.53125
5.50721192174 4669420.0 204800.3125
5.51349510705 5295593.0 186718.40625
5.51977829236 5385997.0 210778.21875
5.52606147766 5203383.0 237065.578125
5.53234466297 5301750.5 387415.71875
5.53862784828 5506000.5 327246.40625
5.54491103359 5483198.5 411973.34375
5.55119421889 5939189.5 599581.125
5.5574774042 7499134.5 1433807.75
5.56376058951 6239067.0 1318440.25
5.57004377481 3758932.5 2403424.5
