0.00942477796077 418403.875 186082.265625
0.0157079632679 451409.4375 122539.304688
0.0219911485751 243086.78125 55760.703125
0.0282743338823 250871.65625 46539.0625
0.0345575191895 227420.90625 33520.8984375
0.0408407044967 176882.96875 28011.5039062
0.0471238898038 159901.28125 21470.0683594
0.053407075111 186788.75 21112.0839844
0.0596902604182 156679.9375 16918.5507812
0.0659734457254 151356.3125 15499.5498047
0.0722566310326 157750.75 14389.0058594
0.0785398163397 124136.5625 12001.4433594
0.0848230016469 106592.6875 10441.0634766
0.0911061869541 105558.09375 10052.0195312
0.0973893722613 88858.9375 8707.76074219
0.103672557568 97828.375 8617.27929688
0.109955742876 90892.78125 7751.09326172
0.116238928183 86407.03125 7359.40283203
0.12252211349 62792.53125 6419.03564453
0.128805298797 71660.59375 6315.44189453
0.135088484104 65943.875 5937.41455078
0.141371669412 64299.3125 5628.04736328
0.147654854719 68250.625 5416.68798828
0.153938040026 62440.5 5188.53320312
0.160221225333 48748.03125 4668.23925781
0.16650441064 52730.28125 4613.97558594
0.172787595947 57730.75 4452.72216797
0.179070781255 52283.5 4341.58203125
0.185353966562 50184.0625 4052.00317383
0.191637151869 39225.9375 3871.47729492
0.197920337176 47551.9375 3755.36816406
0.204203522483 43080.875 3651.68530273
0.210486707791 39578.3125 3460.54443359
0.216769893098 35826.25 3341.42407227
0.223053078405 38121.625 3264.04711914
0.229336263712 37237.21875 3170.44970703
0.235619449019 37423.34375 3095.26245117
0.241902634326 35348.25 2983.02514648
0.248185819634 39002.625 2938.73535156
0.254469004941 32896.4375 2827.34350586
0.260752190248 27120.90625 2678.89306641
0.267035375555 30427.09375 2661.67431641
0.273318560862 30997.375 2585.50390625
0.279601746169 31265.46875 2546.15576172
0.285884931477 30540.46875 2480.64770508
0.292168116784 29158.40625 2432.92236328
0.298451302091 25108.96875 2326.00830078
0.304734487398 25081.84375 2288.65307617
0.311017672705 25040.125 2230.25048828
0.317300858013 26187.84375 2209.43579102
0.32358404332 22516.96875 2117.02514648
0.329867228627 23462.78125 2104.81738281
0.336150413934 25477.125 2063.12939453
0.342433599241 21793.90625 2025.66845703
0.348716784548 18208.28125 1935.14440918
0.354999969856 19869.875 1928.97192383
0.361283155163 19838.3125 1896.31262207
0.36756634047 17700.53125 1836.31713867
0.373849525777 21716.28125 1844.20568848
0.380132711084 20380.875 1792.29602051
0.386415896392 19895.125 1770.79382324
0.392699081699 19475.96875 1741.8449707
0.398982267006 17463.0 1682.53723145
0.405265452313 17354.40625 1684.2824707
0.41154863762 15530.875 1619.12036133
0.417831822927 15360.6875 1618.21057129
0.424115008235 13361.0 1569.0123291
0.430398193542 12652.28125 1541.4432373
0.436681378849 13818.71875 1530.08093262
0.442964564156 17057.375 1528.63842773
0.449247749463 13158.09375 1484.6817627
0.455530934771 12228.6875 1457.93054199
0.461814120078 13534.34375 1433.4765625
0.468097305385 11880.09375 1422.50073242
0.474380490692 14383.09375 1404.56689453
0.480663675999 12278.03125 1385.26599121
0.486946861306 13546.9375 1370.03283691
0.493230046614 9711.28125 1334.42041016
0.499513231921 9711.125 1316.7734375
0.505796417228 9380.328125 1300.69702148
0.512079602535 11311.40625 1290.23583984
0.518362787842 13498.03125 1281.01757812
0.524645973149 10945.8125 1260.62719727
0.530929158457 11571.46875 1250.12805176
0.537212343764 11488.96875 1227.94665527
0.543495529071 7841.890625 1202.1484375
0.549778714378 10196.84375 1196.20739746
0.556061899685 8534.453125 1184.39807129
0.562345084993 8776.828125 1157.09912109
0.5686282703 8610.4375 1151.85375977
0.574911455607 8914.859375 1141.13781738
0.581194640914 6550.0 1117.08764648
0.587477826221 8163.203125 1112.45947266
0.593761011528 8959.453125 1105.20153809
0.600044196836 9129.9375 1091.98498535
0.606327382143 8445.734375 1082.64343262
0.61261056745 6894.796875 1058.78674316
0.618893752757 5279.25 1044.25646973
0.625176938064 6805.921875 1039.53076172
0.631460123372 7477.25 1033.99719238
0.637743308679 5953.78125 1012.8024292
0.644026493986 4979.09375 1004.56665039
0.650309679293 5573.046875 992.972167969
0.6565928646 6444.296875 989.435668945
0.662876049907 5553.78125 975.844421387
0.669159235215 4952.5 965.637390137
0.675442420522 6509.203125 958.591674805
0.681725605829 4110.8125 947.797058105
0.688008791136 5140.09375 935.888916016
0.694291976443 5949.484375 937.45690918
0.700575161751 5205.703125 918.40246582
0.706858347058 4543.703125 912.930419922
0.713141532365 4063.203125 900.842834473
0.719424717672 4865.328125 896.439575195
0.725707902979 3939.9375 885.157714844
0.731991088286 5290.828125 883.662719727
0.738274273594 3845.90625 869.534484863
0.744557458901 5428.4375 870.606140137
0.750840644208 5975.0625 863.478088379
0.757123829515 3215.078125 846.186950684
0.763407014822 4427.953125 843.285827637
0.769690200129 3501.203125 834.680053711
0.775973385437 3962.53125 826.378845215
0.782256570744 3608.3125 821.341796875
0.788539756051 5532.796875 818.094848633
0.794822941358 3921.3125 813.878295898
0.801106126665 4001.125 801.109191895
0.807389311973 4890.625 800.227355957
0.81367249728 2181.921875 783.247375488
0.819955682587 2863.6875 781.225097656
0.826238867894 3693.34375 777.14465332
0.832522053201 1822.296875 764.883300781
0.838805238508 2644.125 760.582214355
0.845088423816 3429.75 762.795166016
0.851371609123 2770.34375 750.95715332
0.85765479443 2537.953125 744.783874512
0.863937979737 1869.203125 738.754394531
0.870221165044 1954.109375 732.71295166
0.876504350352 1550.34375 727.610168457
0.882787535659 3024.796875 724.426330566
0.889070720966 1396.5 716.718505859
0.895353906273 2286.5 714.016174316
0.90163709158 1495.34375 704.811035156
0.907920276887 2224.5625 704.651550293
0.914203462195 1745.015625 694.818359375
0.920486647502 2111.8125 695.130554199
0.926769832809 445.890625 683.144592285
0.933053018116 1261.875 682.043640137
0.939336203423 315.796875 673.49609375
0.945619388731 1426.484375 675.425048828
0.951902574038 1882.296875 669.537597656
0.958185759345 567.953125 663.40057373
0.964468944652 377.203125 654.873535156
0.970752129959 690.421875 654.583862305
0.977035315266 873.453125 650.328430176
0.983318500574 1134.828125 647.536743164
0.989601685881 1264.015625 642.788818359
0.995884871188 294.203125 635.793029785
1.0021680565 842.453125 633.734191895
1.0084512418 54.703125 629.143920898
1.01473442711 -421.0625 621.246032715
1.02101761242 246.984375 620.298583984
1.02730079772 0.25 616.644470215
1.03358398303 79.4375 612.172241211
1.03986716834 302.671875 609.167297363
1.04615035365 329.359375 606.777832031
1.05243353895 95.0625 601.104003906
1.05871672426 121.640625 599.563659668
1.06499990957 -23.0625 593.040344238
1.07128309487 342.125 591.84161377
1.07756628018 34.5 587.200622559
1.08384946549 -229.296875 583.77923584
1.0901326508 189.65625 581.187316895
1.0964158361 598.703125 578.441040039
1.10269902141 -89.5625 573.354858398
1.10898220672 44.046875 571.691589355
1.11526539202 288.84375 569.137023926
1.12154857733 -230.859375 563.819152832
1.12783176264 -451.21875 559.423278809
1.13411494795 249.46875 558.461669922
1.14039813325 596.53125 557.395080566
1.14668131856 56.125 551.796875
1.15296450387 118.296875 548.002807617
1.15924768917 -661.8125 545.461791992
1.16553087448 -379.96875 541.807128906
1.17181405979 -377.109375 539.803100586
1.1780972451 -1530.640625 532.525268555
1.1843804304 -287.5625 535.778076172
1.19066361571 -831.515625 529.239257812
1.19694680102 376.828125 530.832702637
1.20322998632 -925.515625 522.46472168
1.20951317163 -91.515625 524.660644531
1.21579635694 -408.921875 518.928222656
1.22207954225 63.28125 518.594482422
1.22836272755 -543.390625 513.367431641
1.23464591286 -11.359375 512.493835449
1.24092909817 293.125 512.070861816
1.24721228348 17.25 507.134887695
1.25349546878 -263.71875 504.247802734
1.25977865409 225.390625 503.11920166
1.2660618394 760.90625 501.142303467
1.2723450247 63.8125 498.164550781
1.27862821001 -694.6875 492.709686279
1.28491139532 561.3125 494.760101318
1.29119458063 548.25 489.870544434
1.29747776593 -662.53125 487.38079834
1.30376095124 59.4375 485.580841064
1.31004413655 351.625 484.297180176
1.31632732185 -884.015625 478.813140869
1.32261050716 162.5 479.104034424
1.32889369247 885.5 478.202484131
1.33517687778 -87.59375 474.000549316
1.34146006308 107.578125 470.968597412
1.34774324839 -935.609375 468.623352051
1.3540264337 316.015625 468.289642334
1.360309619 -14.125 465.149627686
1.36659280431 -1077.03125 461.534454346
1.37287598962 -557.265625 459.46295166
1.37915917493 -350.921875 458.938201904
1.38544236023 -251.96875 456.453186035
1.39172554554 29.578125 454.453613281
1.39800873085 -745.828125 451.742370605
1.40429191615 -90.59375 450.14151001
1.41057510146 -730.515625 447.842681885
1.41685828677 -1021.421875 444.409240723
1.42314147208 -343.84375 445.027496338
1.42942465738 -422.109375 441.457458496
1.43570784269 -768.15625 439.769989014
1.441991028 -110.34375 438.190612793
1.4482742133 -276.296875 437.45715332
1.45455739861 -188.90625 434.447692871
1.46084058392 158.78125 433.630859375
1.46712376923 -184.9375 430.669433594
1.47340695453 -202.234375 429.734649658
1.47969013984 293.78125 428.136199951
1.48597332515 517.96875 426.952697754
1.49225651046 537.234375 425.293487549
1.49853969576 222.578125 423.53793335
1.50482288107 -130.421875 419.686309814
1.51110606638 829.15625 420.570831299
1.51738925168 -89.96875 416.636444092
1.52367243699 1002.40625 417.113220215
1.5299556223 -44.171875 413.261413574
1.53623880761 291.953125 412.327392578
1.54252199291 -554.734375 409.806793213
1.54880517822 138.8125 409.274139404
1.55508836353 668.796875 407.293457031
1.56137154883 312.390625 406.747467041
1.56765473414 345.421875 404.236236572
1.57393791945 178.9375 402.435516357
1.58022110476 622.046875 401.226623535
1.58650429006 -256.15625 398.912841797
1.59278747537 542.921875 398.587921143
1.59907066068 341.953125 395.767913818
1.60535384598 868.765625 395.583984375
1.61163703129 243.53125 393.471313477
1.6179202166 341.109375 391.775421143
1.62420340191 728.828125 390.806976318
1.63048658721 86.75 388.40637207
1.63676977252 778.453125 387.893127441
1.64305295783 959.453125 386.707641602
1.64933614313 841.140625 385.499450684
1.65561932844 1119.671875 383.471130371
1.66190251375 1181.78125 383.041870117
1.66818569906 478.3125 379.459014893
1.67446888436 1529.625 381.105224609
1.68075206967 1016.296875 378.069610596
1.68703525498 1614.546875 377.123046875
1.69331844028 1448.078125 375.730224609
1.69960162559 663.46875 374.309844971
1.7058848109 1338.09375 372.19644165
1.71216799621 1874.296875 372.859161377
1.71845118151 1829.1875 370.527587891
1.72473436682 1299.265625 369.406951904
1.73101755213 1634.859375 368.023101807
1.73730073744 1167.625 365.579406738
1.74358392274 1673.375 366.126525879
1.74986710805 2142.265625 364.679229736
1.75615029336 1572.9375 362.554107666
1.76243347866 1687.78125 361.655609131
1.76871666397 1721.25 360.168426514
1.77499984928 2248.25 360.038879395
1.78128303459 2373.078125 358.207183838
1.78756621989 2045.34375 357.501678467
1.7938494052 1834.953125 354.767272949
1.80013259051 2149.046875 355.383056641
1.80641577581 2046.921875 352.858154297
1.81269896112 2095.953125 352.578094482
1.81898214643 2302.046875 350.797821045
1.82526533174 2038.828125 349.647216797
1.83154851704 1976.25 348.301300049
1.83783170235 2143.796875 347.360198975
1.84411488766 2433.296875 346.150817871
1.85039807296 2570.78125 345.8984375
1.85668125827 2287.375 343.820343018
1.86296444358 2922.390625 344.026397705
1.86924762889 2718.71875 342.012756348
1.87553081419 2439.46875 340.699707031
1.8818139995 2560.890625 339.922424316
1.88809718481 3039.84375 339.426391602
1.89438037011 2832.75 338.176239014
1.90066355542 3129.28125 336.560943604
1.90694674073 2820.109375 335.86126709
1.91322992604 3109.9375 335.24005127
1.91951311134 2899.75 333.16217041
1.92579629665 3329.484375 333.327056885
1.93207948196 3363.453125 331.41897583
1.93836266726 3385.8125 331.789306641
1.94464585257 3800.3125 329.983123779
1.95092903788 3703.65625 329.31942749
1.95721222319 3813.078125 328.008422852
1.96349540849 3941.34375 327.53717041
1.9697785938 3902.4375 326.379943848
1.97606177911 4524.96875 325.724945068
1.98234496442 4305.109375 324.774841309
1.98862814972 4559.71875 324.23928833
1.99491133503 4627.375 323.102233887
2.00119452034 4190.0625 321.646636963
2.00747770564 4512.9375 320.944610596
2.01376089095 4619.515625 320.39855957
2.02004407626 4566.953125 318.892272949
2.02632726157 4597.484375 317.720153809
2.03261044687 5005.46875 317.57611084
2.03889363218 4647.859375 316.643829346
2.04517681749 5324.03125 315.752655029
2.05146000279 5469.0 315.157928467
2.0577431881 5528.71875 314.264923096
2.06402637341 6097.875 314.159057617
2.07030955872 5826.6875 312.577575684
2.07659274402 5284.140625 311.1378479
2.08287592933 5939.84375 311.450073242
2.08915911464 5713.125 310.111968994
2.09544229994 5634.453125 308.305175781
2.10172548525 6226.046875 309.094146729
2.10800867056 5905.15625 307.03515625
2.11429185587 6157.546875 306.776062012
2.12057504117 6340.40625 306.069702148
2.12685822648 6860.890625 305.615020752
2.13314141179 6919.828125 304.80267334
2.13942459709 6804.640625 303.66394043
2.1457077824 7256.671875 303.490386963
2.15199096771 7156.40625 302.849212646
2.15827415302 7429.609375 301.361572266
2.16455733832 7272.921875 301.28237915
2.17084052363 7829.140625 300.154510498
2.17712370894 7380.484375 299.648406982
2.18340689424 8212.015625 299.461303711
2.18969007955 7950.109375 298.012115479
2.19597326486 8296.09375 297.603851318
2.20225645017 8499.375 297.263519287
2.20853963547 8590.328125 296.386566162
2.21482282078 8762.921875 295.719268799
2.22110600609 8484.6875 294.308654785
2.2273891914 9313.796875 295.066497803
2.2336723767 9258.84375 293.340057373
2.23995556201 9501.15625 293.497711182
2.24623874732 9912.125 292.725189209
2.25252193262 10061.875 292.354034424
2.25880511793 10078.6875 291.601318359
2.26508830324 10267.125 290.520965576
2.27137148855 10217.5625 290.303344727
2.27765467385 10387.875 289.034057617
2.28393785916 10907.125 289.151611328
2.29022104447 11159.9375 288.754272461
2.29650422977 11516.5625 287.77154541
2.30278741508 11139.0 287.568847656
2.30907060039 11196.15625 285.885162354
2.3153537857 11675.6875 286.240539551
2.321636971 12241.125 285.441040039
2.32792015631 12165.0625 285.304656982
2.33420334162 12625.03125 284.908782959
2.34048652692 12010.59375 283.179779053
2.34676971223 13087.0625 283.589874268
2.35305289754 12748.28125 282.526916504
2.35933608285 13245.34375 282.383483887
2.36561926815 13575.09375 282.349395752
2.37190245346 13500.71875 280.722930908
2.37818563877 14212.8125 281.398895264
2.38446882407 14111.65625 280.146179199
2.39075200938 14049.4375 279.659423828
2.39703519469 14213.84375 279.087768555
2.40331838 14655.84375 278.553894043
2.4096015653 14949.46875 278.080963135
2.41588475061 14701.15625 277.281463623
2.42216793592 15478.46875 277.07824707
2.42845112122 14830.75 276.415985107
2.43473430653 15048.5 275.243011475
2.44101749184 15604.15625 275.526733398
2.44730067715 16299.5625 274.979675293
2.45358386245 16446.625 275.160919189
2.45986704776 16933.6875 274.355865479
2.46615023307 16651.71875 273.629699707
2.47243341838 17395.125 273.712799072
2.47871660368 17215.4375 272.96194458
2.48499978899 17645.625 272.37890625
2.4912829743 18386.375 272.51171875
2.4975661596 18485.59375 272.223144531
2.50384934491 18311.34375 270.963867188
2.51013253022 19367.875 271.483093262
2.51641571553 19282.8125 270.859436035
2.52269890083 19378.65625 269.862182617
2.52898208614 19375.75 269.796844482
2.53526527145 20013.4375 269.286895752
2.54154845675 20285.71875 269.129547119
2.54783164206 20618.71875 268.593231201
2.55411482737 20848.9375 268.629272461
2.56039801268 21124.625 267.901184082
2.56668119798 21391.28125 267.174621582
2.57296438329 21203.34375 266.815948486
2.5792475686 21848.21875 266.714477539
2.5855307539 22246.40625 266.175506592
2.59181393921 22374.09375 266.020263672
2.59809712452 23084.34375 265.916107178
2.60438030983 23384.34375 265.815155029
2.61066349513 23438.0625 264.613830566
2.61694668044 24078.1875 265.190856934
2.62322986575 24403.90625 264.771331787
2.62951305105 24783.03125 264.087677002
2.63579623636 24914.84375 263.975097656
2.64207942167 25772.8125 263.950500488
2.64836260698 25954.53125 263.60736084
2.65464579228 26632.9375 263.430297852
2.66092897759 26984.0625 263.26953125
2.6672121629 27105.53125 263.010650635
2.6734953482 27573.09375 262.259185791
2.67977853351 28302.0 262.785766602
2.68606171882 27983.125 261.657684326
2.69234490413 29039.21875 262.307952881
2.69862808943 29724.5 262.20010376
2.70491127474 29541.53125 261.568511963
2.71119446005 30481.28125 261.640869141
2.71747764536 30366.34375 260.91229248
2.72376083066 31041.4375 260.850402832
2.73004401597 31690.6875 260.712036133
2.73632720128 31529.1875 260.578796387
2.74261038658 32455.5 260.502410889
2.74889357189 32693.09375 259.833770752
2.7551767572 33567.75 260.50894165
2.76145994251 33808.90625 259.70211792
2.76774312781 34770.28125 260.290100098
2.77402631312 34737.4375 259.491027832
2.78030949843 35275.375 259.54699707
2.78659268373 35797.375 259.441253662
2.79287586904 36589.65625 259.560760498
2.79915905435 37068.09375 259.097991943
2.80544223966 36958.6875 258.793884277
2.81172542496 37727.40625 258.503448486
2.81800861027 38724.8125 259.709838867
2.82429179558 38895.6875 258.184234619
2.83057498088 40239.90625 259.228912354
2.83685816619 39903.21875 258.361206055
2.8431413515 41300.21875 259.104034424
2.84942453681 41472.78125 258.604278564
2.85570772211 42163.65625 258.651641846
2.86199090742 42269.75 258.25479126
2.86827409273 43280.90625 258.486022949
2.87455727803 43956.46875 258.44619751
2.88084046334 44742.6875 258.751373291
2.88712364865 45004.5 258.220123291
2.89340683396 45933.28125 258.771575928
2.89969001926 46474.21875 258.445404053
2.90597320457 47228.75 258.673187256
2.91225638988 48203.125 258.599761963
2.91853957518 48504.28125 258.687957764
2.92482276049 49296.15625 258.561431885
2.9311059458 49349.84375 258.091247559
2.93738913111 51055.40625 259.169128418
2.94367231641 51969.84375 259.252197266
2.94995550172 52817.53125 259.340393066
2.95623868703 53199.625 259.450897217
2.96252187234 54070.84375 259.188873291
2.96880505764 55141.53125 259.865112305
2.97508824295 55475.71875 259.533050537
2.98137142826 56186.96875 259.536132812
2.98765461356 57342.84375 259.874816895
2.99393779887 58521.3125 260.521057129
3.00022098418 58426.4375 259.952789307
3.00650416949 59750.15625 260.362884521
3.01278735479 61366.96875 261.097442627
3.0190705401 61603.0 260.908843994
3.02535372541 62148.1875 260.522064209
3.03163691071 63363.375 261.31741333
3.03792009602 63895.65625 260.833679199
3.04420328133 65263.3125 261.783416748
3.05048646664 66011.53125 261.777862549
3.05676965194 66675.96875 261.860290527
3.06305283725 68030.5625 262.162261963
3.06933602256 68696.0 262.442382812
3.07561920786 70316.5625 262.866607666
3.08190239317 70848.46875 263.278411865
3.08818557848 71674.625 262.967132568
3.09446876379 72755.625 263.653411865
3.10075194909 73726.40625 263.471679688
3.1070351344 74956.625 264.442749023
3.11331831971 75455.375 263.908752441
3.11960150501 76932.34375 264.942687988
3.12588469032 78856.78125 265.522216797
3.13216787563 78722.34375 265.213806152
3.13845106094 80948.9375 266.37008667
3.14473424624 81325.375 265.998199463
3.15101743155 83398.28125 267.469421387
3.15730061686 83624.125 266.803283691
3.16358380216 85253.90625 267.573791504
3.16986698747 86500.1875 268.234741211
3.17615017278 87468.46875 268.033599854
3.18243335809 89322.96875 269.547668457
3.18871654339 89538.875 268.661346436
3.1949997287 91480.4375 269.923492432
3.20128291401 92596.25 270.167175293
3.20756609932 93983.15625 271.096405029
3.21384928462 95644.90625 271.283294678
3.22013246993 96636.8125 272.255828857
3.22641565524 96726.90625 272.442840576
3.23269884054 96956.75 273.173919678
3.23898202585 97113.75 273.23236084
3.24526521116 97709.78125 274.225830078
3.25154839647 98400.625 274.949859619
3.25783158177 98054.625 274.972991943
3.26411476708 98711.78125 275.68862915
3.27039795239 99668.4375 276.942932129
3.27668113769 99736.8125 276.956268311
3.282964323 100279.3125 277.934173584
3.28924750831 100583.0 278.437591553
3.29553069362 101468.4375 279.442962646
3.30181387892 102234.78125 280.174530029
3.30809706423 101727.375 280.493927002
3.31438024954 102774.4375 281.279968262
3.32066343484 103157.53125 282.121826172
3.32694662015 104112.21875 283.155334473
3.33322980546 104823.21875 283.840240479
3.33951299077 105324.375 284.691314697
3.34579617607 105353.96875 285.116119385
3.35207936138 105978.0 285.889007568
3.35836254669 106109.625 286.499847412
3.36464573199 106688.09375 287.254333496
3.3709289173 107806.125 288.243530273
3.37721210261 107776.59375 288.977935791
3.38349528792 108729.15625 289.628692627
3.38977847322 108773.09375 290.304290771
3.39606165853 108716.0625 290.729766846
3.40234484384 110152.25 292.118835449
3.40862802914 110593.40625 293.085327148
3.41491121445 111346.5625 293.454162598
3.42119439976 111935.375 295.091949463
3.42747758507 111841.0 294.810546875
3.43376077037 112677.53125 296.094909668
3.44004395568 113106.0625 296.867889404
3.44632714099 113923.53125 297.990844727
3.4526103263 114381.0 298.471435547
3.4588935116 114841.8125 299.769561768
3.46517669691 115255.03125 300.054992676
3.47145988222 115789.8125 301.197235107
3.47774306752 117058.5625 302.396606445
3.48402625283 117836.0625 303.732849121
3.49030943814 118085.65625 304.507629395
3.49659262345 119110.65625 305.206848145
3.50287580875 119483.65625 306.629699707
3.50915899406 120021.65625 307.253967285
3.51544217937 121078.875 308.542572021
3.52172536467 121758.53125 309.640716553
3.52800854998 121270.9375 309.700195312
3.53429173529 122888.0625 311.489349365
3.5405749206 123196.75 311.9715271
3.5468581059 123895.0625 313.649200439
3.55314129121 124782.4375 313.969451904
3.55942447652 125590.3125 316.026885986
3.56570766182 126346.21875 316.790588379
3.57199084713 126881.125 317.872711182
3.57827403244 127457.75 318.65057373
3.58455721775 128196.84375 320.093017578
3.59084040305 129259.3125 321.522888184
3.59712358836 129655.28125 322.250610352
3.60340677367 130604.71875 323.463562012
3.60968995897 131099.28125 324.893951416
3.61597314428 132188.34375 325.739471436
3.62225632959 132410.28125 327.032073975
3.6285395149 133105.5625 327.95791626
3.6348227002 134285.8125 329.496398926
3.64110588551 135389.1875 330.820800781
3.64738907082 135809.0 331.993530273
3.65367225612 136722.1875 333.700378418
3.65995544143 137482.84375 334.555877686
3.66623862674 138681.75 336.194458008
3.67252181205 139582.96875 337.983337402
3.67880499735 140124.84375 338.730957031
3.68508818266 141639.5625 340.896270752
3.69137136797 142029.875 341.812103271
3.69765455328 143596.40625 343.774291992
3.70393773858 143595.5 344.533874512
3.71022092389 144713.5 346.052764893
3.7165041092 146350.28125 348.222045898
3.7227872945 146489.9375 349.137023926
3.72907047981 148047.4375 351.102508545
3.73535366512 148995.03125 352.800384521
3.74163685043 149519.71875 353.827331543
3.74792003573 150724.34375 355.699737549
3.75420322104 151606.8125 356.898498535
3.76048640635 152800.125 359.114349365
3.76676959165 153839.21875 360.816101074
3.77305277696 154342.0625 362.13961792
3.77933596227 156277.84375 363.769500732
3.78561914758 156991.125 366.254150391
3.79190233288 157038.96875 366.439086914
3.79818551819 159336.03125 369.638000488
3.8044687035 160011.96875 370.950439453
3.8107518888 161644.65625 373.538574219
3.81703507411 162506.9375 374.86920166
3.82331825942 162504.96875 375.693756104
3.82960144473 164716.46875 378.618499756
3.83588463003 165327.75 380.365234375
3.84216781534 166590.5 381.844573975
3.84845100065 167840.90625 384.459686279
3.85473418595 168666.75 385.847076416
3.86101737126 170813.84375 388.963378906
3.86730055657 171436.8125 390.50491333
3.87358374188 172975.25 392.57623291
3.87986692718 172947.53125 393.912719727
3.88615011249 174699.875 395.952056885
3.8924332978 176869.71875 399.683349609
3.8987164831 178296.71875 401.473480225
3.90499966841 179129.25 403.386871338
3.91128285372 180345.34375 406.219818115
3.91756603903 181556.4375 407.678863525
3.92384922433 182457.25 410.001556396
3.93013240964 184890.71875 413.128936768
3.93641559495 185860.4375 415.801818848
3.94269878026 186691.59375 416.816741943
3.94898196556 188152.28125 419.674987793
3.95526515087 190356.40625 423.2109375
3.96154833618 191269.8125 425.433532715
3.96783152148 192017.5 426.836456299
3.97411470679 194491.875 431.020141602
3.9803978921 196505.90625 433.817138672
3.98668107741 196845.375 435.955200195
3.99296426271 198497.84375 437.927368164
3.99924744802 201210.15625 442.76373291
4.00553063333 202357.75 444.785736084
4.01181381863 202754.46875 446.647705078
4.01809700394 204995.125 450.183227539
4.02438018925 207212.125 453.905792236
4.03066337456 208461.28125 456.733551025
4.03694655986 209749.8125 458.944244385
4.04322974517 211662.0 462.388336182
4.04951293048 213680.0 466.359222412
4.05579611578 215584.90625 469.572784424
4.06207930109 216790.125 472.803314209
4.0683624864 218889.125 475.361022949
4.07464567171 220767.09375 480.255096436
4.08092885701 222152.15625 482.370788574
4.08721204232 224222.09375 486.062072754
4.09349522763 225917.71875 490.237304688
4.09977841293 227731.5625 493.48425293
4.10606159824 229374.21875 496.818847656
4.11234478355 230551.0625 500.100463867
4.11862796886 233556.125 504.568908691
4.12491115416 235258.0 509.338226318
4.13119433947 238041.8125 513.092712402
4.13747752478 239235.78125 516.730224609
4.14376071008 242203.09375 521.529968262
4.15004389539 243288.9375 524.899536133
4.1563270807 244529.21875 528.392150879
4.16261026601 246664.46875 532.417053223
4.16889345131 249652.65625 538.11730957
4.17517663662 252020.90625 542.728027344
4.18145982193 253745.3125 546.54107666
4.18774300724 256132.0 551.451599121
4.19402619254 257505.0 555.944885254
4.20030937785 259993.84375 560.886047363
4.20659256316 262139.96875 564.674316406
4.21287574846 264127.625 570.971923828
4.21915893377 267583.0625 575.951721191
4.22544211908 268698.8125 580.048095703
4.23172530439 271628.0 586.044616699
4.23800848969 274217.375 592.183654785
4.244291675 276223.1875 596.731323242
4.25057486031 278134.0625 600.788574219
4.25685804561 279777.625 606.839294434
4.26314123092 282230.125 612.240234375
4.26942441623 284509.625 617.783630371
4.27570760154 287651.4375 624.540588379
4.28199078684 289858.625 630.167114258
4.28827397215 291330.375 635.311523438
4.29455715746 295169.0625 642.379821777
4.30084034276 298063.375 649.78338623
4.30712352807 298302.8125 653.419189453
4.31340671338 301968.6875 661.195068359
4.31968989869 302526.0625 666.433288574
4.32597308399 307565.0625 674.372131348
4.3322562693 307198.875 678.77911377
4.33853945461 310712.75 687.012451172
4.34482263991 314327.5625 694.611022949
4.35110582522 316356.8125 702.919494629
4.35738901053 318588.0 707.952087402
4.36367219584 321443.0625 716.678039551
4.36995538114 322556.5625 722.077209473
4.37623856645 326559.6875 732.645751953
4.38252175176 330026.25 741.772277832
4.38880493706 331582.875 746.710632324
4.39508812237 334797.875 757.989562988
4.40137130768 336906.9375 764.189208984
4.40765449299 338542.625 772.31652832
4.41393767829 340530.6875 779.542297363
4.4202208636 344425.125 789.941772461
4.42650404891 345432.0625 799.112548828
4.43278723422 349756.8125 806.960083008
4.43907041952 349843.25 816.745544434
4.44535360483 354215.1875 826.169555664
4.45163679014 355032.0625 835.493713379
4.45791997544 356349.1875 842.674865723
4.46420316075 361731.8125 856.613647461
4.47048634606 360726.1875 864.068786621
4.47676953137 365205.5625 875.661804199
4.48305271667 363485.625 880.997802734
4.48933590198 368223.5 895.704956055
4.49561908729 368592.0625 904.514038086
4.50190227259 369495.5625 914.776062012
4.5081854579 372847.25 925.107299805
4.51446864321 375730.9375 940.320007324
4.52075182852 376403.5625 949.969787598
4.52703501382 373981.0 955.239807129
4.53331819913 376027.0625 967.475341797
4.53960138444 377740.9375 980.555664062
4.54588456974 376678.8125 989.853088379
4.55216775505 377926.4375 1001.04040527
4.55845094036 380222.3125 1014.1305542
4.56473412567 381370.125 1027.9395752
4.57101731097 383241.4375 1039.4786377
4.57730049628 382594.4375 1047.16723633
4.58358368159 384769.5625 1061.27697754
4.58986686689 387223.125 1075.01147461
4.5961500522 390201.375 1089.78210449
4.60243323751 390813.4375 1100.75073242
4.60871642282 392382.0 1112.11401367
4.61499960812 393303.125 1125.97753906
4.62128279343 395719.75 1137.8026123
4.62756597874 395981.0625 1149.65319824
4.63384916404 398542.5 1164.36547852
4.64013234935 403874.4375 1185.63879395
4.64641553466 403805.5 1193.99780273
4.65269871997 408467.0625 1212.83813477
4.65898190527 408625.25 1225.48583984
4.66526509058 409196.0 1237.11071777
4.67154827589 413869.375 1255.58618164
4.6778314612 416026.75 1270.80480957
4.6841146465 419002.5625 1290.50744629
4.69039783181 421521.25 1304.97399902
4.69668101712 423497.0 1319.05334473
4.70296420242 426371.375 1340.42138672
4.70924738773 427953.875 1355.26196289
4.71553057304 432404.375 1372.85522461
4.72181375835 433797.5625 1390.05236816
4.72809694365 437871.0625 1411.58776855
4.73438012896 439843.625 1428.66748047
4.74066331427 442973.0 1445.14916992
4.74694649957 446148.5625 1468.6385498
4.75322968488 450273.9375 1489.05151367
4.75951287019 454363.9375 1511.95959473
4.7657960555 454635.6875 1527.23852539
4.7720792408 459043.0625 1549.39746094
4.77836242611 462152.625 1572.55615234
4.78464561142 463824.5 1591.45227051
4.79092879672 471212.3125 1618.33044434
4.79721198203 472786.25 1641.94714355
4.80349516734 475767.0625 1666.87841797
4.80977835265 475540.75 1677.13061523
4.81606153795 486253.625 1719.71435547
4.82234472326 484090.0 1732.49304199
4.82862790857 489283.875 1764.4576416
4.83491109387 490558.25 1776.1114502
4.84119427918 496520.9375 1814.91638184
4.84747746449 501706.625 1847.3927002
4.8537606498 501951.125 1863.39318848
4.8600438351 511450.0625 1903.03442383
4.86632702041 511783.125 1929.06921387
4.87261020572 520790.5 1968.80859375
4.87889339102 518176.5625 1981.00964355
4.88517657633 526902.4375 2023.62768555
4.89145976164 530393.3125 2059.46362305
4.89774294695 531362.9375 2081.60888672
4.90402613225 538436.3125 2118.44799805
4.91030931756 544788.875 2161.1875
4.91659250287 549639.6875 2198.47973633
4.92287568818 550793.0625 2225.85644531
4.92915887348 554041.875 2256.44311523
4.93544205879 561837.75 2299.68994141
4.9417252441 571241.0625 2361.70043945
4.9480084294 571715.9375 2387.27050781
4.95429161471 578765.1875 2425.87695312
4.96057480002 580048.5 2465.95727539
4.96685798533 584843.0 2515.09570312
4.97314117063 593994.875 2556.30786133
4.97942435594 599215.6875 2602.88720703
4.98570754125 604882.125 2661.98583984
4.99199072655 610884.25 2715.24511719
4.99827391186 617084.375 2748.05151367
5.00455709717 615695.5 2787.64599609
5.01084028248 621775.6875 2847.17578125
5.01712346778 633860.0 2925.63452148
5.02340665309 644335.875 2974.0625
5.0296898384 641488.6875 3016.80737305
5.0359730237 643181.6875 3065.11791992
5.04225620901 650843.0 3122.88916016
5.04853939432 664011.6875 3211.98681641
5.05482257963 669282.1875 3270.0546875
5.06110576493 675391.125 3358.68847656
5.06738895024 680831.6875 3384.92919922
5.07367213555 685528.875 3464.35668945
5.07995532085 691839.0 3547.83569336
5.08623850616 698406.5 3617.85522461
5.09252169147 710598.1875 3699.72631836
5.09880487678 716079.3125 3775.09594727
5.10508806208 727246.8125 3894.85986328
5.11137124739 729816.9375 3953.86401367
5.1176544327 736635.375 4019.55029297
5.123937618 746468.75 4137.41064453
5.13022080331 752144.9375 4230.42480469
5.13650398862 759241.25 4312.30566406
5.14278717393 768939.9375 4404.99609375
5.14907035923 779326.5 4557.42529297
5.15535354454 794737.1875 4720.65625
5.16163672985 804828.375 4769.68212891
5.16791991516 804892.125 4870.25439453
5.17420310046 816621.0 5027.28369141
5.18048628577 831723.5 5201.92431641
5.18676947108 837860.0 5260.75195312
5.19305265638 836823.25 5381.74658203
5.19933584169 852398.125 5570.76660156
5.205619027 867610.0 5731.41113281
5.21190221231 862126.75 5783.08886719
5.21818539761 890451.25 6073.82226562
5.22446858292 894034.5 6255.74072266
5.23075176823 893609.0 6269.49121094
5.23703495353 928601.875 6601.87646484
5.24331813884 932284.75 6833.21923828
5.24960132415 932270.625 7001.92871094
5.25588450946 935474.625 7002.78857422
5.26216769476 953466.25 7298.9921875
5.26845088007 972693.875 7696.50195312
5.27473406538 979923.625 7894.4765625
5.28101725068 1003590.875 8075.28759766
5.28730043599 1006788.125 8363.51660156
5.2935836213 1017632.875 8690.74902344
5.29986680661 1041259.125 9044.12695312
5.30614999191 1047951.125 9216.97949219
5.31243317722 1045050.0 9482.7265625
5.31871636253 1073441.125 10071.8242188
5.32499954783 1108567.75 10352.3876953
5.33128273314 1077447.375 10471.2519531
5.33756591845 1113484.875 11189.2900391
5.34384910376 1119445.25 11636.9013672
5.35013228906 1129710.25 11542.7021484
5.35641547437 1148742.375 12435.7080078
5.36269865968 1169952.375 13223.3427734
5.36898184498 1167605.25 13442.9980469
5.37526503029 1195340.0 13601.125
5.3815482156 1216935.375 14900.1552734
5.38783140091 1227300.625 16017.0839844
5.39411458621 1225997.125 15668.7861328
5.40039777152 1251533.625 16222.4570312
5.40668095683 1317114.0 18420.5078125
5.41296414214 1285664.0 19877.8261719
5.41924732744 1330014.0 19012.9960938
5.42553051275 1341547.25 20121.7910156
5.43181369806 1381648.875 22833.8203125
5.43809688336 1401379.5 26085.3984375
5.44438006867 1377256.5 22982.0410156
5.45066325398 1432763.5 25628.9882812
5.45694643929 1468606.75 29798.9667969
5.46322962459 1472282.5 33696.90625
5.4695128099 1469535.375 30197.6503906
5.47579599521 1467676.125 32666.6308594
5.48207918051 1554303.75 41517.1054688
5.48836236582 1460481.25 42718.5
5.49464555113 1580030.125 42583.03125
5.50092873644 1633793.875 48319.5273438
5.50721192174 1711500.125 74392.765625
5.51349510705 1627263.875 58178.0078125
5.51977829236 1741918.75 68651.6015625
5.52606147766 1711243.375 78362.8984375
5.53234466297 1760390.0 129128.578125
5.53862784828 1560108.0 95007.796875
5.54491103359 1766740.375 133729.140625
5.55119421889 1689994.25 174443.40625
5.5574774042 2166697.75 421132.6875
5.56376058951 2071210.75 439144.8125
5.57004377481 1312635.25 836613.5
