0.00942477796077 152602.484375 51337.96875
0.0157079632679 151352.0625 32004.3945312
0.0219911485751 164360.328125 22148.4277344
0.0282743338823 140661.296875 16008.6943359
0.0345575191895 118295.859375 10531.9833984
0.0408407044967 83045.234375 7537.28613281
0.0471238898038 79815.609375 5846.87548828
0.053407075111 72597.6953125 5050.63378906
0.0596902604182 70181.03125 4245.3046875
0.0659734457254 59635.0390625 3535.78686523
0.0722566310326 59153.59375 3214.40332031
0.0785398163397 54344.140625 2767.05834961
0.0848230016469 42780.1328125 2188.68554688
0.0911061869541 36183.75 1928.0489502
0.0973893722613 37580.8828125 1787.54760742
0.103672557568 34788.75 1655.01062012
0.109955742876 34010.3046875 1501.14782715
0.116238928183 30210.8632812 1361.6541748
0.12252211349 26395.3007812 1198.93591309
0.128805298797 27547.7578125 1169.77038574
0.135088484104 24414.203125 1061.07116699
0.141371669412 22859.6757812 983.390625
0.147654854719 22568.1835938 929.878967285
0.153938040026 21941.5859375 896.820617676
0.160221225333 19818.0859375 810.657958984
0.16650441064 18972.9101562 778.007141113
0.172787595947 17055.0351562 711.190734863
0.179070781255 16295.53125 695.013793945
0.185353966562 15177.8398438 638.194702148
0.191637151869 15914.9648438 642.445678711
0.197920337176 14544.34375 588.73449707
0.204203522483 13343.4921875 566.304382324
0.210486707791 12350.7773438 531.336547852
0.216769893098 12282.8320312 518.934997559
0.223053078405 11823.0703125 497.751617432
0.229336263712 11141.9101562 477.501159668
0.235619449019 11208.3867188 466.587554932
0.241902634326 11317.2421875 454.037994385
0.248185819634 9912.14453125 427.525817871
0.254469004941 9674.1171875 417.762329102
0.260752190248 9315.61328125 400.56829834
0.267035375555 8719.69140625 387.737487793
0.273318560862 8957.65234375 378.053833008
0.279601746169 7556.20703125 359.374938965
0.285884931477 8102.21484375 355.81060791
0.292168116784 7575.9375 346.13180542
0.298451302091 7916.17578125 338.598266602
0.304734487398 7615.9921875 330.718231201
0.311017672705 7244.5390625 319.342651367
0.317300858013 7313.578125 315.606811523
0.32358404332 6633.875 301.210754395
0.329867228627 6479.20703125 297.267974854
0.336150413934 6187.1953125 287.101928711
0.342433599241 6024.078125 284.469238281
0.348716784548 6094.1875 275.857025146
0.354999969856 5874.49609375 271.744049072
0.361283155163 5339.7265625 263.450836182
0.36756634047 5023.9921875 254.988479614
0.373849525777 5458.81640625 255.258102417
0.380132711084 5225.15625 247.752548218
0.386415896392 4793.8359375 242.41305542
0.392699081699 4618.5859375 237.695281982
0.398982267006 5058.4375 234.055007935
0.405265452313 4067.1328125 228.205474854
0.41154863762 4403.35546875 222.899810791
0.417831822927 3810.89453125 219.337234497
0.424115008235 4482.015625 218.228515625
0.430398193542 4200.90234375 213.332992554
0.436681378849 4249.5390625 211.112457275
0.442964564156 3606.41015625 204.732772827
0.449247749463 3750.3671875 202.568389893
0.455530934771 3367.9296875 197.51083374
0.461814120078 3234.4140625 192.525588989
0.468097305385 3553.58203125 193.963912964
0.474380490692 3254.2265625 188.147201538
0.480663675999 3126.6171875 186.369338989
0.486946861306 3112.30859375 183.367202759
0.493230046614 2961.5546875 180.446029663
0.499513231921 2890.1328125 177.701202393
0.505796417228 2641.83984375 174.520248413
0.512079602535 2930.44921875 173.260940552
0.518362787842 2617.328125 169.101287842
0.524645973149 2569.76953125 167.794067383
0.530929158457 2272.4140625 164.594802856
0.537212343764 2579.3203125 163.152328491
0.543495529071 2220.5625 160.305541992
0.549778714378 2186.8828125 157.930114746
0.556061899685 2200.578125 157.428878784
0.562345084993 2222.9921875 153.756912231
0.5686282703 2016.81640625 152.248001099
0.574911455607 1989.44140625 150.536483765
0.581194640914 2035.88671875 148.90927124
0.587477826221 1871.80859375 146.674484253
0.593761011528 1882.83984375 145.32043457
0.600044196836 1580.47265625 142.22718811
0.606327382143 1675.07421875 141.772628784
0.61261056745 1524.4140625 138.862594604
0.618893752757 1547.3359375 137.908004761
0.625176938064 1484.93359375 136.225585938
0.631460123372 1526.046875 135.314071655
0.637743308679 1506.2734375 133.244140625
0.644026493986 1390.00390625 132.207290649
0.650309679293 1419.2421875 130.493148804
0.6565928646 1502.35546875 129.908493042
0.662876049907 1263.00390625 127.661079407
0.669159235215 1243.16015625 126.54637146
0.675442420522 1220.00390625 124.78237915
0.681725605829 1221.26171875 124.534889221
0.688008791136 1121.65234375 122.117195129
0.694291976443 1060.09375 121.715492249
0.700575161751 1264.0234375 120.312347412
0.706858347058 1074.3515625 119.229896545
0.713141532365 933.7265625 117.377861023
0.719424717672 974.80078125 116.583175659
0.725707902979 914.3515625 115.322677612
0.731991088286 999.48828125 114.816467285
0.738274273594 891.60546875 113.251625061
0.744557458901 916.79296875 112.780548096
0.750840644208 776.1875 111.15096283
0.757123829515 753.80078125 110.026641846
0.763407014822 740.0 109.086547852
0.769690200129 809.7578125 108.591567993
0.775973385437 835.171875 107.40007782
0.782256570744 782.80078125 106.725135803
0.788539756051 837.01953125 105.682342529
0.794822941358 751.828125 105.527946472
0.801106126665 526.90625 103.137573242
0.807389311973 699.15234375 103.20350647
0.81367249728 580.921875 101.724304199
0.819955682587 677.7421875 101.486984253
0.826238867894 566.32421875 100.292045593
0.832522053201 536.40625 99.3458557129
0.838805238508 661.37109375 98.8415374756
0.845088423816 574.2109375 98.5650939941
0.851371609123 553.3125 97.2245788574
0.85765479443 730.7734375 97.0314025879
0.863937979737 428.9921875 95.6225204468
0.870221165044 441.84375 94.8459014893
0.876504350352 420.78515625 94.2747268677
0.882787535659 384.125 93.2167205811
0.889070720966 399.7578125 92.8604354858
0.895353906273 376.27734375 92.1213989258
0.90163709158 431.25 91.3695068359
0.907920276887 376.74609375 90.9365844727
0.914203462195 350.3125 89.764465332
0.920486647502 554.8125 90.2337112427
0.926769832809 225.984375 88.3738174438
0.933053018116 138.927734375 87.7137374878
0.939336203423 312.15625 87.4000167847
0.945619388731 150.658203125 86.8374633789
0.951902574038 280.1015625 86.2669677734
0.958185759345 184.083984375 85.6684494019
0.964468944652 139.693359375 84.5161361694
0.970752129959 288.265625 84.7583312988
0.977035315266 255.88671875 84.0634078979
0.983318500574 126.73046875 83.2865829468
0.989601685881 249.78515625 82.9454879761
0.995884871188 86.0859375 81.9457855225
1.0021680565 142.93359375 81.6458740234
1.0084512418 214.78125 81.4862518311
1.01473442711 117.41796875 80.3752441406
1.02101761242 178.796875 80.191192627
1.02730079772 143.759765625 79.7111282349
1.03358398303 105.041015625 79.0143814087
1.03986716834 144.90234375 78.6531524658
1.04615035365 -77.91015625 77.8016738892
1.05243353895 29.076171875 77.4002227783
1.05871672426 130.732421875 77.4350128174
1.06499990957 -17.55859375 76.2881164551
1.07128309487 -27.0546875 76.0017318726
1.07756628018 122.60546875 75.8455581665
1.08384946549 76.419921875 75.3756103516
1.0901326508 86.625 74.9400177002
1.0964158361 70.57421875 74.4286956787
1.10269902141 -38.4375 73.7278060913
1.10898220672 -12.177734375 73.5344772339
1.11526539202 4.19921875 73.171875
1.12154857733 -75.541015625 72.4592895508
1.12783176264 47.255859375 72.2297210693
1.13411494795 -19.396484375 71.7584457397
1.14039813325 6.20703125 71.5795593262
1.14668131856 -67.869140625 70.8504333496
1.15296450387 -132.7265625 70.2052841187
1.15924768917 3.890625 70.3920669556
1.16553087448 -64.71484375 69.6948547363
1.17181405979 -45.5390625 69.4773330688
1.1780972451 -3.99609375 68.9437637329
1.1843804304 -105.87890625 68.8066177368
1.19066361571 -106.71484375 68.1120147705
1.19694680102 -75.1875 68.056854248
1.20322998632 24.390625 67.5375289917
1.20951317163 46.884765625 67.6440658569
1.21579635694 -125.404296875 66.6345977783
1.22207954225 -19.14453125 66.6854248047
1.22836272755 -154.12890625 65.8972091675
1.23464591286 -113.373046875 65.7291870117
1.24092909817 -60.84375 65.7022399902
1.24721228348 23.375 65.3091125488
1.25349546878 -30.16796875 64.9026107788
1.25977865409 -82.87890625 64.5270996094
1.2660618394 -94.15625 64.1153564453
1.2723450247 -69.30859375 63.9592857361
1.27862821001 -90.115234375 63.4087562561
1.28491139532 -114.46484375 63.3090438843
1.29119458063 -58.501953125 62.7949447632
1.29747776593 -91.873046875 62.7115592957
1.30376095124 -176.1015625 62.1394500732
1.31004413655 -29.91015625 62.1835441589
1.31632732185 -68.94140625 61.7070083618
1.32261050716 -24.599609375 61.5728569031
1.32889369247 -76.05078125 61.184551239
1.33517687778 -116.166015625 60.805393219
1.34146006308 -10.5234375 60.5667152405
1.34774324839 6.443359375 60.5465965271
1.3540264337 40.572265625 60.2671890259
1.360309619 -24.001953125 59.8223991394
1.36659280431 24.244140625 59.6969261169
1.37287598962 -19.26953125 59.2270431519
1.37915917493 31.146484375 59.2027511597
1.38544236023 -48.984375 58.714099884
1.39172554554 -76.720703125 58.3418197632
1.39800873085 -87.685546875 58.1526870728
1.40429191615 -120.9609375 57.7368507385
1.41057510146 -71.8203125 57.6753921509
1.41685828677 74.419921875 57.5578193665
1.42314147208 60.2421875 57.4580078125
1.42942465738 10.689453125 56.9280014038
1.43570784269 -36.544921875 56.7058372498
1.441991028 33.005859375 56.4756774902
1.4482742133 -38.2734375 56.2946166992
1.45455739861 31.58984375 56.0082702637
1.46084058392 -12.654296875 55.7501144409
1.46712376923 13.865234375 55.4900627136
1.47340695453 -26.7265625 55.3042755127
1.47969013984 37.6796875 55.0995292664
1.48597332515 -32.98046875 54.7793159485
1.49225651046 24.32421875 54.6585884094
1.49853969576 39.236328125 54.525718689
1.50482288107 -19.91015625 54.0070800781
1.51110606638 -90.78515625 53.7982711792
1.51738925168 -13.732421875 53.6162185669
1.52367243699 20.83203125 53.5031585693
1.5299556223 40.419921875 53.2608795166
1.53623880761 50.009765625 53.0854949951
1.54252199291 -30.59765625 52.8071670532
1.54880517822 -44.615234375 52.571056366
1.55508836353 66.357421875 52.3856391907
1.56137154883 61.908203125 52.3820075989
1.56765473414 58.91796875 52.0470199585
1.57393791945 118.1328125 51.943611145
1.58022110476 61.53125 51.607219696
1.58650429006 53.71875 51.4758758545
1.59278747537 168.67578125 51.4526023865
1.59907066068 66.453125 50.9691848755
1.60535384598 121.869140625 50.9260940552
1.61163703129 52.001953125 50.6706542969
1.6179202166 140.939453125 50.5705833435
1.62420340191 49.6484375 50.2274742126
1.63048658721 44.064453125 50.0372390747
1.63676977252 54.1015625 49.8500289917
1.64305295783 152.564453125 49.8123970032
1.64933614313 113.0546875 49.619846344
1.65561932844 127.435546875 49.3263168335
1.66190251375 60.755859375 49.1583595276
1.66818569906 243.90625 49.1086463928
1.67446888436 78.982421875 48.8701972961
1.68075206967 161.53125 48.7021827698
1.68703525498 164.509765625 48.4702987671
1.69331844028 227.990234375 48.4168548584
1.69960162559 214.40234375 48.3632087708
1.7058848109 158.970703125 47.8810806274
1.71216799621 221.3828125 47.9567070007
1.71845118151 168.09375 47.5876426697
1.72473436682 257.654296875 47.6731185913
1.73101755213 291.17578125 47.4803504944
1.73730073744 201.83203125 47.1231956482
1.74358392274 289.3046875 47.225818634
1.74986710805 171.517578125 46.7838439941
1.75615029336 279.078125 46.7689094543
1.76243347866 325.0078125 46.6972694397
1.76871666397 251.2578125 46.3946418762
1.77499984928 342.55078125 46.4110412598
1.78128303459 197.859375 45.9489746094
1.78756621989 307.94140625 46.0721130371
1.7938494052 254.689453125 45.6832618713
1.80013259051 375.65234375 45.874912262
1.80641577581 233.40625 45.3700904846
1.81269896112 341.7109375 45.4753265381
1.81898214643 365.07421875 45.2412757874
1.82526533174 415.11328125 45.208240509
1.83154851704 328.03125 44.926109314
1.83783170235 371.37109375 44.8343582153
1.84411488766 390.5 44.6534996033
1.85039807296 465.5625 44.698677063
1.85668125827 343.33203125 44.3146286011
1.86296444358 402.33203125 44.3104171753
1.86924762889 392.1796875 44.0726127625
1.87553081419 454.12109375 44.0342559814
1.8818139995 403.96484375 43.8460464478
1.88809718481 460.359375 43.7749137878
1.89438037011 397.29296875 43.5655403137
1.90066355542 446.1796875 43.3715171814
1.90694674073 423.87109375 43.3044090271
1.91322992604 444.9296875 43.202922821
1.91951311134 506.58203125 43.0508842468
1.92579629665 450.90625 42.9273223877
1.93207948196 562.16015625 42.8200149536
1.93836266726 482.4609375 42.7607803345
1.94464585257 621.90625 42.6387557983
1.95092903788 494.1171875 42.4048042297
1.95721222319 603.9296875 42.3584785461
1.96349540849 543.765625 42.1996231079
1.9697785938 620.8125 42.1549797058
1.97606177911 623.65625 41.9720993042
1.98234496442 578.296875 41.8281326294
1.98862814972 573.6796875 41.7119789124
1.99491133503 617.25 41.6095123291
2.00119452034 627.62890625 41.5056228638
2.00747770564 718.9765625 41.4770736694
2.01376089095 774.8515625 41.4589653015
2.02004407626 730.328125 41.2172584534
2.02632726157 662.19921875 40.9766960144
2.03261044687 693.72265625 40.9321060181
2.03889363218 754.1796875 40.9431381226
2.04517681749 671.390625 40.6194572449
2.05146000279 670.64453125 40.5192604065
2.0577431881 726.42578125 40.4630279541
2.06402637341 696.11328125 40.323551178
2.07030955872 801.84765625 40.2906112671
2.07659274402 812.6875 40.2025108337
2.08287592933 851.1953125 40.1871681213
2.08915911464 864.30078125 40.065372467
2.09544229994 867.1796875 39.8475189209
2.10172548525 901.16796875 39.8987541199
2.10800867056 873.86328125 39.6497421265
2.11429185587 974.80078125 39.6973342896
2.12057504117 866.35546875 39.4497375488
2.12685822648 928.30859375 39.3850860596
2.13314141179 980.2890625 39.3325386047
2.13942459709 1013.53515625 39.2419281006
2.1457077824 1118.48046875 39.2738571167
2.15199096771 1065.78515625 39.1445655823
2.15827415302 1031.3046875 38.8713722229
2.16455733832 1082.6015625 38.9440803528
2.17084052363 1093.50390625 38.7279701233
2.17712370894 1123.3125 38.7637786865
2.18340689424 1144.57421875 38.6404495239
2.18969007955 1157.2421875 38.5066146851
2.19597326486 1166.328125 38.4132118225
2.20225645017 1173.4296875 38.3474960327
2.20853963547 1231.76953125 38.287273407
2.21482282078 1261.9375 38.209980011
2.22110600609 1278.26953125 38.0866622925
2.2273891914 1281.72265625 38.0677146912
2.2336723767 1316.484375 37.8918800354
2.23995556201 1278.19921875 37.8343009949
2.24623874732 1355.72265625 37.7620925903
2.25252193262 1378.4140625 37.7179679871
2.25880511793 1414.91015625 37.6589736938
2.26508830324 1402.8671875 37.4792366028
2.27137148855 1468.5859375 37.5308380127
2.27765467385 1469.48828125 37.3435287476
2.28393785916 1513.34765625 37.3332214355
2.29022104447 1485.41015625 37.2155838013
2.29650422977 1563.6640625 37.1241226196
2.30278741508 1594.78515625 37.1850357056
2.30907060039 1636.0078125 37.003993988
2.3153537857 1611.25390625 36.9559249878
2.321636971 1683.76171875 36.8521728516
2.32792015631 1693.31640625 36.8554496765
2.33420334162 1652.69140625 36.696811676
2.34048652692 1721.328125 36.6323051453
2.34676971223 1764.84375 36.5831413269
2.35305289754 1777.29296875 36.5058250427
2.35933608285 1828.76953125 36.4737434387
2.36561926815 1861.203125 36.4585609436
2.37190245346 1823.27734375 36.2186584473
2.37818563877 1891.16796875 36.2805671692
2.38446882407 1878.54296875 36.1194915771
2.39075200938 1896.85546875 36.0843658447
2.39703519469 1956.91015625 36.0512390137
2.40331838 2017.66015625 35.9860877991
2.4096015653 1944.83984375 35.8098449707
2.41588475061 2022.65234375 35.8208122253
2.42216793592 2123.609375 35.7951126099
2.42845112122 2099.44921875 35.7710952759
2.43473430653 2203.88671875 35.6977424622
2.44101749184 2192.6640625 35.6489524841
2.44730067715 2202.6796875 35.496383667
2.45358386245 2256.703125 35.5556221008
2.45986704776 2245.30859375 35.3759155273
2.46615023307 2342.47265625 35.4180145264
2.47243341838 2346.6796875 35.3354568481
2.47871660368 2423.58203125 35.3398208618
2.48499978899 2450.90234375 35.2357254028
2.4912829743 2469.30859375 35.1750335693
2.4975661596 2551.9921875 35.2079734802
2.50384934491 2517.22265625 35.0328598022
2.51013253022 2554.8828125 35.0012054443
2.51641571553 2634.01171875 35.0105819702
2.52269890083 2599.15234375 34.8347854614
2.52898208614 2751.2265625 34.9776268005
2.53526527145 2715.16796875 34.7941970825
2.54154845675 2841.54296875 34.8638305664
2.54783164206 2785.57421875 34.6968955994
2.55411482737 2887.9375 34.7729148865
2.56039801268 2876.546875 34.6325798035
2.56668119798 2876.76171875 34.505241394
2.57296438329 2940.0390625 34.5442581177
2.5792475686 3067.8671875 34.5742149353
2.5855307539 3067.0703125 34.453578949
2.59181393921 3098.34765625 34.4477577209
2.59809712452 3262.75390625 34.50415802
2.60438030983 3184.4140625 34.3780822754
2.61066349513 3261.19921875 34.2896766663
2.61694668044 3378.30859375 34.3971977234
2.62322986575 3347.57421875 34.2730064392
2.62951305105 3424.5234375 34.2110557556
2.63579623636 3476.0390625 34.2292442322
2.64207942167 3500.875 34.1440849304
2.64836260698 3543.8359375 34.1181182861
2.65464579228 3615.73828125 34.0801963806
2.66092897759 3672.8671875 34.0704231262
2.6672121629 3707.640625 34.0548362732
2.6734953482 3763.26953125 33.9529418945
2.67977853351 3851.07421875 34.0149726868
2.68606171882 3896.08984375 33.9494476318
2.69234490413 3940.78125 33.9477996826
2.69862808943 3992.3515625 33.8993644714
2.70491127474 4130.80078125 33.9680213928
2.71119446005 4167.94921875 33.89894104
2.71747764536 4150.98046875 33.8026313782
2.72376083066 4285.26171875 33.837677002
2.73004401597 4266.4296875 33.7251968384
2.73632720128 4399.66015625 33.8493461609
2.74261038658 4440.00390625 33.7663154602
2.74889357189 4518.5859375 33.7231826782
2.7551767572 4557.37109375 33.7427482605
2.76145994251 4589.68359375 33.6392250061
2.76774312781 4712.48828125 33.7138252258
2.77402631312 4724.265625 33.6248054504
2.78030949843 4798.25 33.6359138489
2.78659268373 4786.69140625 33.550945282
2.79287586904 4933.78515625 33.6064682007
2.79915905435 5057.47265625 33.6017951965
2.80544223966 5111.828125 33.6236305237
2.81172542496 5250.19921875 33.6201782227
2.81800861027 5232.6015625 33.6457138062
2.82429179558 5337.6796875 33.5215530396
2.83057498088 5385.1015625 33.5446434021
2.83685816619 5502.15625 33.5742721558
2.8431413515 5557.05859375 33.5591278076
2.84942453681 5666.30078125 33.5708312988
2.85570772211 5704.3828125 33.5316886902
2.86199090742 5821.41796875 33.5707206726
2.86827409273 5907.8515625 33.5614509583
2.87455727803 6054.48046875 33.607635498
2.88084046334 6082.5078125 33.5827217102
2.88712364865 6119.44921875 33.5163421631
2.89340683396 6230.21484375 33.5794296265
2.89969001926 6367.71875 33.5952949524
2.90597320457 6407.09765625 33.5742416382
2.91225638988 6521.53125 33.554359436
2.91853957518 6538.375 33.5466995239
2.92482276049 6681.5859375 33.5650062561
2.9311059458 6714.0078125 33.5257301331
2.93738913111 6848.265625 33.5912208557
2.94367231641 6889.0234375 33.5357818604
2.94995550172 7147.26953125 33.6733894348
2.95623868703 7157.2890625 33.6541442871
2.96252187234 7208.8984375 33.5682487488
2.96880505764 7414.69921875 33.7125320435
2.97508824295 7422.42578125 33.6394309998
2.98137142826 7528.734375 33.6517066956
2.98765461356 7696.3828125 33.7105293274
2.99393779887 7707.30859375 33.6754722595
3.00022098418 7874.06640625 33.7516746521
3.00650416949 8023.42578125 33.786151886
3.01278735479 8088.44140625 33.7610359192
3.0190705401 8193.49609375 33.7985496521
3.02535372541 8345.40234375 33.8157463074
3.03163691071 8460.53125 33.8837394714
3.03792009602 8574.8984375 33.8583946228
3.04420328133 8666.00390625 33.9104881287
3.05048646664 8769.765625 33.9153862
3.05676965194 8951.8125 34.0047912598
3.06305283725 8999.296875 33.9389762878
3.06933602256 9163.734375 34.0392112732
3.07561920786 9266.55859375 34.0068092346
3.08190239317 9419.3203125 34.1284294128
3.08818557848 9528.82421875 34.0900344849
3.09446876379 9649.39453125 34.163143158
3.10075194909 9815.15234375 34.1718673706
3.1070351344 9933.703125 34.2647018433
3.11331831971 10075.4335938 34.2575569153
3.11960150501 10214.7382812 34.3496170044
3.12588469032 10328.2148438 34.3157653809
3.13216787563 10514.9921875 34.4393615723
3.13845106094 10711.921875 34.5158576965
3.14473424624 10766.8242188 34.4725494385
3.15101743155 10940.3164062 34.5874443054
3.15730061686 11099.4140625 34.6044082642
3.16358380216 11274.1953125 34.6753501892
3.16986698747 11369.7382812 34.7088088989
3.17615017278 11531.671875 34.7116661072
3.18243335809 11735.3046875 34.8789482117
3.18871654339 11861.2773438 34.8412513733
3.1949997287 12094.9335938 34.9906997681
3.20128291401 12263.859375 35.0412979126
3.20756609932 12370.328125 35.104385376
3.21384928462 12571.5742188 35.1177215576
3.22013246993 12695.625 35.2402305603
3.22641565524 12740.6171875 35.290435791
3.23269884054 12832.59375 35.433757782
3.23898202585 12901.5117188 35.4792785645
3.24526521116 12892.1523438 35.5403556824
3.25154839647 12946.203125 35.6063919067
3.25783158177 13046.0585938 35.7228507996
3.26411476708 13046.140625 35.7488746643
3.27039795239 13164.6367188 35.9071540833
3.27668113769 13227.828125 35.9515991211
3.282964323 13236.2539062 36.0297012329
3.28924750831 13335.625 36.1422729492
3.29553069362 13378.0234375 36.2155151367
3.30181387892 13496.6171875 36.3255500793
3.30809706423 13519.5976562 36.43724823
3.31438024954 13537.8359375 36.4461135864
3.32066343484 13606.1835938 36.5700340271
3.32694662015 13714.390625 36.6916618347
3.33322980546 13755.2148438 36.7396621704
3.33951299077 13790.9804688 36.8266639709
3.34579617607 13946.125 37.0021705627
3.35207936138 13979.5195312 37.0645256042
3.35836254669 14013.5625 37.1572799683
3.36464573199 14075.5234375 37.244682312
3.3709289173 14118.8242188 37.2916145325
3.37721210261 14210.2148438 37.4630012512
3.38349528792 14233.90625 37.4673500061
3.38977847322 14395.078125 37.6796798706
3.39606165853 14426.328125 37.7660140991
3.40234484384 14490.28125 37.8477020264
3.40862802914 14585.9648438 38.0040206909
3.41491121445 14670.4453125 38.0412139893
3.42119439976 14772.296875 38.2741851807
3.42747758507 14753.1757812 38.2321205139
3.43376077037 14806.7617188 38.3541717529
3.44004395568 14912.6132812 38.4951705933
3.44632714099 15024.5234375 38.6455917358
3.4526103263 15051.1445312 38.681312561
3.4588935116 15091.8671875 38.8340454102
3.46517669691 15253.6171875 38.9593162537
3.47145988222 15225.046875 39.0274772644
3.47774306752 15361.3554688 39.1599006653
3.48402625283 15418.546875 39.2972755432
3.49030943814 15627.171875 39.5423927307
3.49659262345 15593.8046875 39.4964828491
3.50287580875 15674.859375 39.7076339722
3.50915899406 15813.2929688 39.8451843262
3.51544217937 15837.1054688 39.9187278748
3.52172536467 15969.234375 40.0973739624
3.52800854998 16026.2539062 40.2046318054
3.53429173529 16209.921875 40.4151077271
3.5405749206 16251.546875 40.4789733887
3.5468581059 16412.421875 40.7552032471
3.55314129121 16426.4804688 40.7125663757
3.55942447652 16469.2460938 40.9275436401
3.56570766182 16520.890625 40.98777771
3.57199084713 16655.8554688 41.182888031
3.57827403244 16776.2070312 41.3219337463
3.58455721775 16910.7851562 41.541557312
3.59084040305 17072.203125 41.7469406128
3.59712358836 17043.8828125 41.7741966248
3.60340677367 17150.2460938 41.9173202515
3.60968995897 17360.3867188 42.2263793945
3.61597314428 17330.0742188 42.1907539368
3.62225632959 17488.0820312 42.4679946899
3.6285395149 17637.6640625 42.6386528015
3.6348227002 17632.3398438 42.7034225464
3.64110588551 17782.8789062 42.8815002441
3.64738907082 17872.6875 43.0637741089
3.65367225612 18033.8984375 43.3218269348
3.65995544143 18081.7773438 43.3892555237
3.66623862674 18194.453125 43.5649719238
3.67252181205 18381.921875 43.857711792
3.67880499735 18475.6523438 43.9749183655
3.68508818266 18644.9257812 44.2323532104
3.69137136797 18663.4296875 44.3233451843
3.69765455328 18754.8867188 44.4808616638
3.70393773858 18862.0273438 44.6724319458
3.71022092389 19084.9726562 44.9373130798
3.7165041092 19126.09375 45.0693511963
3.7227872945 19298.09375 45.3224563599
3.72907047981 19442.8554688 45.5272712708
3.73535366512 19495.1757812 45.6854362488
3.74163685043 19529.78125 45.7890815735
3.74792003573 19769.1875 46.1050605774
3.75420322104 19829.046875 46.2122955322
3.76048640635 19996.2226562 46.5104217529
3.76676959165 20156.4648438 46.753616333
3.77305277696 20265.5 46.9641609192
3.77933596227 20485.0703125 47.1475296021
3.78561914758 20535.2695312 47.4317817688
3.79190233288 20585.5820312 47.4952049255
3.79818551819 20848.9023438 47.8789291382
3.8044687035 20922.2304688 48.0361404419
3.8107518888 21165.3046875 48.3998451233
3.81703507411 21172.8085938 48.4781150818
3.82331825942 21458.5507812 48.8436393738
3.82960144473 21515.8554688 49.0149803162
3.83588463003 21573.8085938 49.2218284607
3.84216781534 21837.3007812 49.504447937
3.84845100065 21909.1484375 49.760925293
3.85473418595 22215.0703125 50.1228408813
3.86101737126 22284.6171875 50.3352890015
3.86730055657 22485.9257812 50.6459350586
3.87358374188 22740.2265625 50.9651107788
3.87986692718 22720.9726562 51.1241226196
3.88615011249 22969.0507812 51.4079437256
3.8924332978 23096.8515625 51.7491188049
3.8987164831 23284.5078125 51.9835891724
3.90499966841 23450.15625 52.28540802
3.91128285372 23514.1367188 52.5647163391
3.91756603903 23909.71875 52.9778556824
3.92384922433 23841.125 53.1047096252
3.93013240964 24116.1640625 53.4718513489
3.93641559495 24294.6132812 53.8680152893
3.94269878026 24466.9296875 54.060836792
3.94898196556 24553.1875 54.3332862854
3.95526515087 24751.3242188 54.7077140808
3.96154833618 25038.7070312 55.1573219299
3.96783152148 25160.6132812 55.3631973267
3.97411470679 25371.7851562 55.7999992371
3.9803978921 25565.4921875 56.0973434448
3.98668107741 25761.9804688 56.5218505859
3.99296426271 25989.6601562 56.7905883789
3.99924744802 26157.3164062 57.2381515503
4.00553063333 26341.6601562 57.5347328186
4.01181381863 26619.7109375 57.9980163574
4.01809700394 26740.765625 58.2899398804
4.02438018925 27012.3867188 58.7566947937
4.03066337456 27219.8320312 59.1680679321
4.03694655986 27411.09375 59.4786071777
4.04322974517 27655.6523438 59.9217185974
4.04951293048 27813.4023438 60.3325080872
4.05579611578 28224.9960938 60.9139213562
4.06207930109 28221.7421875 61.1722068787
4.0683624864 28559.2460938 61.5696144104
4.07464567171 28624.546875 62.0229492188
4.08092885701 28949.6015625 62.444732666
4.08721204232 29177.3867188 62.8816108704
4.09349522763 29368.609375 63.3929252625
4.09977841293 29678.546875 63.8902702332
4.10606159824 29753.8632812 64.1803817749
4.11234478355 30204.5507812 64.913482666
4.11862796886 30435.25 65.3280792236
4.12491115416 30645.1523438 65.9346618652
4.13119433947 30887.5664062 66.2973098755
4.13747752478 31200.2070312 66.9337310791
4.14376071008 31433.296875 67.3959884644
4.15004389539 31601.2929688 67.8607254028
4.1563270807 32047.6679688 68.6163330078
4.16261026601 32102.6054688 68.9018478394
4.16889345131 32460.4179688 69.6085739136
4.17517663662 32708.0625 70.1418533325
4.18145982193 32940.1289062 70.6445922852
4.18774300724 33283.015625 71.3165817261
4.19402619254 33670.4765625 72.1264801025
4.20030937785 33807.2265625 72.5638122559
4.20659256316 34207.6015625 73.1885681152
4.21287574846 34370.8515625 73.9005126953
4.21915893377 34719.0625 74.4354019165
4.22544211908 35072.0078125 75.1970977783
4.23172530439 35255.8515625 75.7554626465
4.23800848969 35548.5546875 76.5018005371
4.244291675 35741.0390625 77.0141067505
4.25057486031 36302.0 77.8936157227
4.25685804561 36374.8515625 78.5182189941
4.26314123092 36695.5 79.2208557129
4.26942441623 37013.625 79.9647827148
4.27570760154 37221.8359375 80.6099319458
4.28199078684 37818.4765625 81.6983795166
4.28827397215 37930.234375 82.2729797363
4.29455715746 38180.609375 82.89894104
4.30084034276 38666.921875 83.9874954224
4.30712352807 38857.859375 84.6472091675
4.31340671338 39248.9375 85.5545959473
4.31968989869 39370.2734375 86.2914810181
4.32597308399 39836.9921875 87.0957794189
4.3322562693 40229.1015625 88.1978225708
4.33853945461 40496.6171875 89.0370178223
4.34482263991 40859.5625 89.8924636841
4.35110582522 41194.765625 91.0573959351
4.35738901053 41738.96875 92.0256118774
4.36367219584 41808.3203125 92.7831039429
4.36995538114 41996.984375 93.5379714966
4.37623856645 42472.1171875 94.8520736694
4.38252175176 42617.4765625 95.647277832
4.38880493706 43136.7109375 96.6912231445
4.39508812237 43141.7734375 97.6209869385
4.40137130768 43656.6015625 98.7347335815
4.40765449299 44089.3984375 100.074157715
4.41393767829 44144.984375 100.744926453
4.4202208636 44530.203125 101.932647705
4.42650404891 44944.6171875 103.496208191
4.43278723422 45322.1953125 104.268005371
4.43907041952 45378.140625 105.593109131
4.44535360483 45892.1171875 106.741706848
4.45163679014 46019.890625 107.976966858
4.45791997544 46227.015625 108.956115723
4.46420316075 46589.640625 110.293502808
4.47048634606 46856.796875 111.812255859
4.47676953137 47210.28125 112.991828918
4.48305271667 47192.34375 113.972114563
4.48933590198 47670.8828125 115.680831909
4.49561908729 47735.703125 116.843597412
4.50190227259 47969.8046875 118.341873169
4.5081854579 48428.328125 119.715263367
4.51446864321 48174.53125 120.745498657
4.52075182852 48923.0703125 122.984809875
4.52703501382 48520.2265625 123.531044006
4.53331819913 48851.625 125.216163635
4.53960138444 49011.7578125 126.813117981
4.54588456974 48914.25 128.078231812
4.55216775505 49147.765625 129.64024353
4.55845094036 48951.890625 130.544998169
4.56473412567 49207.0390625 132.49671936
4.57101731097 49476.046875 134.029495239
4.57730049628 49638.5859375 135.426437378
4.58358368159 49719.1953125 136.916976929
4.58986686689 49922.453125 138.498535156
4.5961500522 49937.3515625 139.776168823
4.60243323751 50146.8125 141.407073975
4.60871642282 50573.234375 143.254714966
4.61499960812 50588.03125 144.859451294
4.62128279343 50964.734375 146.496261597
4.62756597874 50966.1484375 147.964920044
4.63384916404 51275.4765625 149.82208252
4.64013234935 51679.6015625 152.050094604
4.64641553466 51672.546875 153.125335693
4.65269871997 52004.1484375 155.053039551
4.65898190527 52725.7734375 157.970062256
4.66526509058 52750.6953125 159.377609253
4.67154827589 53176.34375 161.42539978
4.6778314612 53648.9765625 163.753143311
4.6841146465 53778.1171875 165.803268433
4.69039783181 53821.84375 167.120071411
4.69668101712 54275.109375 169.313842773
4.70296420242 54613.4296875 171.996154785
4.70924738773 54898.1171875 174.062988281
4.71553057304 55165.6171875 175.713088989
4.72181375835 55459.234375 178.147674561
4.72809694365 55757.21875 180.449493408
4.73438012896 56693.2421875 184.043991089
4.74066331427 56656.984375 185.254211426
4.74694649957 57117.4140625 188.377456665
4.75322968488 57073.734375 189.782089233
4.75951287019 57798.96875 193.138000488
4.7657960555 58264.1328125 196.019378662
4.7720792408 58757.84375 198.706741333
4.77836242611 59242.15625 201.864929199
4.78464561142 59769.7265625 204.985870361
4.79092879672 60173.1015625 207.222061157
4.79721198203 60441.5390625 210.39755249
4.80349516734 60934.84375 213.847045898
4.80977835265 61249.0703125 215.953048706
4.81606153795 62099.328125 220.204467773
4.82234472326 62545.6484375 223.542114258
4.82862790857 62435.6875 225.81086731
4.83491109387 63215.75 228.776992798
4.84119427918 63621.5703125 232.897705078
4.84747746449 64242.9765625 236.957321167
4.8537606498 64763.65625 240.218154907
4.8600438351 64654.921875 242.00730896
4.86632702041 65555.6015625 247.48449707
4.87261020572 66379.7421875 251.738922119
4.87889339102 66589.953125 254.698410034
4.88517657633 66790.4453125 257.785614014
4.89145976164 67900.34375 264.100494385
4.89774294695 68431.8203125 268.021484375
4.90402613225 68777.0859375 271.250213623
4.91030931756 69480.390625 276.424285889
4.91659250287 69893.4765625 280.625823975
4.92287568818 70142.4375 284.40222168
4.92915887348 70855.9296875 289.145111084
4.93544205879 71674.8671875 294.178436279
4.9417252441 72221.6875 300.229980469
4.9480084294 73227.4765625 306.218780518
4.95429161471 73194.6953125 308.436553955
4.96057480002 74142.46875 315.856445312
4.96685798533 74909.0625 322.608398438
4.97314117063 75111.0625 324.959686279
4.97942435594 75921.09375 331.328155518
4.98570754125 76681.5625 338.972595215
4.99199072655 77576.8515625 346.166473389
4.99827391186 78278.3359375 350.067779541
5.00455709717 78729.3671875 357.127868652
5.01084028248 79844.71875 365.849884033
5.01712346778 80144.0 371.7940979
5.02340665309 80488.6796875 374.676727295
5.0296898384 81626.890625 385.113006592
5.0359730237 83145.765625 395.738128662
5.04225620901 82898.421875 398.922546387
5.04853939432 83515.421875 406.571105957
5.05482257963 85994.71875 420.34979248
5.06110576493 85763.8828125 428.065307617
5.06738895024 86532.078125 431.680908203
5.07367213555 87124.984375 441.787719727
5.07995532085 89672.8828125 458.982269287
5.08623850616 88920.609375 461.946136475
5.09252169147 90410.015625 472.141357422
5.09880487678 91259.9453125 482.346069336
5.10508806208 91810.4140625 494.164398193
5.11137124739 92357.5546875 502.540344238
5.1176544327 94306.1328125 515.285766602
5.123937618 94959.7265625 527.88092041
5.13022080331 96333.5859375 542.483886719
5.13650398862 97332.3046875 553.361938477
5.14278717393 97911.6875 562.387573242
5.14907035923 99341.359375 582.305969238
5.15535354454 101249.21875 602.886352539
5.16163672985 100313.453125 599.112792969
5.16791991516 101792.234375 618.519592285
5.17420310046 102617.265625 635.337585449
5.18048628577 104829.28125 658.863891602
5.18676947108 104869.453125 662.758728027
5.19305265638 107334.859375 690.827087402
5.19933584169 108226.359375 709.505493164
5.205619027 108036.265625 719.079589844
5.21190221231 109330.84375 735.849121094
5.21818539761 111562.59375 765.549987793
5.22446858292 114289.421875 800.892944336
5.23075176823 114426.4375 803.700622559
5.23703495353 116246.484375 831.409606934
5.24331813884 116156.625 857.350769043
5.24960132415 118411.78125 891.856506348
5.25588450946 118969.5 892.847839355
5.26216769476 120748.15625 927.495178223
5.26845088007 121809.6875 969.327392578
5.27473406538 125661.59375 1013.10205078
5.28101725068 123798.296875 1004.80133057
5.28730043599 127807.03125 1064.64648438
5.2935836213 131136.03125 1119.63427734
5.29986680661 129557.234375 1132.84619141
5.30614999191 132936.0 1172.50317383
5.31243317722 135847.484375 1230.28356934
5.31871636253 137433.953125 1290.7845459
5.32499954783 138486.078125 1300.50317383
5.33128273314 139089.0625 1350.9630127
5.33756591845 142501.46875 1433.46887207
5.34384910376 146961.953125 1522.16955566
5.35013228906 143945.6875 1473.44677734
5.35641547437 148465.078125 1605.98803711
5.36269865968 148856.59375 1685.88220215
5.36898184498 152804.9375 1754.09448242
5.37526503029 153286.765625 1745.2578125
5.3815482156 153842.421875 1889.48168945
5.38783140091 159964.640625 2083.15673828
5.39411458621 158952.15625 2028.92443848
5.40039777152 160975.984375 2086.78173828
5.40668095683 165437.84375 2322.89111328
5.41296414214 165560.453125 2559.49975586
5.41924732744 167430.859375 2402.00634766
5.42553051275 169735.78125 2552.78833008
5.43181369806 173994.78125 2885.27758789
5.43809688336 174832.546875 3270.0378418
5.44438006867 172217.34375 2886.76928711
5.45066325398 177008.578125 3186.08447266
5.45694643929 182171.953125 3716.72680664
5.46322962459 186287.34375 4274.34863281
5.4695128099 189273.59375 3888.95532227
5.47579599521 198096.03125 4379.00390625
5.48207918051 190983.734375 5135.16455078
5.48836236582 197619.96875 5738.64990234
5.49464555113 193220.46875 5245.04052734
5.50092873644 201278.8125 5988.40478516
5.50721192174 191221.921875 8474.04101562
5.51349510705 208033.84375 7444.31005859
5.51977829236 213957.046875 8483.37402344
5.52606147766 214448.296875 9854.27734375
5.53234466297 221812.171875 16314.0800781
5.53862784828 210585.859375 12741.1191406
5.54491103359 201181.59375 15475.8886719
5.55119421889 252776.71875 25618.5332031
5.5574774042 185397.109375 37930.875
5.56376058951 158220.578125 36042.6484375
5.57004377481 140570.4375 92509.609375
