0.00942477796077 103132.742188 31412.1152344
0.0157079632679 119903.359375 22635.0761719
0.0219911485751 111431.710938 13676.2255859
0.0282743338823 90406.046875 9294.12207031
0.0345575191895 77790.6953125 6140.31640625
0.0408407044967 60704.7734375 4620.44140625
0.0471238898038 52480.078125 3259.10327148
0.053407075111 47413.734375 2765.1472168
0.0596902604182 42248.0625 2165.36987305
0.0659734457254 38709.2265625 1874.09509277
0.0722566310326 37076.671875 1655.44372559
0.0785398163397 31740.9101562 1333.9666748
0.0848230016469 28832.4648438 1132.66394043
0.0911061869541 25113.8632812 989.222839355
0.0973893722613 23280.015625 852.075378418
0.103672557568 20981.7890625 765.107116699
0.109955742876 18993.9882812 657.233764648
0.116238928183 18204.9101562 615.14666748
0.12252211349 15814.0244141 528.054992676
0.128805298797 16077.1318359 510.446746826
0.135088484104 14635.1337891 461.623016357
0.141371669412 13565.6259766 420.842895508
0.147654854719 12953.4189453 389.711181641
0.153938040026 11586.1064453 357.658233643
0.160221225333 11390.7744141 333.391479492
0.16650441064 10199.2958984 307.20803833
0.172787595947 9894.91503906 287.324768066
0.179070781255 9067.39550781 273.372894287
0.185353966562 9057.17675781 256.771942139
0.191637151869 8123.34082031 242.154968262
0.197920337176 8162.65917969 228.867218018
0.204203522483 7072.15332031 212.443161011
0.210486707791 7093.71386719 203.992675781
0.216769893098 7030.61035156 198.802474976
0.223053078405 6537.24902344 187.12461853
0.229336263712 6026.84765625 176.728942871
0.235619449019 6190.1640625 174.17048645
0.241902634326 5752.35253906 164.528106689
0.248185819634 5252.40917969 155.013885498
0.254469004941 5263.95605469 152.443115234
0.260752190248 5071.54296875 145.578903198
0.267035375555 4781.53515625 140.225036621
0.273318560862 4758.95410156 135.732254028
0.279601746169 4440.72460938 130.685180664
0.285884931477 4230.42675781 125.806045532
0.292168116784 3952.18554688 121.587844849
0.298451302091 3845.00878906 117.042266846
0.304734487398 3855.59179688 115.261077881
0.311017672705 3612.89355469 110.386604309
0.317300858013 3385.31445312 107.101982117
0.32358404332 3383.69726562 103.979598999
0.329867228627 3185.79101562 101.516395569
0.336150413934 2955.40332031 97.0750045776
0.342433599241 3117.33691406 97.7878799438
0.348716784548 3054.5703125 94.2064819336
0.354999969856 2767.8515625 91.3027648926
0.361283155163 2712.49414062 89.3819046021
0.36756634047 2719.87890625 87.2889709473
0.373849525777 2416.18945312 84.3380508423
0.380132711084 2402.87890625 82.2777938843
0.386415896392 2303.81347656 80.7917022705
0.392699081699 2261.15136719 79.3201904297
0.398982267006 2240.64648438 77.0629043579
0.405265452313 2042.41796875 75.9367675781
0.41154863762 1950.91894531 72.9428253174
0.417831822927 1999.1953125 73.2397689819
0.424115008235 1935.19824219 71.1694946289
0.430398193542 1871.05566406 69.733001709
0.436681378849 1876.9921875 68.9499435425
0.442964564156 1718.06542969 67.1562042236
0.449247749463 1659.98925781 65.8578262329
0.455530934771 1590.37109375 64.5148544312
0.461814120078 1614.27441406 63.2502403259
0.468097305385 1450.10058594 62.2753829956
0.474380490692 1500.35351562 61.178062439
0.480663675999 1376.91503906 60.1712989807
0.486946861306 1376.65527344 59.2244720459
0.493230046614 1427.44433594 58.787197113
0.499513231921 1302.48046875 57.3823242188
0.505796417228 1327.66210938 56.8783836365
0.512079602535 1096.73535156 54.8786773682
0.518362787842 1188.41601562 54.4802131653
0.524645973149 1180.21386719 54.093132019
0.530929158457 1060.90429688 52.9507675171
0.537212343764 1109.13574219 52.2518196106
0.543495529071 992.779296875 51.3333625793
0.549778714378 1120.56933594 51.2036514282
0.556061899685 999.84765625 50.4732933044
0.562345084993 1003.37597656 49.2798309326
0.5686282703 932.779296875 48.7762985229
0.574911455607 939.354492188 48.2949523926
0.581194640914 911.831054688 47.5899848938
0.587477826221 834.21875 46.7683334351
0.593761011528 722.060546875 45.8476676941
0.600044196836 761.42578125 45.434173584
0.606327382143 803.409179688 45.33776474
0.61261056745 750.91015625 44.3895263672
0.618893752757 683.998046875 43.7836685181
0.625176938064 732.600585938 43.523765564
0.631460123372 666.078125 42.9157485962
0.637743308679 695.913085938 42.4007339478
0.644026493986 619.248046875 41.9160423279
0.650309679293 652.666992188 41.4654846191
0.6565928646 657.666992188 41.1979026794
0.662876049907 633.595703125 40.6811828613
0.669159235215 455.005859375 39.6798973083
0.675442420522 551.95703125 39.5124320984
0.681725605829 419.686523438 38.9440956116
0.688008791136 446.205078125 38.3975067139
0.694291976443 539.219726562 38.6787490845
0.700575161751 421.02734375 37.5807685852
0.706858347058 491.009765625 37.7015800476
0.713141532365 410.7265625 36.9902038574
0.719424717672 402.33203125 36.6654472351
0.725707902979 475.470703125 36.5870704651
0.731991088286 396.57421875 36.0634727478
0.738274273594 358.078125 35.5563201904
0.744557458901 371.15234375 35.4258613586
0.750840644208 298.599609375 34.8191642761
0.757123829515 326.604492188 34.5828285217
0.763407014822 331.384765625 34.3172645569
0.769690200129 377.412109375 34.2400627136
0.775973385437 357.9921875 33.7759895325
0.782256570744 295.609375 33.4165000916
0.788539756051 280.637695312 32.9887161255
0.794822941358 317.2734375 33.1411819458
0.801106126665 258.677734375 32.4280891418
0.807389311973 257.068359375 32.2754554749
0.81367249728 253.7265625 31.9162788391
0.819955682587 214.3515625 31.6284484863
0.826238867894 264.776367188 31.5143146515
0.832522053201 241.23828125 31.1744804382
0.838805238508 226.8125 30.856344223
0.845088423816 184.033203125 30.7236442566
0.851371609123 197.88671875 30.3657112122
0.85765479443 185.610351562 30.1076831818
0.863937979737 184.736328125 29.9399089813
0.870221165044 131.0 29.5304393768
0.876504350352 195.217773438 29.5552902222
0.882787535659 153.9375 29.1391601562
0.889070720966 121.950195312 28.9237041473
0.895353906273 169.262695312 28.846578598
0.90163709158 118.297851562 28.4219703674
0.907920276887 82.3896484375 28.2348766327
0.914203462195 133.48046875 28.0329780579
0.920486647502 117.286132812 27.9609699249
0.926769832809 130.814453125 27.6963405609
0.933053018116 108.7109375 27.5033931732
0.939336203423 99.5537109375 27.2359447479
0.945619388731 142.279296875 27.3081264496
0.951902574038 86.716796875 26.8753643036
0.958185759345 78.8681640625 26.7467403412
0.964468944652 67.8447265625 26.394317627
0.970752129959 65.2626953125 26.3433322906
0.977035315266 57.3798828125 26.1329402924
0.983318500574 89.72265625 26.0765132904
0.989601685881 27.8974609375 25.7155475616
0.995884871188 73.453125 25.6478042603
1.0021680565 55.6669921875 25.4649467468
1.0084512418 29.5439453125 25.2942752838
1.01473442711 -1.3408203125 24.9477710724
1.02101761242 43.3271484375 24.9535045624
1.02730079772 37.6826171875 24.8169612885
1.03358398303 61.9169921875 24.6879844666
1.03986716834 -7.865234375 24.3769741058
1.04615035365 29.234375 24.3678207397
1.05243353895 -8.5283203125 24.0724925995
1.05871672426 17.3720703125 24.0697479248
1.06499990957 9.5478515625 23.8031330109
1.07128309487 18.79296875 23.7423534393
1.07756628018 18.986328125 23.5853157043
1.08384946549 -8.033203125 23.4098873138
1.0901326508 23.4130859375 23.339635849
1.0964158361 35.1884765625 23.2187213898
1.10269902141 16.7490234375 23.0354270935
1.10898220672 -37.640625 22.8333435059
1.11526539202 2.92578125 22.8006248474
1.12154857733 6.5107421875 22.642118454
1.12783176264 1.44921875 22.4739952087
1.13411494795 -16.6962890625 22.3330879211
1.14039813325 -40.2490234375 22.2080001831
1.14668131856 -25.4970703125 22.0642242432
1.15296450387 -32.373046875 21.892206192
1.15924768917 -30.8837890625 21.861415863
1.16553087448 -52.5029296875 21.6442108154
1.17181405979 -20.0830078125 21.63331604
1.1780972451 -55.3681640625 21.3648700714
1.1843804304 -18.869140625 21.466960907
1.19066361571 -15.5361328125 21.2578086853
1.19694680102 -58.4814453125 21.1297969818
1.20322998632 -41.849609375 20.9388980865
1.20951317163 -46.681640625 20.9473896027
1.21579635694 -51.662109375 20.7343540192
1.22207954225 -21.962890625 20.7432575226
1.22836272755 -41.005859375 20.5448226929
1.23464591286 -40.189453125 20.4683055878
1.24092909817 -55.9453125 20.3948688507
1.24721228348 -41.53515625 20.2492790222
1.25349546878 -15.6484375 20.2081718445
1.25977865409 -35.732421875 20.0839424133
1.2660618394 -43.8251953125 19.9467201233
1.2723450247 -54.7158203125 19.8614425659
1.27862821001 -74.45703125 19.6645030975
1.28491139532 -28.8037109375 19.7375888824
1.29119458063 -50.853515625 19.5008563995
1.29747776593 -6.0302734375 19.5817527771
1.30376095124 -69.1884765625 19.3322505951
1.31004413655 -56.611328125 19.2829551697
1.31632732185 -26.0625 19.2163410187
1.32261050716 -19.54296875 19.160741806
1.32889369247 -39.5244140625 19.0324134827
1.33517687778 -31.5693359375 18.9528369904
1.34146006308 -15.369140625 18.8472576141
1.34774324839 -8.1591796875 18.8445949554
1.3540264337 -13.7001953125 18.7276935577
1.360309619 -18.626953125 18.6173648834
1.36659280431 -15.9248046875 18.5557174683
1.37287598962 -37.126953125 18.3956642151
1.37915917493 -39.791015625 18.3547706604
1.38544236023 -61.61328125 18.2087421417
1.39172554554 -59.2451171875 18.1130256653
1.39800873085 -31.4970703125 18.110200882
1.40429191615 -54.25 17.95860672
1.41057510146 -59.41796875 17.9031105042
1.41685828677 -24.0732421875 17.848859787
1.42314147208 -49.3046875 17.7811374664
1.42942465738 -59.0654296875 17.6268825531
1.43570784269 -39.916015625 17.6170902252
1.441991028 -37.0517578125 17.5130443573
1.4482742133 -48.8623046875 17.4747505188
1.45455739861 -49.0322265625 17.3482322693
1.46084058392 -15.0478515625 17.3501091003
1.46712376923 -48.5263671875 17.1979522705
1.47340695453 -9.74609375 17.2278442383
1.47969013984 -23.7275390625 17.1064128876
1.48597332515 -47.1943359375 17.0044174194
1.49225651046 -23.9521484375 16.976108551
1.49853969576 -40.3642578125 16.8995761871
1.50482288107 -50.955078125 16.7517051697
1.51110606638 -47.775390625 16.7287082672
1.51738925168 -25.2802734375 16.6696815491
1.52367243699 -30.9013671875 16.6076011658
1.5299556223 -49.02734375 16.4927749634
1.53623880761 -61.375 16.413482666
1.54252199291 -20.26953125 16.4348163605
1.54880517822 -38.9619140625 16.3381233215
1.55508836353 -16.6796875 16.2608642578
1.56137154883 -19.3154296875 16.2577171326
1.56765473414 -74.49609375 16.0670223236
1.57393791945 -22.0068359375 16.0895786285
1.58022110476 -1.236328125 16.046087265
1.58650429006 -16.453125 15.9850282669
1.59278747537 -25.9365234375 15.9066400528
1.59907066068 -47.0849609375 15.7735538483
1.60535384598 -7.1455078125 15.795794487
1.61163703129 -57.3955078125 15.6720762253
1.6179202166 26.083984375 15.7278432846
1.62420340191 -17.6884765625 15.5974006653
1.63048658721 -4.0166015625 15.5620136261
1.63676977252 -1.583984375 15.5027341843
1.64305295783 -10.75390625 15.4303283691
1.64933614313 1.7607421875 15.4083442688
1.65561932844 -24.1201171875 15.2713155746
1.66190251375 -3.494140625 15.281624794
1.66818569906 -3.5615234375 15.1806774139
1.67446888436 7.3076171875 15.1997509003
1.68075206967 -26.216796875 15.059217453
1.68703525498 -30.45703125 14.9798593521
1.69331844028 13.8994140625 14.9999399185
1.69960162559 26.48046875 15.0081415176
1.7058848109 19.712890625 14.8738250732
1.71216799621 8.8671875 14.8530073166
1.71845118151 13.5849609375 14.769618988
1.72473436682 42.7626953125 14.7981557846
1.73101755213 28.6728515625 14.7028512955
1.73730073744 44.6044921875 14.6550798416
1.74358392274 26.751953125 14.6220989227
1.74986710805 39.58984375 14.5558633804
1.75615029336 16.916015625 14.471113205
1.76243347866 56.9384765625 14.4856681824
1.76871666397 54.462890625 14.4206933975
1.77499984928 28.197265625 14.3485708237
1.78128303459 45.677734375 14.2931470871
1.78756621989 36.376953125 14.2703008652
1.7938494052 60.5927734375 14.2066383362
1.80013259051 36.8828125 14.1806592941
1.80641577581 40.37109375 14.0903940201
1.81269896112 63.90234375 14.1090831757
1.81898214643 69.4814453125 14.0341701508
1.82526533174 60.62109375 13.9904327393
1.83154851704 66.8193359375 13.9484872818
1.83783170235 69.9560546875 13.9059247971
1.84411488766 35.4775390625 13.7949619293
1.85039807296 65.02734375 13.8175430298
1.85668125827 73.650390625 13.7614421844
1.86296444358 64.158203125 13.7226753235
1.86924762889 75.4560546875 13.66837883
1.87553081419 64.7158203125 13.6164646149
1.8818139995 91.8564453125 13.6150999069
1.88809718481 77.0625 13.5501050949
1.89438037011 109.233398438 13.5537509918
1.90066355542 75.7607421875 13.4293012619
1.90694674073 101.66796875 13.4516849518
1.91322992604 108.463867188 13.4204940796
1.91951311134 108.920898438 13.3488817215
1.92579629665 75.0419921875 13.2889194489
1.93207948196 129.439453125 13.2815494537
1.93836266726 139.458007812 13.3082180023
1.94464585257 161.895507812 13.2432546616
1.95092903788 123.053710938 13.1716804504
1.95721222319 110.611328125 13.0977230072
1.96349540849 157.064453125 13.1316890717
1.9697785938 148.024414062 13.0757741928
1.97606177911 128.256835938 12.9928798676
1.98234496442 140.10546875 12.981054306
1.98862814972 135.720703125 12.9412851334
1.99491133503 160.799804688 12.9240188599
2.00119452034 153.916992188 12.8790884018
2.00747770564 169.455078125 12.8542385101
2.01376089095 158.272460938 12.813117981
2.02004407626 174.259765625 12.7753133774
2.02632726157 181.454101562 12.7357358932
2.03261044687 186.690429688 12.7162532806
2.03889363218 180.974609375 12.6895170212
2.04517681749 208.649414062 12.6545085907
2.05146000279 181.692382812 12.5906467438
2.0577431881 215.5 12.5932359695
2.06402637341 214.293945312 12.5598239899
2.07030955872 214.359375 12.5097961426
2.07659274402 210.615234375 12.4738616943
2.08287592933 202.10546875 12.4444494247
2.08915911464 246.73046875 12.4554491043
2.09544229994 240.973632812 12.3797798157
2.10172548525 245.458007812 12.3884391785
2.10800867056 246.484375 12.3224153519
2.11429185587 241.651367188 12.2942724228
2.12057504117 275.682617188 12.29753685
2.12685822648 279.9765625 12.2596883774
2.13314141179 272.244140625 12.2152385712
2.13942459709 283.979492188 12.1887512207
2.1457077824 276.215820312 12.151517868
2.15199096771 289.243164062 12.1457204819
2.15827415302 287.2421875 12.0710372925
2.16455733832 287.895507812 12.0759010315
2.17084052363 290.4921875 12.0079851151
2.17712370894 314.209960938 12.0357751846
2.18340689424 308.873046875 11.9837713242
2.18969007955 307.654296875 11.9363737106
2.19597326486 320.770507812 11.919175148
2.20225645017 330.970703125 11.9078912735
2.20853963547 359.512695312 11.9010248184
2.21482282078 351.123046875 11.8568897247
2.22110600609 363.71484375 11.8271074295
2.2273891914 367.375976562 11.8241405487
2.2336723767 338.625976562 11.7252111435
2.23995556201 378.278320312 11.7650794983
2.24623874732 384.641601562 11.7228326797
2.25252193262 386.88671875 11.703792572
2.25880511793 392.303710938 11.6789264679
2.26508830324 406.662109375 11.6431875229
2.27137148855 409.478515625 11.6397733688
2.27765467385 409.374023438 11.5812587738
2.28393785916 433.178710938 11.589261055
2.29022104447 450.790039062 11.5815258026
2.29650422977 437.178710938 11.5116863251
2.30278741508 439.463867188 11.5225429535
2.30907060039 445.736328125 11.4593963623
2.3153537857 458.376953125 11.4665107727
2.321636971 485.567382812 11.4393777847
2.32792015631 462.6171875 11.4124603271
2.33420334162 484.80078125 11.4006900787
2.34048652692 486.672851562 11.3598279953
2.34676971223 513.543945312 11.3588638306
2.35305289754 506.438476562 11.3231735229
2.35933608285 512.932617188 11.3031587601
2.36561926815 554.432617188 11.3318223953
2.37190245346 543.76171875 11.258436203
2.37818563877 546.041015625 11.2578201294
2.38446882407 518.711914062 11.1832427979
2.39075200938 568.41015625 11.2185544968
2.39703519469 580.0859375 11.2009372711
2.40331838 584.296875 11.1654071808
2.4096015653 605.564453125 11.1563262939
2.41588475061 580.356445312 11.1084318161
2.42216793592 601.58984375 11.090045929
2.42845112122 641.348632812 11.1314496994
2.43473430653 626.243164062 11.0596561432
2.44101749184 656.108398438 11.0788002014
2.44730067715 652.518554688 11.0245294571
2.45358386245 661.75390625 11.0352125168
2.45986704776 676.311523438 10.9978599548
2.46615023307 672.883789062 10.9767580032
2.47243341838 702.073242188 10.9794473648
2.47871660368 691.700195312 10.9461269379
2.48499978899 707.454101562 10.9212360382
2.4912829743 716.7578125 10.9060440063
2.4975661596 743.850585938 10.9177207947
2.50384934491 785.325195312 10.9156999588
2.51013253022 755.15625 10.8639974594
2.51641571553 787.59765625 10.8747606277
2.52269890083 779.6640625 10.8230276108
2.52898208614 794.850585938 10.8355932236
2.53526527145 830.64453125 10.8251743317
2.54154845675 833.430664062 10.8107995987
2.54783164206 844.723632812 10.7872076035
2.55411482737 855.8203125 10.7904729843
2.56039801268 852.279296875 10.746919632
2.56668119798 869.620117188 10.7242527008
2.57296438329 902.037109375 10.7488079071
2.5792475686 904.181640625 10.7215499878
2.5855307539 932.583984375 10.7118930817
2.59181393921 935.213867188 10.7032165527
2.59809712452 940.427734375 10.676486969
2.60438030983 941.159179688 10.661532402
2.61066349513 973.341796875 10.6421422958
2.61694668044 999.596679688 10.6658372879
2.62322986575 990.232421875 10.6274871826
2.62951305105 1012.89746094 10.6071386337
2.63579623636 1038.08105469 10.6215410233
2.64207942167 1051.48046875 10.6005172729
2.64836260698 1065.08789062 10.592707634
2.65464579228 1088.0625 10.5815496445
2.66092897759 1083.88183594 10.5578699112
2.6672121629 1139.07226562 10.5948152542
2.6734953482 1135.61816406 10.5436754227
2.67977853351 1129.27734375 10.5314884186
2.68606171882 1165.6953125 10.5321722031
2.69234490413 1194.47265625 10.5455541611
2.69862808943 1228.16796875 10.5469264984
2.70491127474 1227.30078125 10.5275411606
2.71119446005 1236.56347656 10.5040493011
2.71747764536 1277.02050781 10.5163698196
2.72376083066 1285.3203125 10.4964790344
2.73004401597 1299.09863281 10.4795846939
2.73632720128 1304.15136719 10.4848194122
2.74261038658 1336.84667969 10.4775648117
2.74889357189 1376.82421875 10.4783849716
2.7551767572 1367.1875 10.464717865
2.76145994251 1398.67089844 10.4520769119
2.76774312781 1419.56542969 10.4596166611
2.77402631312 1457.06152344 10.4625701904
2.78030949843 1461.46289062 10.4492340088
2.78659268373 1491.58496094 10.4531736374
2.79287586904 1482.2421875 10.4209403992
2.79915905435 1504.40136719 10.4050016403
2.80544223966 1540.03515625 10.428571701
2.81172542496 1554.26074219 10.4019508362
2.81800861027 1599.30078125 10.454867363
2.82429179558 1618.08007812 10.4039964676
2.83057498088 1659.71777344 10.4349994659
2.83685816619 1651.64648438 10.4049139023
2.8431413515 1682.95703125 10.4128274918
2.84942453681 1713.00488281 10.4130735397
2.85570772211 1736.04003906 10.410782814
2.86199090742 1771.49511719 10.4221286774
2.86827409273 1784.45996094 10.4071311951
2.87455727803 1818.27734375 10.4112968445
2.88084046334 1848.09082031 10.4219722748
2.88712364865 1853.55371094 10.3961639404
2.89340683396 1884.32128906 10.4126214981
2.89969001926 1923.52539062 10.4145698547
2.90597320457 1933.27050781 10.405919075
2.91225638988 1976.04589844 10.406042099
2.91853957518 2006.60253906 10.4254350662
2.92482276049 2039.77050781 10.4214105606
2.9311059458 2063.24707031 10.4206819534
2.93738913111 2073.52148438 10.4141836166
2.94367231641 2126.36816406 10.4312314987
2.94995550172 2149.2265625 10.4252252579
2.95623868703 2170.24414062 10.434469223
2.96252187234 2198.02636719 10.4177970886
2.96880505764 2222.06054688 10.4289293289
2.97508824295 2259.74121094 10.4360513687
2.98137142826 2296.18066406 10.4427680969
2.98765461356 2312.44433594 10.4310302734
2.99393779887 2375.83203125 10.4704427719
3.00022098418 2417.70019531 10.48579216
3.00650416949 2422.25390625 10.4616117477
3.01278735479 2464.078125 10.4718780518
3.0190705401 2499.49511719 10.4858675003
3.02535372541 2549.13378906 10.4932794571
3.03163691071 2582.84277344 10.5127105713
3.03792009602 2597.23046875 10.4874582291
3.04420328133 2659.1171875 10.5313272476
3.05048646664 2677.63574219 10.5215864182
3.05676965194 2728.31835938 10.5445680618
3.06305283725 2744.69042969 10.5255069733
3.06933602256 2795.77441406 10.5566625595
3.07561920786 2843.15429688 10.5592279434
3.08190239317 2891.60644531 10.5978212357
3.08818557848 2909.13378906 10.5725336075
3.09446876379 2945.73046875 10.5945615768
3.10075194909 3025.83300781 10.6204442978
3.1070351344 3042.09570312 10.6326761246
3.11331831971 3079.63769531 10.6252784729
3.11960150501 3133.8203125 10.6626577377
3.12588469032 3163.54003906 10.6477375031
3.13216787563 3222.06640625 10.6865463257
3.13845106094 3282.24023438 10.7095375061
3.14473424624 3323.66113281 10.7155275345
3.15101743155 3360.92871094 10.7379779816
3.15730061686 3427.796875 10.7571153641
3.16358380216 3443.50097656 10.7485675812
3.16986698747 3481.94335938 10.7659225464
3.17615017278 3534.34765625 10.7685251236
3.18243335809 3608.41699219 10.8290109634
3.18871654339 3654.5 10.8227834702
3.1949997287 3698.03125 10.846414566
3.20128291401 3756.11621094 10.8665771484
3.20756609932 3801.87890625 10.896112442
3.21384928462 3865.8203125 10.9014024734
3.22013246993 3898.34179688 10.9347629547
3.22641565524 3917.67480469 10.9545326233
3.23269884054 3924.68652344 10.9821844101
3.23898202585 3949.84082031 10.9992589951
3.24526521116 3978.41210938 11.0428371429
3.25154839647 3968.04003906 11.0420694351
3.25783158177 4011.90136719 11.0882987976
3.26411476708 4022.98828125 11.10505867
3.27039795239 4040.49023438 11.1390457153
3.27668113769 4061.96972656 11.1543073654
3.282964323 4076.69726562 11.1880817413
3.28924750831 4085.22460938 11.2054300308
3.29553069362 4133.72363281 11.2560462952
3.30181387892 4135.88769531 11.262845993
3.30809706423 4159.64941406 11.3106498718
3.31438024954 4165.98730469 11.3139381409
3.32066343484 4201.41113281 11.3636760712
3.32694662015 4200.63476562 11.3741569519
3.33322980546 4234.54589844 11.4059209824
3.33951299077 4247.48730469 11.4343929291
3.34579617607 4264.76757812 11.4642763138
3.35207936138 4262.4609375 11.4735040665
3.35836254669 4317.53125 11.5377922058
3.36464573199 4321.52832031 11.5527439117
3.3709289173 4343.05957031 11.5737810135
3.37721210261 4369.90625 11.6257534027
3.38349528792 4376.19726562 11.6262531281
3.38977847322 4416.77050781 11.6845550537
3.39606165853 4443.17480469 11.724779129
3.40234484384 4440.89550781 11.7323102951
3.40862802914 4461.80761719 11.7737073898
3.41491121445 4472.5390625 11.7727775574
3.42119439976 4502.45507812 11.8435773849
3.42747758507 4541.00390625 11.8665370941
3.43376077037 4570.54101562 11.9148836136
3.44004395568 4604.80761719 11.959810257
3.44632714099 4608.59472656 11.9813499451
3.4526103263 4634.0078125 12.0063819885
3.4588935116 4650.45898438 12.0568990707
3.46517669691 4688.08496094 12.0855169296
3.47145988222 4725.54492188 12.1445426941
3.47774306752 4708.07714844 12.1367521286
3.48402625283 4740.72558594 12.1915664673
3.49030943814 4777.59375 12.2447271347
3.49659262345 4799.75683594 12.2571964264
3.50287580875 4825.87597656 12.3235197067
3.50915899406 4842.83398438 12.3447618484
3.51544217937 4882.13574219 12.3939123154
3.52172536467 4892.4375 12.4239606857
3.52800854998 4927.62402344 12.4717092514
3.53429173529 4945.875 12.5048713684
3.5405749206 4995.890625 12.5554666519
3.5468581059 5001.91503906 12.6045875549
3.55314129121 5067.90136719 12.6426935196
3.55942447652 5079.02441406 12.7076482773
3.56570766182 5098.84082031 12.7295103073
3.57199084713 5130.53710938 12.7815418243
3.57827403244 5153.34863281 12.8125038147
3.58455721775 5205.87792969 12.8896837234
3.59084040305 5212.52246094 12.9168252945
3.59712358836 5246.03222656 12.9609031677
3.60340677367 5275.62890625 13.0024356842
3.60968995897 5302.36914062 13.0657444
3.61597314428 5329.61035156 13.0857276917
3.62225632959 5367.55664062 13.162320137
3.6285395149 5400.70019531 13.2039709091
3.6348227002 5431.3359375 13.251531601
3.64110588551 5456.75585938 13.2886295319
3.64738907082 5493.61230469 13.3528299332
3.65367225612 5515.28417969 13.4085712433
3.65995544143 5556.54101562 13.4521198273
3.66623862674 5598.75195312 13.5128517151
3.67252181205 5620.43457031 13.572221756
3.67880499735 5675.16796875 13.6306848526
3.68508818266 5674.54199219 13.6645622253
3.69137136797 5719.70800781 13.7268486023
3.69765455328 5748.59277344 13.7761182785
3.70393773858 5791.29199219 13.8437271118
3.71022092389 5812.171875 13.8838148117
3.7165041092 5857.58105469 13.9531602859
3.7227872945 5884.48632812 14.0084686279
3.72907047981 5939.18164062 14.080493927
3.73535366512 5962.14648438 14.1353731155
3.74163685043 6012.08691406 14.2019701004
3.74792003573 6067.42382812 14.2832860947
3.75420322104 6087.42871094 14.3177967072
3.76048640635 6133.08789062 14.4047279358
3.76676959165 6193.01367188 14.4891910553
3.77305277696 6221.55078125 14.5497655869
3.77933596227 6262.26074219 14.5822668076
3.78561914758 6315.82324219 14.704202652
3.79190233288 6347.72558594 14.7384538651
3.79818551819 6394.92285156 14.8265533447
3.8044687035 6418.40332031 14.8759288788
3.8107518888 6489.75488281 14.9850215912
3.81703507411 6530.36230469 15.04383564
3.82331825942 6546.84472656 15.091917038
3.82960144473 6587.69042969 15.1658573151
3.83588463003 6639.28222656 15.2604990005
3.84216781534 6694.53417969 15.3240299225
3.84845100065 6734.65917969 15.4197816849
3.85473418595 6799.73925781 15.5047063828
3.86101737126 6857.56542969 15.6037893295
3.86730055657 6881.54589844 15.6646947861
3.87358374188 6939.76660156 15.7445631027
3.87986692718 6960.31152344 15.8182153702
3.88615011249 7034.88183594 15.9040021896
3.8924332978 7102.44238281 16.0356349945
3.8987164831 7121.93847656 16.072271347
3.90499966841 7170.13964844 16.1627731323
3.91128285372 7241.05175781 16.2971000671
3.91756603903 7306.73925781 16.3716964722
3.92384922433 7336.37011719 16.4588031769
3.93013240964 7381.06542969 16.5342979431
3.93641559495 7453.30175781 16.6729755402
3.94269878026 7498.71191406 16.7251358032
3.94898196556 7541.11425781 16.8243904114
3.95526515087 7602.38378906 16.9402542114
3.96154833618 7665.86035156 17.055021286
3.96783152148 7708.78808594 17.1237010956
3.97411470679 7768.65136719 17.2535476685
3.9803978921 7849.33886719 17.3655757904
3.98668107741 7914.71777344 17.5014057159
3.99296426271 7941.40722656 17.5420799255
3.99924744802 8045.57714844 17.7314414978
4.00553063333 8153.06933594 17.872587204
4.01181381863 8159.78417969 17.9383525848
4.01809700394 8205.79785156 18.0370750427
4.02438018925 8343.54394531 18.2345237732
4.03066337456 8372.85644531 18.3274478912
4.03694655986 8413.31542969 18.4049873352
4.04322974517 8468.47558594 18.5216655731
4.04951293048 8571.38964844 18.7028121948
4.05579611578 8604.84863281 18.7886180878
4.06207930109 8672.00292969 18.9369544983
4.0683624864 8758.54589844 19.0418891907
4.07464567171 8818.62792969 19.222568512
4.08092885701 8900.96972656 19.3345890045
4.08721204232 8928.00683594 19.4255180359
4.09349522763 9037.18066406 19.6348114014
4.09977841293 9095.91699219 19.7505645752
4.10606159824 9150.52441406 19.8725414276
4.11234478355 9276.96777344 20.0859737396
4.11862796886 9343.54980469 20.2092723846
4.12491115416 9404.91308594 20.3931903839
4.13119433947 9451.90136719 20.4760856628
4.13747752478 9542.02441406 20.6658821106
4.14376071008 9687.09667969 20.8856678009
4.15004389539 9752.02636719 21.0433120728
4.1563270807 9799.80371094 21.1812648773
4.16261026601 9873.98925781 21.3304367065
4.16889345131 9992.94824219 21.5579967499
4.17517663662 10055.3056641 21.7077331543
4.18145982193 10138.0400391 21.8751010895
4.18774300724 10258.1728516 22.0983200073
4.19402619254 10303.9384766 22.268289566
4.20030937785 10349.4677734 22.4069366455
4.20659256316 10486.8486328 22.614938736
4.21287574846 10564.1982422 22.8646602631
4.21915893377 10663.4208984 23.0207252502
4.22544211908 10752.3994141 23.2338466644
4.23172530439 10882.8251953 23.4886798859
4.23800848969 10934.6767578 23.6763515472
4.244291675 11039.2275391 23.8856639862
4.25057486031 11102.8681641 24.0335216522
4.25685804561 11216.7314453 24.3304195404
4.26314123092 11296.7001953 24.5259456635
4.26942441623 11390.7724609 24.7511787415
4.27570760154 11467.2255859 24.9647521973
4.28199078684 11629.0712891 25.2751941681
4.28827397215 11667.8193359 25.4578380585
4.29455715746 11776.7548828 25.6884288788
4.30084034276 11849.7548828 25.9340496063
4.30712352807 11967.2529297 26.2072048187
4.31340671338 12078.9951172 26.4770011902
4.31968989869 12126.4404297 26.7169284821
4.32597308399 12253.0869141 26.9444522858
4.3322562693 12367.3232422 27.2768135071
4.33853945461 12407.8291016 27.4848423004
4.34482263991 12502.6064453 27.7277603149
4.35110582522 12596.8349609 28.075761795
4.35738901053 12755.7255859 28.3632564545
4.36367219584 12792.4814453 28.6159267426
4.36995538114 13013.7353516 29.0534896851
4.37623856645 13066.2685547 29.3414077759
4.38252175176 13091.8505859 29.5627098083
4.38880493706 13239.3779297 29.868812561
4.39508812237 13330.4052734 30.2714862823
4.40137130768 13444.7958984 30.558177948
4.40765449299 13533.4990234 30.913608551
4.41393767829 13631.1826172 31.2266368866
4.4202208636 13713.5068359 31.5457191467
4.42650404891 13783.4892578 31.9517345428
4.43278723422 13998.5791016 32.3220062256
4.43907041952 14012.7236328 32.7284431458
4.44535360483 14153.0087891 33.0585479736
4.45163679014 14168.7353516 33.4083251953
4.45791997544 14306.1650391 33.8127822876
4.46420316075 14435.5966797 34.2513847351
4.47048634606 14354.4033203 34.4917297363
4.47676953137 14537.3837891 34.9604148865
4.48305271667 14593.5126953 35.3519325256
4.48933590198 14590.6767578 35.6636695862
4.49561908729 14703.4658203 36.1572914124
4.50190227259 14696.5048828 36.50415802
4.5081854579 14906.6142578 37.029384613
4.51446864321 14836.6572266 37.3608398438
4.52075182852 14956.8349609 37.8854064941
4.52703501382 14930.4521484 38.2026557922
4.53331819913 15055.8212891 38.7590141296
4.53960138444 15008.6025391 39.1027450562
4.54588456974 15015.3310547 39.5507278442
4.55216775505 15106.0029297 40.0625534058
4.55845094036 15121.5185547 40.4640350342
4.56473412567 15108.0771484 40.9189491272
4.57101731097 15117.0634766 41.2711830139
4.57730049628 15182.0263672 41.7259216309
4.58358368159 15150.3291016 42.0910224915
4.58986686689 15277.7822266 42.6863937378
4.5961500522 15467.3173828 43.3937492371
4.60243323751 15519.9033203 43.8787879944
4.60871642282 15527.0888672 44.2363243103
4.61499960812 15654.0966797 44.9453239441
4.62128279343 15773.2275391 45.4571266174
4.62756597874 15809.5439453 45.9764480591
4.63384916404 15812.7080078 46.3872833252
4.64013234935 15922.3076172 47.0490722656
4.64641553466 15974.4072266 47.4805335999
4.65269871997 16103.0615234 48.125667572
4.65898190527 16221.2490234 48.8349685669
4.66526509058 16326.7998047 49.4530181885
4.67154827589 16313.8232422 49.8151283264
4.6778314612 16472.7460938 50.5583076477
4.6841146465 16561.0039062 51.2842674255
4.69039783181 16720.3125 51.9738006592
4.69668101712 16754.609375 52.447933197
4.70296420242 16885.4765625 53.3302879333
4.70924738773 16841.78125 53.708316803
4.71553057304 17028.3945312 54.4260673523
4.72181375835 17117.1757812 55.1757850647
4.72809694365 17316.8085938 56.1081695557
4.73438012896 17410.7539062 56.8191299438
4.74066331427 17537.59375 57.4795608521
4.74694649957 17550.7773438 58.1760444641
4.75322968488 17878.1289062 59.3319854736
4.75951287019 17849.1328125 59.8341789246
4.7657960555 17847.0195312 60.4110374451
4.7720792408 18129.1953125 61.5223693848
4.77836242611 18279.0625 62.5000076294
4.78464561142 18370.1054688 63.3056678772
4.79092879672 18535.953125 64.0885543823
4.79721198203 18560.5703125 64.9384460449
4.80349516734 18684.5703125 65.9384460449
4.80977835265 18772.5625 66.5673294067
4.81606153795 18869.1914062 67.4926605225
4.82234472326 18990.8203125 68.4799728394
4.82862790857 19238.875 69.8451309204
4.83491109387 19436.640625 70.6585617065
4.84119427918 19615.5859375 72.0611495972
4.84747746449 19646.578125 72.9222183228
4.8537606498 19842.9257812 74.0149002075
4.8600438351 19919.0546875 74.839263916
4.86632702041 20129.1640625 76.3603515625
4.87261020572 20389.515625 77.6884841919
4.87889339102 20474.8945312 78.6545181274
4.88517657633 20630.2773438 79.8505554199
4.89145976164 20710.9140625 81.1143722534
4.89774294695 20866.078125 82.2972259521
4.90402613225 21151.8203125 83.7699813843
4.91030931756 21144.0390625 84.7580566406
4.91659250287 21470.5859375 86.5941696167
4.92287568818 21547.6445312 87.7601242065
4.92915887348 21774.9921875 89.2437515259
4.93544205879 22055.53125 90.8757171631
4.9417252441 22426.4023438 93.3240890503
4.9480084294 22403.4804688 94.2137756348
4.95429161471 22619.84375 95.5569458008
4.96057480002 22850.5195312 97.6692276001
4.96685798533 22991.1289062 99.4674224854
4.97314117063 23206.0195312 100.65322876
4.97942435594 23396.7890625 102.442047119
4.98570754125 23754.0039062 105.184638977
4.99199072655 23914.7695312 107.048843384
4.99827391186 24039.953125 107.965385437
5.00455709717 24402.7539062 110.861030579
5.01084028248 24737.5742188 113.531387329
5.01712346778 24903.7265625 115.617881775
5.02340665309 25092.9804688 116.786445618
5.0296898384 25349.2265625 119.706924438
5.0359730237 25601.5820312 122.25756073
5.04225620901 25792.953125 124.167045593
5.04853939432 26002.203125 126.60798645
5.05482257963 26323.4609375 129.299545288
5.06110576493 26608.2421875 132.960647583
5.06738895024 26805.3085938 133.933029175
5.07367213555 27039.078125 137.252731323
5.07995532085 27457.6679688 141.19342041
5.08623850616 27554.6757812 143.354660034
5.09252169147 27988.1210938 146.408081055
5.09880487678 28079.1875 148.900192261
5.10508806208 28456.3632812 153.372375488
5.11137124739 28757.4140625 156.500198364
5.1176544327 29044.9726562 159.17199707
5.123937618 29512.796875 164.164031982
5.13022080331 29947.5664062 168.736999512
5.13650398862 30225.0664062 171.979309082
5.14278717393 30294.234375 174.306137085
5.14907035923 30569.9179688 179.740142822
5.15535354454 31273.6445312 186.610290527
5.16163672985 31664.2539062 188.510864258
5.16791991516 31924.828125 193.674301147
5.17420310046 32236.7734375 199.192504883
5.18048628577 32692.8242188 205.429214478
5.18676947108 33040.2617188 208.259460449
5.19305265638 33031.3632812 213.208129883
5.19933584169 33528.421875 220.091644287
5.205619027 33696.6914062 224.224304199
5.21190221231 34960.4023438 233.915466309
5.21818539761 34917.8789062 239.360977173
5.22446858292 35191.0585938 247.250183105
5.23075176823 35524.328125 249.708618164
5.23703495353 37060.90625 263.745666504
5.24331813884 36458.8984375 268.667297363
5.24960132415 36987.4140625 278.427307129
5.25588450946 37239.2929688 279.195220947
5.26216769476 37565.6054688 288.638183594
5.26845088007 38397.0351562 304.804077148
5.27473406538 39143.8710938 315.594360352
5.28101725068 39405.6523438 318.423034668
5.28730043599 39326.15625 328.423126221
5.2935836213 40280.9375 344.892089844
5.29986680661 40757.3242188 355.691741943
5.30614999191 41590.4023438 366.528869629
5.31243317722 41988.390625 380.848388672
5.31871636253 41712.5273438 393.751342773
5.32499954783 43157.1914062 405.262908936
5.33128273314 43575.953125 422.80480957
5.33756591845 44763.3867188 449.604827881
5.34384910376 45332.5 470.386474609
5.35013228906 45003.8007812 460.368865967
5.35641547437 45336.6210938 492.202667236
5.36269865968 47006.1132812 531.092773438
5.36898184498 46567.9648438 536.659729004
5.37526503029 46820.796875 534.946411133
5.3815482156 47821.3164062 587.571289062
5.38783140091 48160.484375 630.863037109
5.39411458621 49108.4765625 627.735168457
5.40039777152 50306.1679688 651.800292969
5.40668095683 50569.7148438 712.286010742
5.41296414214 52170.8671875 805.044799805
5.41924732744 52173.375 748.470214844
5.42553051275 52637.5078125 792.246887207
5.43181369806 53506.3242188 889.104614258
5.43809688336 55789.7578125 1039.61206055
5.44438006867 54311.1914062 908.637512207
5.45066325398 57195.0234375 1023.77160645
5.45694643929 56375.5546875 1151.36730957
5.46322962459 57924.046875 1329.45300293
5.4695128099 57679.921875 1189.01550293
5.47579599521 60820.1328125 1347.25317383
5.48207918051 61698.703125 1650.36254883
5.48836236582 64720.015625 1866.47119141
5.49464555113 64542.6484375 1735.05566406
5.50092873644 59913.4375 1794.09533691
5.50721192174 61401.6875 2709.27612305
5.51349510705 63116.21875 2266.76635742
5.51977829236 61928.171875 2480.18115234
5.52606147766 70879.5859375 3232.44506836
5.53234466297 69118.0078125 5083.45751953
5.53862784828 62870.546875 3826.01928711
5.54491103359 80506.0546875 6002.20458984
5.55119421889 81067.7265625 8189.37109375
5.5574774042 68439.3125 13676.3349609
5.56376058951 65742.125 14337.5849609
5.57004377481 67473.515625 41478.2851562
