0.00942477796077 1.81784153925 0.267276120553
0.0157079632679 1.76970053624 0.16269117453
0.0219911485751 1.79964686633 0.107411723312
0.0282743338823 1.75299394326 0.0872731122036
0.0345575191895 1.79834453576 0.0684696279508
0.0408407044967 1.80851033813 0.0654624430119
0.0471238898038 1.73488811721 0.0512293645331
0.053407075111 1.78019302039 0.0490360072382
0.0596902604182 1.7874426829 0.042701607683
0.0659734457254 1.75912041325 0.0397138885485
0.0722566310326 1.79460016018 0.0371779436592
0.0785398163397 1.81461850629 0.0349354853088
0.0848230016469 1.79976457471 0.0324070145934
0.0911061869541 1.80927408768 0.0323125956164
0.0973893722613 1.79462230896 0.029638211244
0.103672557568 1.8111932548 0.0295401985704
0.109955742876 1.77631218684 0.0273481314989
0.116238928183 1.82151543844 0.0269836591827
0.12252211349 1.78171170557 0.0256335283144
0.128805298797 1.79707405224 0.0247929678043
0.135088484104 1.76787864485 0.0242033622058
0.141371669412 1.78733602085 0.023717571442
0.147654854719 1.77634463629 0.0229904771549
0.153938040026 1.76717848112 0.0229048768152
0.160221225333 1.78625665533 0.0220107987106
0.16650441064 1.71668240015 0.0220712667016
0.172787595947 1.75938307729 0.0212753718946
0.179070781255 1.75372253867 0.0216016275336
0.185353966562 1.76296375413 0.020675993388
0.191637151869 1.75144351716 0.0208592653706
0.197920337176 1.75275425708 0.0200360521274
0.204203522483 1.72205887178 0.0202899580953
0.210486707791 1.69726245857 0.0196769027237
0.216769893098 1.73097172134 0.0197383668319
0.223053078405 1.74437808644 0.0195800928692
0.229336263712 1.7179933339 0.0194748967787
0.235619449019 1.71045478881 0.0192341667231
0.241902634326 1.69504860901 0.0190058716354
0.248185819634 1.68929385451 0.0190480344577
0.254469004941 1.66246046683 0.0189840680198
0.260752190248 1.67159461089 0.0187066425646
0.267035375555 1.65579642431 0.0187142730273
0.273318560862 1.66283569799 0.0182333859763
0.279601746169 1.64684632807 0.0184591752087
0.285884931477 1.63881328401 0.01830836678
0.292168116784 1.62480701929 0.0185246658299
0.298451302091 1.59547532111 0.0183172796601
0.304734487398 1.62016164334 0.0181049382093
0.311017672705 1.61046706134 0.0179962260932
0.317300858013 1.609662236 0.0180976669944
0.32358404332 1.5726713253 0.0179828978302
0.329867228627 1.55153769084 0.0183210684925
0.336150413934 1.56504459253 0.0178632505168
0.342433599241 1.57216649694 0.0180879573045
0.348716784548 1.57625147512 0.0176652942752
0.354999969856 1.54455051485 0.0180136296387
0.361283155163 1.55021975487 0.01789339986
0.36756634047 1.53072492324 0.0178834298039
0.373849525777 1.50208348795 0.0180995345702
0.380132711084 1.51558345772 0.0177273994809
0.386415896392 1.47239502065 0.0181576489699
0.392699081699 1.49808827745 0.017734085547
0.398982267006 1.47483254803 0.0178545288546
0.405265452313 1.47252175936 0.0182451118726
0.41154863762 1.45092600608 0.0180438149272
0.417831822927 1.45279026378 0.0181966489449
0.424115008235 1.46098674121 0.0178976730325
0.430398193542 1.45561627029 0.0178741117849
0.436681378849 1.43058169881 0.017925532892
0.442964564156 1.4416400711 0.0179073105913
0.449247749463 1.41965709188 0.0180641936352
0.455530934771 1.38360066989 0.018323255398
0.461814120078 1.38984917933 0.0181097663572
0.468097305385 1.3438925309 0.018596480539
0.474380490692 1.38040457825 0.0181578499765
0.480663675999 1.33883826428 0.0185441488154
0.486946861306 1.34637051421 0.018377993101
0.493230046614 1.34919916917 0.0183629902885
0.499513231921 1.34737725484 0.0184761805041
0.505796417228 1.36582244252 0.0181084647169
0.512079602535 1.30052189235 0.0187365895516
0.518362787842 1.30849649205 0.0183456174578
0.524645973149 1.29426133118 0.0186973710443
0.530929158457 1.28897315864 0.018801797136
0.537212343764 1.24149722779 0.0190404029355
0.543495529071 1.28986200714 0.0188098204414
0.549778714378 1.29553458601 0.0184889402635
0.556061899685 1.24192409209 0.0192200633916
0.562345084993 1.26888750435 0.0185599486148
0.5686282703 1.2112747703 0.019331683841
0.574911455607 1.23363168411 0.0191604399812
0.581194640914 1.23420463479 0.0191436953718
0.587477826221 1.17219288203 0.0198205234967
0.593761011528 1.16714183153 0.0199330836411
0.600044196836 1.17038320582 0.0197312702441
0.606327382143 1.17441860467 0.0196941282676
0.61261056745 1.16641081255 0.0197838426678
0.618893752757 1.15036228327 0.0200625605285
0.625176938064 1.15595001042 0.0198240113511
0.631460123372 1.17497159089 0.0195628254195
0.637743308679 1.15401417138 0.0196151635982
0.644026493986 1.13271704328 0.02015818663
0.650309679293 1.15010091292 0.0196851628957
0.6565928646 1.12089241159 0.0202141587008
0.662876049907 1.1169072465 0.0201742166061
0.669159235215 1.05176786029 0.0213213935452
0.675442420522 1.06271886166 0.0209941689591
0.681725605829 1.06576815747 0.0209934995142
0.688008791136 1.04850778586 0.0212365531656
0.694291976443 1.05193102518 0.0211533202127
0.700575161751 1.0127191114 0.0217137966552
0.706858347058 1.05731640298 0.0209578428032
0.713141532365 1.02614736775 0.0215421412907
0.719424717672 0.993444399056 0.0221516279488
0.725707902979 1.01345193231 0.0215056706092
0.731991088286 1.01841373001 0.0215674520026
0.738274273594 0.964146371818 0.0226504668674
0.744557458901 0.968293020954 0.0224743199067
0.750840644208 0.964773010824 0.0225413702364
0.757123829515 0.949387166126 0.0227705605555
0.763407014822 0.976709408113 0.022265673011
0.769690200129 0.950449055797 0.0226698669182
0.775973385437 0.935481416421 0.0229474883917
0.782256570744 0.93140724901 0.0230597380157
0.788539756051 0.921131861354 0.0231961350691
0.794822941358 0.897296940297 0.0240146781224
0.801106126665 0.927162426073 0.0230719084678
0.807389311973 0.902751077879 0.0236022397839
0.81367249728 0.879519983373 0.0241126268539
0.819955682587 0.890588375354 0.0239513783026
0.826238867894 0.898576857188 0.0237397029674
0.832522053201 0.846568640306 0.0249529815242
0.838805238508 0.847262807069 0.0248230781243
0.845088423816 0.825506658712 0.0256313350219
0.851371609123 0.817301589283 0.0257309185391
0.85765479443 0.796681531253 0.0264540945694
0.863937979737 0.818127914187 0.0257251396981
0.870221165044 0.804418410421 0.026129222336
0.876504350352 0.79215354801 0.0264888278249
0.882787535659 0.740414501453 0.0280450041978
0.889070720966 0.724713328309 0.0288271021551
0.895353906273 0.774530679461 0.0268984603108
0.90163709158 0.774846684593 0.0269305525859
0.907920276887 0.701061057617 0.0297178605352
0.914203462195 0.768042832719 0.0269539040551
0.920486647502 0.742344041224 0.0280665748864
0.926769832809 0.751538305971 0.027529756169
0.933053018116 0.723252145859 0.0286944937272
0.939336203423 0.722790641389 0.0286025832179
0.945619388731 0.737736319459 0.0281527459365
0.951902574038 0.670334723665 0.0307974092383
0.958185759345 0.725244326098 0.0286462606928
0.964468944652 0.675006093982 0.0304983665858
0.970752129959 0.62746253048 0.0327201875223
0.977035315266 0.675193298846 0.0305239809514
0.983318500574 0.66999998983 0.0307354549549
0.989601685881 0.600302568643 0.0342475958224
0.995884871188 0.650357947291 0.0315769819788
1.0021680565 0.624366967568 0.0328399139147
1.0084512418 0.574696976319 0.0356643168947
1.01473442711 0.578645259742 0.0353100008619
1.02101761242 0.63766901253 0.0321407084286
1.02730079772 0.513594064411 0.0396564474879
1.03358398303 0.605002513404 0.0336688139758
1.03986716834 0.489480342483 0.0416148476416
1.04615035365 0.58702968739 0.0347844079075
1.05243353895 0.57883859375 0.0352248113215
1.05871672426 0.553788996119 0.0368518893573
1.06499990957 0.536135959382 0.0378865211479
1.07128309487 0.591509305629 0.0344850456978
1.07756628018 0.487179436278 0.0416557182996
1.08384946549 0.49767596304 0.0408552296727
1.0901326508 0.514340570304 0.0395698540282
1.0964158361 0.52605447516 0.0385639865087
1.10269902141 0.512217804052 0.0395045043445
1.10898220672 0.45962626276 0.044255623689
1.11526539202 0.513484007485 0.0395936873748
1.12154857733 0.492070816752 0.041385237802
1.12783176264 0.478700010229 0.0423100442142
1.13411494795 0.480814616764 0.0422264658513
1.14039813325 0.419517981079 0.0482650831061
1.14668131856 0.416738033873 0.0486416953116
1.15296450387 0.402975336736 0.050122828114
1.15924768917 0.421904505858 0.0481872085387
1.16553087448 0.39220451965 0.0515640832752
1.17181405979 0.298229746669 0.0678221886035
1.1780972451 0.340504832887 0.0592490656498
1.1843804304 0.464588176838 0.0438136133693
1.19066361571 0.34147246333 0.0591778742464
1.19694680102 0.339176444473 0.0597236159567
1.20322998632 0.306776125691 0.0656259661042
1.20951317163 0.381244143138 0.0532906581379
1.21579635694 0.246240692509 0.0818870018907
1.22207954225 0.341631561937 0.0593142367279
1.22836272755 0.406024687721 0.0498207142638
1.23464591286 0.399218721064 0.0505206495752
1.24092909817 0.304549527254 0.0668036389524
1.24721228348 0.326994191511 0.0617459498527
1.25349546878 0.376334749443 0.0538581141247
1.25977865409 0.163471337622 0.123364496479
1.2660618394 0.338003764012 0.0599157481804
1.2723450247 0.206976999893 0.0978220415702
1.27862821001 0.223081073832 0.0905096239182
1.28491139532 0.280735139488 0.072262046019
1.29119458063 nan nan
1.29747776593 0.178861465782 0.112961500674
1.30376095124 0.182842362089 0.110936887919
1.31004413655 0.187840641492 0.107622111095
1.31632732185 0.152019514141 0.132708911902
1.32261050716 0.252763295285 0.0802318115133
1.32889369247 nan nan
1.33517687778 0.255404580494 0.0793183453648
1.34146006308 0.255876394946 0.0787768780206
1.34774324839 0.176807161713 0.114466965932
1.3540264337 0.125411280704 0.161500035118
1.360309619 0.211372400154 0.0956212041614
1.36659280431 0.203050656082 0.0998885862924
1.37287598962 0.157060119988 0.128973908613
1.37915917493 nan nan
1.38544236023 nan nan
1.39172554554 nan nan
1.39800873085 nan nan
1.40429191615 nan nan
1.41057510146 nan nan
1.41685828677 nan nan
1.42314147208 nan nan
1.42942465738 nan nan
1.43570784269 nan nan
1.441991028 nan nan
1.4482742133 nan nan
1.45455739861 nan nan
1.46084058392 0.129086822573 0.158328723688
1.46712376923 nan nan
1.47340695453 0.103154334394 0.198261278929
1.47969013984 0.185057681502 0.1106235886
1.48597332515 nan nan
1.49225651046 0.239610385004 0.0855727722255
1.49853969576 nan nan
1.50482288107 nan nan
1.51110606638 nan nan
1.51738925168 nan nan
1.52367243699 nan nan
1.5299556223 nan nan
1.53623880761 nan nan
1.54252199291 nan nan
1.54880517822 nan nan
1.55508836353 nan nan
1.56137154883 nan nan
1.56765473414 nan nan
1.57393791945 nan nan
1.58022110476 nan nan
1.58650429006 nan nan
1.59278747537 nan nan
1.59907066068 nan nan
1.60535384598 nan nan
1.61163703129 nan nan
1.6179202166 0.219725614179 0.0942574681706
1.62420340191 nan nan
1.63048658721 nan nan
1.63676977252 0.0806502731735 0.258070990667
1.64305295783 0.0466987303803 0.446886625493
1.64933614313 0.111077651181 0.187973577428
1.65561932844 nan nan
1.66190251375 0.147007666382 0.142147909612
1.66818569906 nan nan
1.67446888436 nan nan
1.68075206967 nan nan
1.68703525498 0.166450058546 0.126035744682
1.69331844028 0.108419965448 0.193508791183
1.69960162559 0.167110028584 0.125953110198
1.7058848109 0.163173496273 0.12844343446
1.71216799621 0.0901653300785 0.233732448273
1.71845118151 0.229700407953 0.091457234219
1.72473436682 0.29490404372 0.0714705495592
1.73101755213 0.191810894484 0.110130208557
1.73730073744 0.237859332986 0.0886908627769
1.74358392274 0.261798031394 0.0807788605724
1.74986710805 nan nan
1.75615029336 nan nan
1.76243347866 0.344370161352 0.0615636059874
1.76871666397 0.312878056473 0.0677692153095
1.77499984928 0.309833691731 0.0687496228922
1.78128303459 0.271281045936 0.0781996290132
1.78756621989 0.304618837198 0.0701303745131
1.7938494052 0.204380108524 0.103899094356
1.80013259051 0.398421566586 0.053773987976
1.80641577581 0.221432530102 0.0963575177708
1.81269896112 0.443193600689 0.0483769568593
1.81898214643 0.337648678881 0.0632226685738
1.82526533174 0.350212691323 0.0611900755955
1.83154851704 0.371689504209 0.0577543305726
1.83783170235 0.393657343881 0.0544813438604
1.84411488766 0.321656280785 0.0667817051158
1.85039807296 0.390942923498 0.0551430336207
1.85668125827 0.281636807164 0.0762563408834
1.86296444358 0.401390200668 0.0538447346533
1.86924762889 0.44091348614 0.0490434811287
1.87553081419 0.342604712214 0.0629898316508
1.8818139995 0.411674652048 0.0526517045718
1.88809718481 0.399957922273 0.0541988440639
1.89438037011 0.472318070166 0.0458954229279
1.90066355542 0.497891130397 0.043569995778
1.90694674073 0.478218332706 0.0454705938176
1.91322992604 0.457361253413 0.0475628981647
1.91951311134 0.475441650179 0.0457899510121
1.92579629665 0.4929511931 0.0442651619962
1.93207948196 0.513236205925 0.0424691113466
1.93836266726 0.517154832055 0.0423075955945
1.94464585257 0.583421890925 0.0373925568967
1.95092903788 0.50057892591 0.0437099215648
1.95721222319 0.553350134155 0.0396248605922
1.96349540849 0.61296525846 0.0359112864998
1.9697785938 0.5913275893 0.0371442057058
1.97606177911 0.568156950606 0.0387266173318
1.98234496442 0.58229072588 0.0378794677878
1.98862814972 0.57680375754 0.0382350726233
1.99491133503 0.626329520297 0.0352407235766
2.00119452034 0.644305219009 0.034347434023
2.00747770564 0.731333890892 0.0303880526489
2.01376089095 0.627010295124 0.0354013737276
2.02004407626 0.734716959212 0.0302708628955
2.02632726157 0.720326832073 0.0309407686039
2.03261044687 0.709795780264 0.0313901437856
2.03889363218 0.711143609689 0.0314106484303
2.04517681749 0.760840115955 0.0293264691278
2.05146000279 0.736048471826 0.0304049046278
2.0577431881 0.725838672586 0.030820785327
2.06402637341 0.762353519596 0.0294804262647
2.07030955872 0.793079104338 0.0283219614886
2.07659274402 0.781732987441 0.0287299621784
2.08287592933 0.791379830686 0.0285304367951
2.08915911464 0.82973998429 0.0271462207409
2.09544229994 0.820163816352 0.0274685953826
2.10172548525 0.860419931341 0.0263271504701
2.10800867056 0.89299263767 0.025370448856
2.11429185587 0.878676459294 0.025862440986
2.12057504117 0.920456150763 0.0247108377504
2.12685822648 0.914081306514 0.0248666693174
2.13314141179 0.918079225889 0.0248399709047
2.13942459709 0.973710894877 0.0234281384406
2.1457077824 0.946539440171 0.0241750156052
2.15199096771 0.959083735446 0.0238659768098
2.15827415302 1.00565850971 0.0228027180163
2.16455733832 0.948236740353 0.0242633149426
2.17084052363 0.999299425753 0.0229808357968
2.17712370894 1.02221052332 0.0225827355568
2.18340689424 0.993686709938 0.0231970148291
2.18969007955 1.0297913604 0.0224206077138
2.19597326486 1.06620123812 0.0217126882315
2.20225645017 1.04757278839 0.0221069201741
2.20853963547 1.08013911013 0.0214433367005
2.21482282078 1.08020618951 0.0215040460172
2.22110600609 1.10097364927 0.0210778084213
2.2273891914 1.13039962351 0.0206321600784
2.2336723767 1.08619440914 0.0214422990035
2.23995556201 1.14700637075 0.0204137152843
2.24623874732 1.18408195007 0.0197755800129
2.25252193262 1.15132789663 0.0203361766974
2.25880511793 1.20212440571 0.0195264938544
2.26508830324 1.22690971405 0.0191529241951
2.27137148855 1.21379352076 0.0194449520313
2.27765467385 1.21317512342 0.0194404554097
2.28393785916 1.30995927816 0.0180965605407
2.29022104447 1.26509645384 0.0187162353571
2.29650422977 1.25256783031 0.0188491939479
2.30278741508 1.27246797114 0.0186589492564
2.30907060039 1.30327836406 0.0182490947129
2.3153537857 1.31002924202 0.0181914265423
2.321636971 1.34778236205 0.0176308986717
2.32792015631 1.36733004016 0.0175219829974
2.33420334162 1.35251774875 0.0177238400937
2.34048652692 1.35244162676 0.0176901889314
2.34676971223 1.38438750396 0.0173331662588
2.35305289754 1.40727489475 0.0170715408978
2.35933608285 1.42845339802 0.0168586359612
2.36561926815 1.46003058281 0.0165434402789
2.37190245346 1.44203751466 0.0166864890941
2.37818563877 1.46890790311 0.016476563537
2.38446882407 1.44763450614 0.0167176929709
2.39075200938 1.5033615289 0.0161397354073
2.39703519469 1.52918080423 0.0158868555125
2.40331838 1.52378458773 0.0159834665867
2.4096015653 1.57331911365 0.0154838654205
2.41588475061 1.52107216552 0.0160464188769
2.42216793592 1.59016636799 0.0153667679247
2.42845112122 1.5956111481 0.015357102385
2.43473430653 1.63951711734 0.0149929218999
2.44101749184 1.64911368784 0.0149385968207
2.44730067715 1.63268096458 0.0150500313225
2.45358386245 1.66289213606 0.0148194206789
2.45986704776 1.68645138636 0.0146441187578
2.46615023307 1.69745415776 0.0145828537485
2.47243341838 1.7228927224 0.0143985124902
2.47871660368 1.72569072847 0.0144048961212
2.48499978899 1.76380629022 0.0141140876981
2.4912829743 1.76573014383 0.0141236778575
2.4975661596 1.79085812052 0.0139432904376
2.50384934491 1.82110414046 0.0136952064039
2.51013253022 1.82812416228 0.0137127955711
2.51641571553 1.8568925447 0.0135217337294
2.52269890083 1.87084459432 0.0134364725781
2.52898208614 1.87937248157 0.0134099572293
2.53526527145 1.9105349284 0.013181069543
2.54154845675 1.92651065472 0.013127173611
2.54783164206 1.91881119942 0.0131363093581
2.55411482737 1.94471174006 0.0130438120026
2.56039801268 1.95573387622 0.0129708617821
2.56668119798 1.98122528411 0.0127961744467
2.57296438329 2.01666817002 0.0126398778466
2.5792475686 2.02267977094 0.0126187331305
2.5855307539 2.05390350577 0.0124225992502
2.59181393921 2.0814980554 0.0123133759986
2.59809712452 2.09719983018 0.0122455220657
2.60438030983 2.09398572078 0.0122826321681
2.61066349513 2.12334543508 0.0121135435207
2.61694668044 2.14350438989 0.0120388772218
2.62322986575 2.15074063873 0.01201302843
2.62951305105 2.19177759161 0.0117878879125
2.63579623636 2.21016974525 0.0117364637888
2.64207942167 2.21844145614 0.0117075585027
2.64836260698 2.26004455419 0.0115125025427
2.65464579228 2.27373894385 0.0114487978978
2.66092897759 2.27243989817 0.0114848749951
2.6672121629 2.31997180679 0.0112577968511
2.6734953482 2.31120918731 0.0112850852928
2.67977853351 2.36731617649 0.0110979939753
2.68606171882 2.38040832718 0.011029737642
2.69234490413 2.39938703032 0.0109653593235
2.69862808943 2.43464593832 0.0108130132175
2.70491127474 2.42784335839 0.0108675743797
2.71119446005 2.45413986444 0.0107643746543
2.71747764536 2.49947371877 0.0105914687657
2.72376083066 2.51154985849 0.0105508963698
2.73004401597 2.53739889937 0.0104660131594
2.73632720128 2.55632275246 0.0104415671316
2.74261038658 2.56512046804 0.0103944800623
2.74889357189 2.61679632599 0.0101910868577
2.7551767572 2.61840129372 0.0102165646164
2.76145994251 2.63803269143 0.0101316489405
2.76774312781 2.66042607889 0.01007870889
2.77402631312 2.70195403577 0.00994962548484
2.78030949843 2.70677638335 0.0099440173786
2.78659268373 2.7445796262 0.00984405296179
2.79287586904 2.74474093696 0.00983498977955
2.79915905435 2.75903123337 0.00978702668837
2.80544223966 2.79404129374 0.00969755723739
2.81172542496 2.83620806451 0.00957318075622
2.81800861027 2.85804314602 0.00954059911918
2.82429179558 2.87979262683 0.0094458591067
2.83057498088 2.89534738468 0.00941436042111
2.83685816619 2.92317895601 0.00933174679004
2.8431413515 2.94420083196 0.00929046936699
2.84942453681 2.97373553903 0.00921151433616
2.85570772211 3.0111287987 0.00912509400439
2.86199090742 3.0139165352 0.00911205970301
2.86827409273 3.04903590781 0.00903137740099
2.87455727803 3.06986358383 0.00898273104013
2.88084046334 3.0900061213 0.00893260805875
2.88712364865 3.12506104203 0.00885496076989
2.89340683396 3.1390732018 0.00882277424657
2.89969001926 3.17080482581 0.0087487778471
2.90597320457 3.18853139597 0.00872443697219
2.91225638988 3.21947119738 0.00863142741605
2.91853957518 3.24707429434 0.00859171076198
2.92482276049 3.29146228926 0.00849064467051
2.9311059458 3.30830212948 0.00845573574507
2.93738913111 3.31479972637 0.00844645905705
2.94367231641 3.35531936691 0.00835824122119
2.94995550172 3.3860021836 0.00829810591532
2.95623868703 3.40838576901 0.00826346263483
2.96252187234 3.42277079592 0.00821831227287
2.96880505764 3.45409158772 0.00816247735951
2.97508824295 3.48448131149 0.00810361621971
2.98137142826 3.51541358466 0.00805366518836
2.98765461356 3.52952254309 0.00802000953797
2.99393779887 3.56839433659 0.00796158342867
3.00022098418 3.59504170875 0.00790104686041
3.00650416949 3.60636550648 0.00788661264195
3.01278735479 3.64639960449 0.00781553856559
3.0190705401 3.67051725254 0.00777331376943
3.02535372541 3.70180802158 0.00770812433876
3.03163691071 3.73135710864 0.00767113112721
3.03792009602 3.76564619783 0.00761402074827
3.04420328133 3.78009223779 0.00758383163028
3.05048646664 3.80315899346 0.00754595544761
3.05676965194 3.84580967922 0.00749166198602
3.06305283725 3.86013194349 0.00745128127199
3.06933602256 3.89054593437 0.00740319275958
3.07561920786 3.91754849607 0.00735072020988
3.08190239317 3.96071724814 0.00730553702797
3.08818557848 3.9747202088 0.00727467282544
3.09446876379 3.99717206086 0.00724299356369
3.10075194909 4.03832009121 0.00717153484274
3.1070351344 4.06483224389 0.00714603801613
3.11331831971 4.09066733867 0.00709363319811
3.11960150501 4.10767319964 0.00707634473168
3.12588469032 4.13996428566 0.00701983712161
3.13216787563 4.18542418711 0.00697549542994
3.13845106094 4.21973576752 0.0069137908174
3.14473424624 4.23808990428 0.00688785115914
3.15101743155 4.26002291655 0.0068593480181
3.15730061686 4.2895084869 0.00680650082444
3.16358380216 4.31638814026 0.00677438473255
3.16986698747 4.34380994993 0.00674650477077
3.17615017278 4.36372090005 0.00670126149112
3.18243335809 4.42071712073 0.00665518396903
3.18871654339 4.43358055808 0.00661393321381
3.1949997287 4.46471980186 0.00658173761354
3.20128291401 4.49703594577 0.00653941901447
3.20756609932 4.53088600473 0.00651085438987
3.21384928462 4.55512240082 0.00646101000817
3.22013246993 4.57982316445 0.00644433379533
3.22641565524 4.58919771326 0.00646292258512
3.23269884054 4.60826545427 0.00647207480657
3.23898202585 4.62598212204 0.00646871096632
3.24526521116 4.63407892704 0.00648486041119
3.25154839647 4.65688970134 0.00648415065277
3.25783158177 4.65818541226 0.00649428437679
3.26411476708 4.66869498505 0.00650627312292
3.27039795239 4.70098083285 0.00651211371331
3.27668113769 4.71875622067 0.00650407728053
3.282964323 4.72297872269 0.00652422923492
3.28924750831 4.75371699621 0.00653070645631
3.29553069362 4.75959558128 0.00653134059556
3.30181387892 4.7862629239 0.00653638229643
3.30809706423 4.79396752955 0.00654865746825
3.31438024954 4.80321913878 0.00655522338714
3.32066343484 4.82071763686 0.00656357951224
3.32694662015 4.84044626659 0.00656941820996
3.33322980546 4.84815160304 0.00657841536195
3.33951299077 4.86548111397 0.00658895016037
3.34579617607 4.88416402412 0.00659488502951
3.35207936138 4.89265133232 0.00660454075007
3.35836254669 4.92027883251 0.00661437899089
3.36464573199 4.93317974691 0.00661513526711
3.3709289173 4.94787306507 0.00661260086686
3.37721210261 4.95854791715 0.0066352405239
3.38349528792 4.9876345582 0.00663178441414
3.38977847322 5.00747406557 0.00663736057904
3.39606165853 5.00739132609 0.00665621285327
3.40234484384 5.02372901577 0.00666271276904
3.40862802914 5.03523972916 0.00667261647873
3.41491121445 5.05945092724 0.00666726223891
3.42119439976 5.08730225423 0.00668940069898
3.42747758507 5.10138309566 0.00668392699557
3.43376077037 5.11437270084 0.0067044548313
3.44004395568 5.13666538245 0.00669899562638
3.44632714099 5.13583345428 0.00671448272074
3.4526103263 5.16442688065 0.00671682564149
3.4588935116 5.17822990492 0.00673855114841
3.46517669691 5.1961800137 0.00673426992394
3.47145988222 5.22208412683 0.00674386576274
3.47774306752 5.23417528601 0.00675487492445
3.48402625283 5.24628089873 0.0067663663242
3.49030943814 5.26396107709 0.00677722733186
3.49659262345 5.28835157285 0.00676894507879
3.50287580875 5.30592817764 0.00679420266456
3.50915899406 5.32147789095 0.00679748645599
3.51544217937 5.33446982944 0.00679865531904
3.52172536467 5.35819247223 0.00681103560529
3.52800854998 5.37945297736 0.0068120379377
3.53429173529 5.38322005193 0.0068322180412
3.5405749206 5.41393297443 0.00682468938458
3.5468581059 5.41602134246 0.00685723711129
3.55314129121 5.45694459708 0.00682693556787
3.55942447652 5.46338009381 0.00686756788431
3.56570766182 5.48228242327 0.00687096370784
3.57199084713 5.51655818954 0.0068748153211
3.57827403244 5.52099897738 0.0068850698777
3.58455721775 5.5345700749 0.00689321886534
3.59084040305 5.55327664389 0.00690690971414
3.59712358836 5.58304693819 0.00690897646609
3.60340677367 5.60944657266 0.00691545604121
3.60968995897 5.62172715809 0.00693967108914
3.61597314428 5.64540230082 0.0069303065352
3.62225632959 5.6585236527 0.00695133669068
3.6285395149 5.68478839314 0.00696104718109
3.6348227002 5.69807230199 0.00697084243042
3.64110588551 5.72520614043 0.00697527460168
3.64738907082 5.7399711404 0.00699242389529
3.65367225612 5.76503896692 0.00700335674368
3.65995544143 5.76386526401 0.00701094239714
3.66623862674 5.80268283816 0.00701533292012
3.67252181205 5.8236381691 0.00703360761146
3.67880499735 5.84786241601 0.00702594280583
3.68508818266 5.85012110688 0.00705720137943
3.69137136797 5.86629961913 0.00706253541044
3.69765455328 5.89520116875 0.0070624595862
3.70393773858 5.91783878461 0.00708132481505
3.71022092389 5.92888021966 0.00708962400004
3.7165041092 5.95073995169 0.00710537063674
3.7227872945 5.9867204152 0.00711516908122
3.72907047981 5.99657635489 0.00711947937239
3.73535366512 6.01671334728 0.00713823413862
3.74163685043 6.04031492433 0.00714387283296
3.74792003573 6.06685257008 0.00715412674754
3.75420322104 6.08703048975 0.00715821465822
3.76048640635 6.10526638306 0.00718042571242
3.76676959165 6.12786041511 0.0071861422702
3.77305277696 6.15019963842 0.00719801094593
3.77933596227 6.1763801533 0.00719513158721
3.78561914758 6.19343653763 0.00722674504484
3.79190233288 6.21986791977 0.0072288073208
3.79818551819 6.24718433001 0.00723890986737
3.8044687035 6.26637508702 0.00725209225683
3.8107518888 6.27640741602 0.00726675435206
3.81703507411 6.31011534776 0.0072792886196
3.82331825942 6.31953891461 0.00728959209017
3.82960144473 6.33663864055 0.00730359810426
3.83588463003 6.36542521751 0.00732905096997
3.84216781534 6.40110110551 0.00731871629981
3.84845100065 6.40830578749 0.00734671972615
3.85473418595 6.45560528306 0.00735108834717
3.86101737126 6.47409496197 0.00736835166738
3.86730055657 6.48398940912 0.00738430399441
3.87358374188 6.50546857988 0.00739477177108
3.87986692718 6.5282276847 0.00741167564876
3.88615011249 6.55741440525 0.00742244405509
3.8924332978 6.57272899692 0.00743304684325
3.8987164831 6.60427764907 0.00744780483164
3.90499966841 6.61514276966 0.00746301301872
3.91128285372 6.6378093696 0.00748397343445
3.91756603903 6.67714439523 0.00748108695459
3.92384922433 6.7112631067 0.00750573024182
3.93013240964 6.71125602691 0.00752797450074
3.93641559495 6.75127827738 0.0075402364672
3.94269878026 6.76541323406 0.00753761038064
3.94898196556 6.78565910792 0.0075612085088
3.95526515087 6.81109255133 0.00757785007187
3.96154833618 6.84000761261 0.00760802710564
3.96783152148 6.85765017929 0.0076114971008
3.97411470679 6.88309448729 0.00763474419284
3.9803978921 6.91023076026 0.00764614440785
3.98668107741 6.93394760275 0.00766806080323
3.99296426271 6.94780509219 0.00767000089281
3.99924744802 6.97986626258 0.00770196688642
4.00553063333 7.00729266486 0.0077120942137
4.01181381863 7.0307231728 0.00773147753025
4.01809700394 7.0512417545 0.00775600922911
4.02438018925 7.09096918191 0.00777296070321
4.03066337456 7.11032198529 0.00778538332143
4.03694655986 7.13030468568 0.00779307484772
4.04322974517 7.15431784543 0.00782269567499
4.04951293048 7.18095719085 0.00784687168854
4.05579611578 7.20291669212 0.00786564839312
4.06207930109 7.22976700313 0.00788782735218
4.0683624864 7.25544436594 0.0078932740361
4.07464567171 7.28838545558 0.00793801818259
4.08092885701 7.31374077111 0.00794196228738
4.08721204232 7.33102635976 0.0079671565727
4.09349522763 7.37012175406 0.00799495442575
4.09977841293 7.3919312991 0.00799879545554
4.10606159824 7.40571755816 0.00803642237623
4.11234478355 7.43174303469 0.00804852558191
4.11862796886 7.45255711092 0.00806809479249
4.12491115416 7.48977505796 0.00811096812637
4.13119433947 7.51983067872 0.00812034191276
4.13747752478 7.5301660349 0.00815519456939
4.14376071008 7.56450421203 0.00817138748025
4.15004389539 7.57820467296 0.00819654837812
4.1563270807 7.60492968817 0.00822078179733
4.16261026601 7.63612828968 0.0082349859815
4.16889345131 7.6621760869 0.00827163594991
4.17517663662 7.69163436613 0.00830353086977
4.18145982193 7.72375238623 0.00832328446706
4.18774300724 7.74095973661 0.00834855733968
4.19402619254 7.77024734219 0.0083962962211
4.20030937785 7.7757745694 0.00841783500279
4.20659256316 7.81429783147 0.00843275412067
4.21287574846 7.8425692442 0.00848965463774
4.21915893377 7.8641243125 0.00849710455159
4.22544211908 7.88799148887 0.00852763295905
4.23172530439 7.91843700397 0.00855823661749
4.23800848969 7.94370187036 0.00859745721508
4.244291675 7.96325136799 0.00862489998019
4.25057486031 7.98442232006 0.0086477864407
4.25685804561 8.02007593995 0.00870748875699
4.26314123092 8.05334250596 0.00873573638713
4.26942441623 8.08194331323 0.0087652180955
4.27570760154 8.08868069756 0.00880969336068
4.28199078684 8.12217538092 0.00882477959936
4.28827397215 8.14727053816 0.00887809891885
4.29455715746 8.15678645248 0.00890975259061
4.30084034276 8.17681983486 0.00895709562721
4.30712352807 8.22119472827 0.0089996322174
4.31340671338 8.24548204109 0.00903428044728
4.31968989869 8.26001469869 0.00909130982407
4.32597308399 8.29542570426 0.00911204714368
4.3322562693 8.32516537785 0.00917961015366
4.33853945461 8.3351071954 0.00921879794769
4.34482263991 8.35312085727 0.009259019619
4.35110582522 8.38354378866 0.0093307369541
4.35738901053 8.40070076945 0.00934751262045
4.36367219584 8.42690471243 0.00941053364941
4.36995538114 8.46659425658 0.00946298565454
4.37623856645 8.45932108058 0.00950401414203
4.38252175176 8.49625550186 0.00957814990656
4.38880493706 8.53241909501 0.00961691891338
4.39508812237 8.55614991976 0.00970738356141
4.40137130768 8.56209023419 0.00972992090964
4.40765449299 8.59214181897 0.00980397673641
4.41393767829 8.60641365486 0.00985857161703
4.4202208636 8.62666790187 0.00991639835609
4.42650404891 8.64948964881 0.0100258120974
4.43278723422 8.68820122121 0.0100406354557
4.43907041952 8.71651177418 0.0101612870342
4.44535360483 8.72850728473 0.0101982251895
4.45163679014 8.75514424383 0.0103084376658
4.45791997544 8.75922458577 0.0103585333746
4.46420316075 8.78171394811 0.0104311074781
4.47048634606 8.79664842726 0.0105659096436
4.47676953137 8.82236787972 0.0106114232076
4.48305271667 8.83752997264 0.0107113965619
4.48933590198 8.84759020806 0.0108071181928
4.49561908729 8.88434368998 0.0109208388425
4.50190227259 8.90381332309 0.0110380894077
4.5081854579 8.91713683425 0.0110803518124
4.51446864321 8.93201384888 0.0112317518299
4.52075182852 8.94889452981 0.0113291845032
4.52703501382 8.97397013268 0.011463765951
4.53331819913 8.99204822513 0.0115756810797
4.53960138444 8.98415622457 0.0117060470396
4.54588456974 9.006846897 0.0118611421183
4.55216775505 9.03899155535 0.0119792823333
4.55845094036 9.03508958017 0.0121139075356
4.56473412567 9.0667977213 0.0122701040424
4.57101731097 9.07672832865 0.0123789928684
4.57730049628 9.0940468196 0.0124695465588
4.58358368159 9.10365906094 0.0126128976536
4.58986686689 9.12103682093 0.0127315910492
4.5961500522 9.16820966788 0.0128536224755
4.60243323751 9.19694698425 0.0129800467317
4.60871642282 9.18241961255 0.0130672688244
4.61499960812 9.21451166445 0.0132308748417
4.62128279343 9.22221685888 0.0133058153963
4.62756597874 9.24996146718 0.0134548979081
4.63384916404 9.26545271952 0.013574151902
4.64013234935 9.28918114991 0.0137030782493
4.64641553466 9.30115553299 0.0138178998508
4.65269871997 9.32590441691 0.0139288650374
4.65898190527 9.37165736648 0.0140758633756
4.66526509058 9.37323566557 0.0142067999851
4.67154827589 9.39200353863 0.0143301128318
4.6778314612 9.41955828209 0.0144442115607
4.6841146465 9.42330917212 0.0145918111325
4.69039783181 9.46078947745 0.0147141826452
4.69668101712 9.45767551642 0.0148325627329
4.70296420242 9.49013412702 0.0149917360669
4.70924738773 9.52102063581 0.0151557681379
4.71553057304 9.54734429787 0.0152339540923
4.72181375835 9.5697065385 0.0154102654351
4.72809694365 9.60897363751 0.0155495485237
4.73438012896 9.63201169936 0.0156956047901
4.74066331427 9.597475738 0.0157634715602
4.74694649957 9.63170826485 0.0159396550954
4.75322968488 9.69845132966 0.0160967289157
4.75951287019 9.70699745706 0.0162536494411
4.7657960555 9.73342410466 0.0164064398198
4.7720792408 9.74910161888 0.0165539605179
4.77836242611 9.76796113007 0.0167260911394
4.78464561142 9.77571517349 0.0168512014907
4.79092879672 9.80995181921 0.016981566076
4.79721198203 9.82715074757 0.0171837380346
4.80349516734 9.83660757612 0.0173544620366
4.80977835265 9.87960805641 0.0175138309165
4.81606153795 9.87762612032 0.0176463796595
4.82234472326 9.94703987514 0.0178833953887
4.82862790857 9.98727283354 0.0180730214426
4.83491109387 9.97769828978 0.0181374612772
4.84119427918 10.0278581525 0.0184102993974
4.84747746449 10.0395160261 0.0185884945469
4.8537606498 10.042213943 0.0186917809895
4.8600438351 10.0896100812 0.0189229690055
4.86632702041 10.1263496358 0.0191657883164
4.87261020572 10.1244443574 0.0192812467079
4.87889339102 10.1809623093 0.0195125431272
4.88517657633 10.1637187512 0.0196621949598
4.89145976164 10.2073906779 0.0199516002786
4.89774294695 10.2197276014 0.0200965534533
4.90402613225 10.2612363221 0.0202932464935
4.91030931756 10.2743008053 0.0205653695125
4.91659250287 10.2995404963 0.0207481909289
4.92287568818 10.3213699632 0.0209844393398
4.92915887348 10.3540774834 0.021167347015
4.93544205879 10.3415703864 0.0212969181017
4.9417252441 10.4305157163 0.0216705126709
4.9480084294 10.4136843828 0.0218686062318
4.95429161471 10.4312087226 0.0220241998343
4.96057480002 10.4691791682 0.022374108742
4.96685798533 10.4808939398 0.0226502145144
4.97314117063 10.4927463104 0.0227649593106
4.97942435594 10.5548523579 0.023038392744
4.98570754125 10.5840788733 0.0234038888298
4.99199072655 10.5996140926 0.0236992763888
4.99827391186 10.6028813509 0.023804586173
5.00455709717 10.6759277289 0.0242261779141
5.01084028248 10.6380797471 0.0244636656957
5.01712346778 10.6785900017 0.0247875533949
5.02340665309 10.6923145766 0.0249361281014
5.0296898384 10.7604847666 0.0253918737421
5.0359730237 10.7897232766 0.0257109199283
5.04225620901 10.797845046 0.0259795359557
5.04853939432 10.8291712992 0.0263205791123
5.05482257963 10.8954220358 0.0266786286771
5.06110576493 10.8972652316 0.0272178535252
5.06738895024 10.9236374941 0.0272558644524
5.07367213555 10.9193588891 0.0277034546168
5.07995532085 10.9539989126 0.0281916455969
5.08623850616 10.9515037342 0.0284544450694
5.09252169147 11.0122755022 0.0287819504745
5.09880487678 11.0586648894 0.0292850339866
5.10508806208 11.0376555426 0.0297128050663
5.11137124739 11.0966402175 0.0301352612951
5.1176544327 11.0856198594 0.0304004964056
5.123937618 11.0894248757 0.0308919383564
5.13022080331 11.1269166007 0.0313718945976
5.13650398862 11.1611004484 0.0317596825629
5.14278717393 11.2049014823 0.0321641987584
5.14907035923 11.2317405584 0.0329543419496
5.15535354454 11.2479351321 0.0335272480917
5.16163672985 11.2421158893 0.0335268245044
5.16791991516 11.2602509003 0.0341193340741
5.17420310046 11.303208424 0.0349447440029
5.18048628577 11.3387854113 0.0356636913894
5.18676947108 11.3953510848 0.0358597018357
5.19305265638 11.4039680556 0.0367823212189
5.19933584169 11.3778857399 0.0372934254808
5.205619027 11.3559445743 0.0377973135303
5.21190221231 11.5026413507 0.038491873467
5.21818539761 11.4721799499 0.0393388315656
5.22446858292 11.5208459445 0.040466897034
5.23075176823 11.574003623 0.0406661317514
5.23703495353 11.5501251189 0.0412228969766
5.24331813884 11.6044290782 0.042730789704
5.24960132415 11.611339027 0.0437182193902
5.25588450946 11.5685301503 0.0432693563249
5.26216769476 11.6285602835 0.0446498244789
5.26845088007 11.6802636709 0.0463565353675
5.27473406538 11.7359099115 0.0472804414035
5.28101725068 11.6883351976 0.0472655834062
5.28730043599 11.6660652436 0.0486435108476
5.2935836213 11.7394093966 0.0503321654396
5.29986680661 11.7677792673 0.0514500885608
5.30614999191 11.8137145857 0.0521749720283
5.31243317722 11.7978355606 0.0535923693563
5.31871636253 11.8220155477 0.0556956529873
5.32499954783 11.8566049126 0.0558249926154
5.33128273314 11.9744666616 0.058026354476
5.33756591845 11.918192776 0.0599850729542
5.34384910376 11.9988052808 0.0623821341738
5.35013228906 11.9334608963 0.0610157190899
5.35641547437 11.9848013106 0.0648874914535
5.36269865968 12.1493100416 0.0685535138326
5.36898184498 11.9671126018 0.0689377327134
5.37526503029 11.9375812354 0.0681698705623
5.3815482156 12.1320073812 0.0744342170755
5.38783140091 11.9519191573 0.0783715337195
5.39411458621 11.9924116822 0.0767381803774
5.40039777152 12.409439339 0.0801249049323
5.40668095683 11.9662920439 0.0844612037646
5.41296414214 12.1771084175 0.0941848079294
5.41924732744 12.1797674188 0.0873989042692
5.42553051275 12.2140890942 0.091425527596
5.43181369806 12.1822621275 0.101228875066
5.43809688336 12.2945349627 0.11458414433
5.44438006867 12.15471756 0.101544505809
5.45066325398 12.2917633769 0.110222856201
5.45694643929 11.9751669359 0.122338611995
5.46322962459 12.2647441579 0.141015189832
5.4695128099 12.1145245449 0.125506660581
5.47579599521 12.5454244554 0.138305651339
5.48207918051 12.300239549 0.164584969397
5.48836236582 12.3711679783 0.17913071573
5.49464555113 12.0196386907 0.163011011907
5.50092873644 12.2861243441 0.183386615373
5.50721192174 11.8396331617 0.262324164974
5.51349510705 12.1336806164 0.217843231534
5.51977829236 12.2909851639 0.246160649562
5.52606147766 12.5888764681 0.289368356378
5.53234466297 12.9135206692 0.475457256854
5.53862784828 11.9716903747 0.365943712029
5.54491103359 12.6224317135 0.470310171968
5.55119421889 11.8533447543 0.611027648863
5.5574774042 12.0751116377 1.20778677403
5.56376058951 12.3156319268 1.3104233347
5.57004377481 19.1599874643 5.52109153144
