0.00942477796077 7.48692187368 1.55451658827
0.0157079632679 7.03071760307 0.915454174093
0.0219911485751 6.60089906051 0.601502676077
0.0282743338823 6.88059563324 0.53504347991
0.0345575191895 7.31341419238 0.446242215361
0.0408407044967 6.89261587119 0.45473156698
0.0471238898038 7.75232018151 0.388754971633
0.053407075111 7.71405421143 0.379851382946
0.0596902604182 8.03798797258 0.337976194489
0.0659734457254 7.01851224067 0.33344733288
0.0722566310326 7.78587552081 0.314046900175
0.0785398163397 7.81054120114 0.31062670651
0.0848230016469 8.36098526854 0.304289047586
0.0911061869541 8.37618076692 0.323087631992
0.0973893722613 8.80716498439 0.309285213399
0.103672557568 9.00152001471 0.31626198666
0.109955742876 8.48068433322 0.30934831985
0.116238928183 9.15609998196 0.300427877375
0.12252211349 8.74996419827 0.298061576573
0.128805298797 8.32155863633 0.300107016625
0.135088484104 9.06188461877 0.29406087542
0.141371669412 8.67915155607 0.308392088107
0.147654854719 9.85357200959 0.294731418555
0.153938040026 9.31502535351 0.31431014697
0.160221225333 9.31258089257 0.313611318317
0.16650441064 9.36903761622 0.324207542575
0.172787595947 9.4079019854 0.313623622132
0.179070781255 9.51075177758 0.318552404868
0.185353966562 9.46554743562 0.312160988315
0.191637151869 9.30925621883 0.324049688435
0.197920337176 10.0792148574 0.307576218641
0.204203522483 10.4152048159 0.315196389331
0.210486707791 9.4223524554 0.340896330265
0.216769893098 9.84464274126 0.337554734901
0.223053078405 9.9824677429 0.339811798637
0.229336263712 10.6025624759 0.327897878588
0.235619449019 10.6528422054 0.330422349246
0.241902634326 10.2647481567 0.334855306815
0.248185819634 11.1800634554 0.322112053354
0.254469004941 10.470109526 0.341727838971
0.260752190248 10.4878022858 0.342149903462
0.267035375555 10.429321334 0.35074261366
0.273318560862 10.9496939534 0.340803197125
0.279601746169 10.8264663627 0.355524349628
0.285884931477 11.4000128548 0.34461125465
0.292168116784 11.0224877963 0.361168990696
0.298451302091 11.4721297251 0.349872552903
0.304734487398 11.3495283498 0.356399006594
0.311017672705 11.6820797977 0.352064227666
0.317300858013 11.4066434727 0.364394745145
0.32358404332 11.2540773143 0.368588507661
0.329867228627 11.0733418616 0.382911598632
0.336150413934 11.8674025613 0.360893249942
0.342433599241 11.4333265626 0.381316652087
0.348716784548 11.4326213175 0.383369322328
0.354999969856 11.4582849545 0.383807943191
0.361283155163 11.675760385 0.386423169289
0.36756634047 12.0927981259 0.378520042329
0.373849525777 11.5223879177 0.394789172828
0.380132711084 12.2812704013 0.377202534492
0.386415896392 12.5135302296 0.378280214681
0.392699081699 11.588123823 0.408019677994
0.398982267006 12.8145331666 0.380267652302
0.405265452313 11.9088713192 0.411836227272
0.41154863762 12.3792822264 0.394533891675
0.417831822927 11.7589818553 0.422660825085
0.424115008235 11.7155956857 0.423370287757
0.430398193542 11.735368905 0.428559279574
0.436681378849 12.2056645257 0.415673849099
0.442964564156 11.8102604639 0.434223159268
0.449247749463 11.7460530326 0.441666017006
0.455530934771 11.7501914265 0.444846924079
0.461814120078 12.3639063356 0.425688522632
0.468097305385 12.0482072134 0.441286203068
0.474380490692 12.326962026 0.431479436555
0.480663675999 12.6832757869 0.429083784802
0.486946861306 12.9082690306 0.42554778612
0.493230046614 11.7905785072 0.465447622585
0.499513231921 11.9240284625 0.46448362772
0.505796417228 11.7363098043 0.477031961653
0.512079602535 13.2634357993 0.428338655762
0.518362787842 13.2583072588 0.432385901224
0.524645973149 12.6389818152 0.454562121876
0.530929158457 12.6134118247 0.462995618498
0.537212343764 12.6337228797 0.460481176233
0.543495529071 11.3506224937 0.510781114978
0.549778714378 12.2735686167 0.482596393007
0.556061899685 12.3108664548 0.484184317528
0.562345084993 12.175571 0.489757170872
0.5686282703 12.7279845981 0.478061775673
0.574911455607 12.5707762188 0.489086074808
0.581194640914 11.8262402859 0.5187457651
0.587477826221 11.7934081251 0.521077732463
0.593761011528 12.0220955276 0.516616027665
0.600044196836 11.804772953 0.528304952861
0.606327382143 12.5852300733 0.504747417275
0.61261056745 12.331899611 0.515396835706
0.618893752757 12.3338928159 0.517989230315
0.625176938064 11.7836298709 0.543295476565
0.631460123372 11.6602894853 0.555774296611
0.637743308679 12.0511949274 0.537856405782
0.644026493986 10.6873324163 0.609604688974
0.650309679293 11.1103051097 0.592507684681
0.6565928646 12.1566760518 0.548665650734
0.662876049907 11.715230786 0.566849863971
0.669159235215 11.5028543679 0.584185520373
0.675442420522 11.7025183857 0.577902095535
0.681725605829 11.3165025406 0.602584460928
0.688008791136 10.6383883156 0.631112219248
0.694291976443 11.4714269917 0.605064637103
0.700575161751 12.2779168104 0.562428252
0.706858347058 11.9146703524 0.588860519891
0.713141532365 11.3223533913 0.617401023565
0.719424717672 10.9828901597 0.639963951898
0.725707902979 10.4202402285 0.68291374596
0.731991088286 11.1789256842 0.635111426076
0.738274273594 11.2156987757 0.639270240973
0.744557458901 11.7259225291 0.617658792972
0.750840644208 10.4201440852 0.694920684644
0.757123829515 10.6857508152 0.680009657451
0.763407014822 11.6310995958 0.633353065726
0.769690200129 10.5828814331 0.69211448779
0.775973385437 11.1733809625 0.665076491732
0.782256570744 10.4897017958 0.70894979084
0.788539756051 12.2237266455 0.612294298097
0.794822941358 10.4424897065 0.72767653616
0.801106126665 10.8983612003 0.69292420332
0.807389311973 12.3058376086 0.623215314499
0.81367249728 11.0221201592 0.692660519974
0.819955682587 10.4499451123 0.735555823624
0.826238867894 12.9172484309 0.603530186161
0.832522053201 9.83990545488 0.784503677129
0.838805238508 9.11468014263 0.846770832936
0.845088423816 11.319065335 0.698911117784
0.851371609123 9.95985905205 0.791644090667
0.85765479443 9.95578838408 0.789438395872
0.863937979737 9.73659451469 0.820816377587
0.870221165044 9.46569357717 0.841386567139
0.876504350352 10.8456741262 0.744133788711
0.882787535659 8.92607006098 0.897351027757
0.889070720966 8.68921497355 0.926309117725
0.895353906273 8.80545236966 0.926173334015
0.90163709158 8.97995742311 0.907420002732
0.907920276887 8.04845857975 1.01912854501
0.914203462195 8.36209880194 0.97936771276
0.920486647502 8.54938659618 0.966984562285
0.926769832809 9.68738045365 0.862439234611
0.933053018116 7.91996346882 1.0523122557
0.939336203423 8.32251331104 0.998170026541
0.945619388731 9.79719015802 0.865998372501
0.951902574038 10.6964329727 0.796788552929
0.958185759345 8.27846927093 1.02281018542
0.964468944652 10.4170975941 0.81765163185
0.970752129959 9.61282278216 0.892736965476
0.977035315266 10.0088136823 0.864576279122
0.983318500574 8.83124398637 0.979204352116
0.989601685881 8.16357445389 1.06069973243
0.995884871188 9.07698011317 0.959487704077
1.0021680565 8.15036312607 1.06881423844
1.0084512418 8.70755341398 1.00908202119
1.01473442711 8.43596768613 1.04255595862
1.02101761242 8.1318265944 1.08559866397
1.02730079772 5.77513686474 1.5289287638
1.03358398303 8.34849574422 1.07162638221
1.03986716834 2.14407131435 4.13771815515
1.04615035365 6.39624413372 1.40264265875
1.05243353895 7.09649067371 1.26186523236
1.05871672426 5.53712294918 1.63037294932
1.06499990957 9.09489319458 1.00041503378
1.07128309487 8.0733603851 1.1276896359
1.07756628018 6.96559009911 1.31533592101
1.08384946549 8.15101128558 1.1298346895
1.0901326508 6.96043073223 1.32006689696
1.0964158361 7.44156192005 1.2436051194
1.10269902141 4.53708353151 2.02869847079
1.10898220672 7.61708979811 1.22538697269
1.11526539202 6.48283188282 1.44015727685
1.12154857733 6.86897037638 1.35882127431
1.12783176264 4.17502476578 2.24094521823
1.13411494795 6.69034850337 1.4111614666
1.14039813325 7.51811178099 1.26562945512
1.14668131856 7.66941648052 1.24293543262
1.15296450387 7.60655242371 1.25605430051
1.15924768917 5.14726914264 1.86466660814
1.16553087448 3.33052929118 2.87083642362
1.17181405979 2.62606527156 3.64940000117
1.1780972451 2.81043453616 3.4338738567
1.1843804304 5.5147614423 1.76037214727
1.19066361571 5.7435303579 1.69561908893
1.19694680102 7.0643840663 1.38948990988
1.20322998632 4.56949596608 2.13413967734
1.20951317163 3.16809450983 3.10109075467
1.21579635694 5.80533434081 1.69869353337
1.22207954225 5.95254913408 1.6610536434
1.22836272755 5.03977590647 1.96308491083
1.23464591286 7.15559370545 1.3920384292
1.24092909817 6.4974715727 1.53998495317
1.24721228348 5.50391073136 1.81570458396
1.25349546878 4.92497261516 2.04648957793
1.25977865409 6.58064449738 1.5360763973
1.2660618394 7.5349554869 1.33710889464
1.2723450247 7.23645442253 1.40174644193
1.27862821001 2.51918071307 4.0151297274
1.28491139532 6.75827542705 1.51503232896
1.29119458063 8.10901191544 1.26104946289
1.29747776593 4.39636771346 2.32946103737
1.30376095124 6.59200034016 1.55835546868
1.31004413655 7.16808524212 1.44432903587
1.31632732185 4.13606266384 2.48722645418
1.32261050716 6.56314602371 1.57830190961
1.32889369247 5.10022439651 2.04001319945
1.33517687778 6.47281326606 1.60794616712
1.34146006308 6.06919930237 1.71817151521
1.34774324839 3.73000819421 2.8066159007
1.3540264337 5.68911868645 1.84101591126
1.360309619 4.7776255653 2.20320302613
1.36659280431 nan nan
1.37287598962 4.38608926702 2.41102362172
1.37915917493 6.81744621803 1.55991134084
1.38544236023 2.98096699554 3.56269521282
1.39172554554 5.23981921168 2.03482726143
1.39800873085 5.99972860207 1.78207037455
1.40429191615 5.99347905416 1.78431360933
1.41057510146 nan nan
1.41685828677 6.21664535657 1.727761392
1.42314147208 5.8829934727 1.83533142995
1.42942465738 3.70006137515 2.90446487212
1.43570784269 3.111655117 3.47005780926
1.441991028 7.51544194901 1.44226612541
1.4482742133 4.50026468281 2.4244282761
1.45455739861 nan nan
1.46084058392 3.6224327385 3.00593444752
1.46712376923 7.78249632368 1.40608259009
1.47340695453 6.80470430902 1.60696812334
1.47969013984 6.41893232927 1.7079557523
1.48597332515 5.96707270467 1.84269224248
1.49225651046 5.62251136818 1.95893532516
1.49853969576 4.87354932461 2.2583939039
1.50482288107 5.57732987 1.97675240125
1.51110606638 6.32864791068 1.74161005155
1.51738925168 nan nan
1.52367243699 5.71319303573 1.93380800276
1.5299556223 4.40807994806 2.50903518613
1.53623880761 3.81234251588 2.90193079404
1.54252199291 nan nan
1.54880517822 8.53546591188 1.30472967844
1.55508836353 7.42841892749 1.49752284267
1.56137154883 nan nan
1.56765473414 3.6195557264 3.07286886257
1.57393791945 6.35458309903 1.75364129048
1.58022110476 7.38135214972 1.51249023729
1.58650429006 7.88937929374 1.42157311115
1.59278747537 6.72528645313 1.66224946594
1.59907066068 8.64159197503 1.29673372639
1.60535384598 8.5533454818 1.31037557942
1.61163703129 6.72852669276 1.6676037323
1.6179202166 5.61921578404 1.99448633465
1.62420340191 8.52321422944 1.31379981681
1.63048658721 7.59186643814 1.48271480286
1.63676977252 8.02502817421 1.39731487226
1.64305295783 7.82620490772 1.43095789032
1.64933614313 9.37133136444 1.20248786061
1.65561932844 8.51636215789 1.3147963069
1.66190251375 7.43947600567 1.50515519878
1.66818569906 8.76072652628 1.28127185667
1.67446888436 6.92735795338 1.62043703738
1.68075206967 8.26947803354 1.35420140263
1.68703525498 8.34028210725 1.34074397947
1.69331844028 9.11190085361 1.22509914447
1.69960162559 9.17090009533 1.22234000724
1.7058848109 9.30442920867 1.19856497708
1.71216799621 10.9188679243 1.0286338818
1.71845118151 10.4146315283 1.0722169115
1.72473436682 9.1346581335 1.22212388189
1.73101755213 8.29149293468 1.34022899712
1.73730073744 9.10397065266 1.21876717964
1.74358392274 10.4548113704 1.06565544084
1.74986710805 11.1020831898 1.00052762398
1.75615029336 9.67633425454 1.14657394524
1.76243347866 9.68895322725 1.1434907575
1.76871666397 12.6334826462 0.878010547013
1.77499984928 11.0767731207 0.99712691315
1.78128303459 12.5811679281 0.877799640807
1.78756621989 11.6165268923 0.946146043664
1.7938494052 10.9186012824 1.00237930908
1.80013259051 11.8471735984 0.931250219628
1.80641577581 10.2686118005 1.06620094673
1.81269896112 11.6332782474 0.940770443256
1.81898214643 11.3453530223 0.958837558045
1.82526533174 12.3220726322 0.884384671786
1.83154851704 10.4143939283 1.03920572218
1.83783170235 12.7773444279 0.847684249259
1.84411488766 12.2173378201 0.88359954781
1.85039807296 12.575041473 0.856823287157
1.85668125827 12.7811890247 0.838966646749
1.86296444358 12.6898563572 0.842976256013
1.86924762889 14.1804457178 0.75445790372
1.87553081419 11.9144842166 0.893851660456
1.8818139995 12.3128320435 0.861191157576
1.88809718481 12.2643334982 0.862698604699
1.89438037011 14.3946572715 0.734113651021
1.90066355542 13.9569807102 0.752379532993
1.90694674073 14.8680879939 0.708152776737
1.91322992604 14.3148463273 0.733859592565
1.91951311134 14.062334774 0.741343431128
1.92579629665 15.8391007637 0.65829606728
1.93207948196 14.5005727508 0.713735578551
1.93836266726 14.2462346318 0.722551168678
1.94464585257 15.2791945832 0.673902950138
1.95092903788 15.6325513221 0.657116242051
1.95721222319 15.8786984146 0.643337639896
1.96349540849 15.1509942575 0.672596628212
1.9697785938 15.8467276227 0.639774151678
1.97606177911 16.0449104792 0.627291264947
1.98234496442 16.0247140007 0.628890750892
1.98862814972 15.4249322739 0.650175346292
1.99491133503 16.5126036754 0.605848115095
2.00119452034 16.7480208854 0.594393740648
2.00747770564 16.598494014 0.595686147884
2.01376089095 17.2214960593 0.572096364606
2.02004407626 17.5853045562 0.560580532331
2.02632726157 17.9078316035 0.546715238019
2.03261044687 17.2750660964 0.564760773298
2.03889363218 17.83437534 0.544527526973
2.04517681749 18.2750840442 0.528327952178
2.05146000279 17.9478831521 0.537109751596
2.0577431881 16.7460068694 0.569268961374
2.06402637341 17.9800262906 0.529041446657
2.07030955872 18.8196112075 0.504072219127
2.07659274402 18.7211749991 0.503663199239
2.08287592933 18.3512551001 0.513050591995
2.08915911464 18.367087401 0.510240576085
2.09544229994 18.9967223482 0.490279937289
2.10172548525 19.4145968329 0.476711148232
2.10800867056 19.7374581118 0.468173648034
2.11429185587 18.7115574223 0.490004146051
2.12057504117 19.9155421385 0.457479186719
2.12685822648 19.069054847 0.474163313533
2.13314141179 19.8518112099 0.455224105715
2.13942459709 19.04372709 0.470596932394
2.1457077824 19.5312877711 0.457378764955
2.15199096771 20.7067350858 0.429424152952
2.15827415302 21.0791537883 0.422510073554
2.16455733832 20.9695757456 0.420564959022
2.17084052363 21.426021589 0.409179748526
2.17712370894 21.3505304378 0.409276922733
2.18340689424 21.2293594052 0.409645420082
2.18969007955 22.1009544491 0.391751065868
2.19597326486 21.025389186 0.408470696995
2.20225645017 21.376469306 0.401245721285
2.20853963547 21.7157781594 0.39167505839
2.21482282078 22.1137806741 0.383010658207
2.22110600609 22.3671505605 0.376005495935
2.2273891914 22.3135236876 0.376677730557
2.2336723767 22.7078079599 0.366149497796
2.23995556201 22.8515154012 0.363117431313
2.24623874732 22.6933505864 0.363299362372
2.25252193262 23.4392770636 0.350597865236
2.25880511793 23.6429460508 0.346785678932
2.26508830324 22.9760607025 0.352718344123
2.27137148855 23.3625415414 0.345530182059
2.27765467385 24.3415749542 0.330956445391
2.28393785916 23.8988198754 0.334554383882
2.29022104447 24.2210734798 0.3289594595
2.29650422977 24.4545036021 0.324248793161
2.30278741508 24.4003341935 0.324209117249
2.30907060039 24.7399620174 0.3170085808
2.3153537857 24.8002966419 0.314439105788
2.321636971 24.7053301643 0.314045104396
2.32792015631 25.1395560738 0.307701928088
2.33420334162 25.1657940551 0.304185634372
2.34048652692 25.2178372231 0.303250319829
2.34676971223 25.4619411743 0.29825191086
2.35305289754 25.8590371208 0.293151128775
2.35933608285 26.0462994134 0.289153650629
2.36561926815 26.5935043716 0.283030698865
2.37190245346 26.3281514308 0.283383461466
2.37818563877 26.0006623998 0.284872211531
2.38446882407 26.6142730969 0.276736854518
2.39075200938 26.7287959176 0.275281909249
2.39703519469 26.5846711554 0.275708105006
2.40331838 27.0793546494 0.268095347063
2.4096015653 27.4843601019 0.264696647536
2.41588475061 27.3722897079 0.263607335049
2.42216793592 27.8538275666 0.2581531128
2.42845112122 28.1907102873 0.255380678199
2.43473430653 27.6471524433 0.256672466577
2.44101749184 27.9181910316 0.253658584445
2.44730067715 28.4003792907 0.248715934684
2.45358386245 28.6576105063 0.24641624292
2.45986704776 28.7719397892 0.243260280383
2.46615023307 29.0551335977 0.240442461362
2.47243341838 29.0923508719 0.238476269737
2.47871660368 29.3139667074 0.235778160894
2.48499978899 28.9036023505 0.236929781874
2.4912829743 29.540548895 0.231694117141
2.4975661596 29.6984310114 0.229657112692
2.50384934491 30.021625053 0.226140004003
2.51013253022 30.5000953178 0.221984419347
2.51641571553 30.6385434381 0.219945430123
2.52269890083 30.6858867959 0.218474171547
2.52898208614 30.969068067 0.215739564104
2.53526527145 30.8893698578 0.215575425027
2.54154845675 31.1976541419 0.212351822843
2.54783164206 31.2613406566 0.21131080661
2.55411482737 31.9120391512 0.206707844522
2.56039801268 31.5129260438 0.207870487836
2.56668119798 32.0083159619 0.204116644926
2.57296438329 32.3608420835 0.201409543488
2.5792475686 32.5258782306 0.199447609661
2.5855307539 33.0332501344 0.196019267037
2.59181393921 32.8669914295 0.195870180424
2.59809712452 33.0804005817 0.193706753214
2.60438030983 33.7441085256 0.189720526862
2.61066349513 33.6617176312 0.189352253557
2.61694668044 34.0315480321 0.187245000639
2.62322986575 34.2346688723 0.185315341593
2.62951305105 34.317058595 0.183717010012
2.63579623636 34.4849816266 0.182573689126
2.64207942167 35.0191983858 0.179027053621
2.64836260698 34.9773524959 0.178240577458
2.65464579228 35.0870804912 0.17721978698
2.66092897759 35.3009126556 0.175787602143
2.6672121629 35.7439318986 0.173282833928
2.6734953482 35.6738918683 0.172511069964
2.67977853351 35.872546622 0.17134052698
2.68606171882 36.4804928685 0.168122051314
2.69234490413 36.2192123453 0.168433030625
2.69862808943 37.0215790263 0.164941936886
2.70491127474 37.0947006469 0.164055498131
2.71119446005 37.4824462432 0.162206534531
2.71747764536 37.358576412 0.161735798165
2.72376083066 37.9132885911 0.159108696247
2.73004401597 37.8923271956 0.158329925123
2.73632720128 38.1020402579 0.157232329016
2.74261038658 38.5073965201 0.154637726169
2.74889357189 38.8536091304 0.152954151526
2.7551767572 39.011883937 0.152343086445
2.76145994251 39.3066337968 0.150424479694
2.76774312781 39.4577452644 0.149494373922
2.77402631312 39.6490755081 0.148450347592
2.78030949843 39.7616285018 0.147784559191
2.78659268373 40.223661467 0.145616127045
2.79287586904 40.3903953283 0.144268673045
2.79915905435 40.7636237511 0.142730969002
2.80544223966 41.0213451937 0.14164087433
2.81172542496 41.1472842416 0.140525617671
2.81800861027 41.0868998379 0.14061551567
2.82429179558 41.6099570997 0.138106768522
2.83057498088 42.0640908103 0.136599652512
2.83685816619 42.0158403276 0.135860831587
2.8431413515 42.4594781936 0.134545764365
2.84942453681 42.8155401392 0.133035349492
2.85570772211 42.9915833437 0.131978180914
2.86199090742 43.2475573165 0.130891592727
2.86827409273 43.4809453077 0.129963656786
2.87455727803 43.6375033744 0.128705817541
2.88084046334 44.0562735158 0.12780659507
2.88712364865 44.2721891754 0.1265993833
2.89340683396 44.2591461413 0.126006735322
2.89969001926 44.7648782842 0.124400751064
2.90597320457 44.7839910855 0.123742386059
2.91225638988 45.1759944823 0.12267588422
2.91853957518 45.433622808 0.121412929785
2.92482276049 45.6276991148 0.120643539998
2.9311059458 46.1063266835 0.119193164328
2.93738913111 46.4116390101 0.118431523731
2.94367231641 46.3268909356 0.11778186598
2.94995550172 46.759845088 0.116397007353
2.95623868703 47.0747310903 0.115944826272
2.96252187234 47.2904840219 0.114518456981
2.96880505764 47.5855769245 0.113766890016
2.97508824295 48.0919303706 0.112527197866
2.98137142826 48.1882855663 0.11163375019
2.98765461356 48.4033743865 0.110732586921
2.99393779887 48.5905644216 0.110101660335
3.00022098418 48.9256306622 0.10923401197
3.00650416949 49.2256412128 0.10816538311
3.01278735479 49.484705549 0.107183386868
3.0190705401 49.6674177579 0.106671595661
3.02535372541 49.8575694008 0.105763505227
3.03163691071 50.4391730938 0.104666633736
3.03792009602 50.6787830985 0.103700521683
3.04420328133 50.9333185653 0.102923854139
3.05048646664 51.0937452253 0.102322610278
3.05676965194 51.4182773574 0.101407894545
3.06305283725 51.7148204432 0.100636657419
3.06933602256 52.0154537648 0.0998330171433
3.07561920786 52.4494784404 0.0987698880496
3.08190239317 52.4582017935 0.0982684605874
3.08818557848 52.7832297166 0.097250386051
3.09446876379 53.131652333 0.0967107741064
3.10075194909 53.260009198 0.0958549068822
3.1070351344 53.3915533554 0.0952833209219
3.11331831971 53.8979969447 0.0943289390299
3.11960150501 54.0929358098 0.0939899764825
3.12588469032 54.4056938196 0.0929435167486
3.13216787563 54.6743115692 0.0922384090507
3.13845106094 55.1069060651 0.0914767131019
3.14473424624 55.3714308052 0.0906194896628
3.15101743155 55.5266920999 0.0901567731906
3.15730061686 55.8492894258 0.0892966887908
3.16358380216 56.1785606654 0.0885390976935
3.16986698747 56.3895887249 0.0881323635031
3.17615017278 56.5152094827 0.0872946347776
3.18243335809 56.859012084 0.0867184936083
3.18871654339 57.2149896635 0.0859049397431
3.1949997287 57.6295298519 0.0853136127564
3.20128291401 57.735132812 0.0846818768092
3.20756609932 57.9951388233 0.0841894451895
3.21384928462 58.216737294 0.0834366504828
3.22013246993 58.6924589131 0.0836020554296
3.22641565524 59.5928196639 0.0843142689817
3.23269884054 60.2070650943 0.0852420895577
3.23898202585 60.726628715 0.0857977152549
3.24526521116 61.395547594 0.0866421504986
3.25154839647 61.9100525553 0.0872326266763
3.25783158177 62.517046157 0.0878372355126
3.26411476708 62.9908401692 0.0882975089793
3.27039795239 63.4004964672 0.088902863434
3.27668113769 63.8642182802 0.0892902059607
3.282964323 64.272534742 0.0898147958436
3.28924750831 64.9830337729 0.0902087973208
3.29553069362 65.2801514826 0.0905721649785
3.30181387892 65.7555903753 0.0908601927589
3.30809706423 65.8583395546 0.0913705559293
3.31438024954 66.3419437146 0.0915426108806
3.32066343484 66.7538109332 0.092012754199
3.32694662015 67.0755775595 0.0922135045004
3.33322980546 67.3914602377 0.0924216551299
3.33951299077 67.6855466914 0.0925346907384
3.34579617607 68.0080691294 0.0929292338054
3.35207936138 68.0767107217 0.0930938964535
3.35836254669 68.6135954762 0.0930753577849
3.36464573199 68.6717314497 0.093331089481
3.3709289173 69.1144288525 0.0934401847647
3.37721210261 69.2558899038 0.0937549918998
3.38349528792 69.2969605387 0.0937195003992
3.38977847322 69.6112428325 0.0937427114149
3.39606165853 69.9134962497 0.0938916563091
3.40234484384 69.8527302899 0.0939773357442
3.40862802914 70.320966183 0.0940834374791
3.41491121445 70.370354652 0.0939060219226
3.42119439976 70.5164584513 0.0941127585739
3.42747758507 70.7850097412 0.0939822796331
3.43376077037 70.9104821701 0.0940098001193
3.44004395568 71.2650319046 0.0941257077077
3.44632714099 71.1949025142 0.0939969309307
3.4526103263 71.566440879 0.0938455498043
3.4588935116 71.6715059741 0.0940580918052
3.46517669691 71.8497242536 0.0937133184057
3.47145988222 71.965195172 0.0939604586823
3.47774306752 71.8999091218 0.0937852414686
3.48402625283 72.0806825903 0.0939323508097
3.49030943814 72.1617040212 0.093826249622
3.49659262345 72.4167340132 0.0935217865854
3.50287580875 72.3612450525 0.0938506867576
3.50915899406 72.2422447759 0.0938348341745
3.51544217937 72.7034602783 0.0936489945788
3.52172536467 72.6095761953 0.093551017186
3.52800854998 72.8210115411 0.0934699262671
3.53429173529 72.7543031563 0.093388835912
3.5405749206 72.9972153081 0.093157271303
3.5468581059 72.9987973464 0.0932153320326
3.55314129121 73.1646914452 0.0929333597006
3.55942447652 73.1858895434 0.0931315636931
3.56570766182 73.3832936735 0.0928627012269
3.57199084713 73.3056646379 0.0928595095348
3.57827403244 73.5202777816 0.0927198682772
3.58455721775 73.4728934167 0.0926257485126
3.59084040305 73.7032169902 0.0925636638748
3.59712358836 73.7940232309 0.0923808014381
3.60340677367 73.808326438 0.0924453169387
3.60968995897 73.8075979618 0.0923820670494
3.61597314428 73.9191936803 0.0919837164162
3.62225632959 74.2166263027 0.0921506770542
3.6285395149 74.0817724668 0.0920355363189
3.6348227002 74.1269273285 0.0918921220091
3.64110588551 74.1548091626 0.0916872725436
3.64738907082 74.1803169108 0.0916782009753
3.65367225612 74.324188408 0.0915954826678
3.65995544143 74.4874910337 0.0913503585704
3.66623862674 74.4602764892 0.0912917276867
3.67252181205 74.6632684741 0.0912607208514
3.67880499735 74.6815638714 0.0910708400819
3.68508818266 74.6633858172 0.0910485825406
3.69137136797 74.7939541814 0.0908989136129
3.69765455328 74.6872566519 0.0909997653389
3.70393773858 74.8933720764 0.0906599692057
3.71022092389 74.985833221 0.0907670949702
3.7165041092 75.0126050382 0.0906104396426
3.7227872945 75.1434641886 0.0905713768633
3.72907047981 75.3260065231 0.0905020914857
3.73535366512 75.2863706601 0.0903247413025
3.74163685043 75.549983401 0.0901852979122
3.74792003573 75.6060800443 0.0901284155121
3.75420322104 75.6655629289 0.0899783783399
3.76048640635 75.6257046656 0.0900986224184
3.76676959165 75.68124749 0.0899385357796
3.77305277696 75.9163895618 0.0900071994482
3.77933596227 75.9683817365 0.0895928229642
3.78561914758 75.9643206505 0.0899238449519
3.79190233288 76.2257480426 0.0895937853233
3.79818551819 76.2256387365 0.0896068346667
3.8044687035 76.4105061429 0.0895990715713
3.8107518888 76.4352723617 0.0894646322486
3.81703507411 76.3264828093 0.0893814696841
3.82331825942 76.5377528651 0.0892935143271
3.82960144473 76.8335316997 0.0893041044479
3.83588463003 76.5991233426 0.0893834196654
3.84216781534 77.0395500342 0.0890184617941
3.84845100065 76.9146780039 0.0892454139437
3.85473418595 77.1423373161 0.0890812608077
3.86101737126 77.1179177363 0.0891242779887
3.86730055657 77.2108154491 0.0890390502794
3.87358374188 77.4579754651 0.0889734877491
3.87986692718 77.479121814 0.0890405077759
3.88615011249 77.5404586103 0.088900318099
3.8924332978 77.5768249752 0.0889471058841
3.8987164831 77.7333361347 0.0889452265108
3.90499966841 77.9228231181 0.0888475473341
3.91128285372 78.1007764621 0.0890361523384
3.91756603903 78.0904944459 0.0888125324648
3.92384922433 78.2689962091 0.0889295709692
3.93013240964 78.3817982585 0.0887960497372
3.93641559495 78.6556852222 0.0889396354127
3.94269878026 78.6292868633 0.0887933406763
3.94898196556 78.8038335944 0.0887447644968
3.95526515087 78.967677898 0.088930369635
3.96154833618 78.9935601854 0.0889249056646
3.96783152148 78.9733440175 0.0888044351251
3.97411470679 79.2973370468 0.0890351118769
3.9803978921 79.4677319814 0.0889766103265
3.98668107741 79.5375331483 0.0890452048762
3.99296426271 79.6428313028 0.0889312249957
3.99924744802 79.828490034 0.0891259185621
4.00553063333 80.0140778207 0.0890509057947
4.01181381863 80.0618578734 0.0891203025586
4.01809700394 80.4907720065 0.089277719316
4.02438018925 80.45801553 0.0892243779405
4.03066337456 80.5944468253 0.089498721271
4.03694655986 80.5003777225 0.0892757416959
4.04322974517 80.8118390063 0.089447326038
4.04951293048 80.8833493118 0.0894616301051
4.05579611578 81.0994974068 0.0895479148722
4.06207930109 81.3194936541 0.0898676437
4.0683624864 81.177812796 0.0895776952818
4.07464567171 81.7237534353 0.0899790631964
4.08092885701 81.6220588922 0.0898932136347
4.08721204232 81.8717762509 0.0899663956904
4.09349522763 81.8955921011 0.0903047336096
4.09977841293 82.0708527858 0.0902287249454
4.10606159824 82.3830578206 0.0904672270404
4.11234478355 82.4943047774 0.0905045233116
4.11862796886 82.5828505239 0.0905899902669
4.12491115416 82.6930988759 0.090895853536
4.13119433947 82.9933952582 0.0908809993254
4.13747752478 83.3015043541 0.0911544497576
4.14376071008 83.4691284313 0.0911040874047
4.15004389539 83.7248471955 0.0914128140988
4.1563270807 83.8604414608 0.0915464629231
4.16261026601 83.8996320954 0.0915998737021
4.16889345131 84.1581842804 0.0920259325489
4.17517663662 84.1951897414 0.0919756605525
4.18145982193 84.3738767008 0.0922102172087
4.18774300724 84.4323876179 0.0923240830261
4.19402619254 84.649629735 0.0926414786333
4.20030937785 84.9178255242 0.0928836071279
4.20659256316 85.1697776152 0.0929203337941
4.21287574846 85.4707216233 0.093537001887
4.21915893377 85.6128543492 0.0933642107425
4.22544211908 85.7879208065 0.0937585932205
4.23172530439 85.8285744602 0.0939059484482
4.23800848969 86.0500574951 0.0941835739547
4.244291675 86.2064097762 0.0945290796822
4.25057486031 86.4434738899 0.0944695516384
4.25685804561 86.6199226401 0.0951265647526
4.26314123092 86.7329879898 0.0951964465007
4.26942441623 86.9883715393 0.0954954698858
4.27570760154 87.1402088669 0.0959575441215
4.28199078684 87.3493797265 0.0961809012184
4.28827397215 87.5843209376 0.0965735343242
4.29455715746 87.6954806673 0.0967149396529
4.30084034276 87.9339877986 0.097245390117
4.30712352807 88.1436722674 0.0974956108948
4.31340671338 88.4584283393 0.0978672096217
4.31968989869 88.5195404386 0.0984678044086
4.32597308399 88.7563386153 0.098419926634
4.3322562693 89.0361537738 0.0991091457115
4.33853945461 89.1100053017 0.0995794902767
4.34482263991 89.0758117976 0.0997141031738
4.35110582522 89.3770420845 0.100558698692
4.35738901053 89.561698074 0.100627398978
4.36367219584 90.0222548777 0.101364529254
4.36995538114 90.0835883641 0.101685596732
4.37623856645 90.2084345664 0.102358385886
4.38252175176 90.3302994752 0.102964021664
4.38880493706 90.6314986331 0.103160783396
4.39508812237 90.7747610862 0.104096387432
4.40137130768 90.9143177275 0.104284688528
4.40765449299 91.3059615796 0.105207154794
4.41393767829 91.4550376817 0.105733933905
4.4202208636 91.3934204051 0.106254618223
4.42650404891 91.9420342512 0.107498907088
4.43278723422 91.9177402004 0.107237721252
4.43907041952 92.3139487154 0.10885534513
4.44535360483 92.4790561989 0.109080106955
4.45163679014 92.5548022978 0.110021941789
4.45791997544 92.7032365656 0.110859747006
4.46420316075 93.190536484 0.11152993009
4.47048634606 93.4675909745 0.112952301925
4.47676953137 93.2037948928 0.113093964028
4.48305271667 93.5134568563 0.114417887714
4.48933590198 93.8350217099 0.115213416484
4.49561908729 93.8241538944 0.11629143251
4.50190227259 94.2706494693 0.117855537311
4.5081854579 94.3372560346 0.118284465604
4.51446864321 94.6875416474 0.12001557348
4.52075182852 94.5992697321 0.120783429804
4.52703501382 94.7592951379 0.122232389455
4.53331819913 95.2085741799 0.12366748391
4.53960138444 95.0458829551 0.124912781736
4.54588456974 95.5280096184 0.126611126339
4.55216775505 95.7667670186 0.128159548125
4.55845094036 95.7171560846 0.129391553988
4.56473412567 95.6990217171 0.130826465953
4.57101731097 96.0850912747 0.132145766546
4.57730049628 96.0833340852 0.132879804983
4.58358368159 96.2747860819 0.134362939095
4.58986686689 96.3518491 0.135330263619
4.5961500522 96.3297517551 0.136597426166
4.60243323751 96.3937774874 0.137708450029
4.60871642282 96.5866650745 0.138713304644
4.61499960812 96.5481973614 0.139884258015
4.62128279343 96.7300029024 0.140776483319
4.62756597874 97.0316759837 0.142239178737
4.63384916404 97.0181522071 0.143002881728
4.64013234935 96.9236861731 0.144036744124
4.64641553466 97.0139656691 0.144963070218
4.65269871997 96.6102124851 0.14591241322
4.65898190527 97.2244517285 0.14735173517
4.66526509058 96.9138418961 0.148091797887
4.67154827589 97.09117164 0.149072629339
4.6778314612 96.6716665494 0.149785746945
4.6841146465 97.1005137092 0.151369067891
4.69039783181 96.880694502 0.152109614243
4.69668101712 97.0835814898 0.153162682182
4.70296420242 97.2354256151 0.154799971228
4.70924738773 97.0326444881 0.155522732417
4.71553057304 97.3256630603 0.156571894471
4.72181375835 97.1670334775 0.157970430037
4.72809694365 97.5842667348 0.159043367415
4.73438012896 97.2635584127 0.160029228137
4.74066331427 97.5998256834 0.161052466266
4.74694649957 97.2203732814 0.162415596631
4.75322968488 97.3888949505 0.163384275896
4.75951287019 97.3836198902 0.164689248719
4.7657960555 97.5157476189 0.16580242324
4.7720792408 97.7923279013 0.167092771838
4.77836242611 97.4271989876 0.168038179498
4.78464561142 97.571346116 0.16950531274
4.79092879672 97.6338387568 0.170159038864
4.79721198203 97.7738925851 0.172021224878
4.80349516734 97.4798325841 0.173472133451
4.80977835265 97.8688794215 0.174492306673
4.81606153795 97.8393894232 0.175949903328
4.82234472326 97.8067391542 0.177189373177
4.82862790857 98.4528509032 0.179295920349
4.83491109387 98.2955582876 0.179720594794
4.84119427918 98.1785262083 0.181641901482
4.84747746449 98.2664864895 0.183296464306
4.8537606498 98.5391918961 0.184814012629
4.8600438351 98.0949682443 0.185501610724
4.86632702041 98.8179130361 0.187956035865
4.87261020572 98.8565407686 0.189503506965
4.87889339102 98.6901474849 0.190589337043
4.88517657633 99.0514214285 0.192574713972
4.89145976164 98.9186564301 0.194239589529
4.89774294695 98.9233367146 0.195604747926
4.90402613225 99.4413609381 0.197491830835
4.91030931756 98.9913785773 0.198950615907
4.91659250287 99.3960602645 0.201110398606
4.92287568818 99.0793389165 0.202755604084
4.92915887348 99.2166296336 0.204357522277
4.93544205879 99.0473716773 0.205279619697
4.9417252441 99.8741301431 0.209069050344
4.9480084294 100.235846071 0.211240949502
4.95429161471 100.115230466 0.2123257151
4.96057480002 100.217165118 0.214788114356
4.96685798533 100.423860271 0.217590639844
4.97314117063 100.283519128 0.218119395319
4.97942435594 100.002812746 0.220232431608
4.98570754125 100.103089052 0.222932390059
4.99199072655 101.128910224 0.226847496654
4.99827391186 100.705144051 0.226864247239
5.00455709717 101.137887833 0.230575537322
5.01084028248 100.853376146 0.233205592963
5.01712346778 101.21434056 0.23590032026
5.02340665309 100.746103325 0.23601557801
5.0296898384 101.459913003 0.240558472706
5.0359730237 101.254731015 0.243196760677
5.04225620901 100.839358983 0.244599064369
5.04853939432 101.051962909 0.247419081857
5.05482257963 101.810810174 0.251403957527
5.06110576493 101.652761054 0.255719330276
5.06738895024 102.352943099 0.256547616649
5.07367213555 102.196207426 0.260471318857
5.07995532085 102.124509988 0.263738004866
5.08623850616 102.500397952 0.26737577066
5.09252169147 102.242271255 0.269419417462
5.09880487678 102.206513495 0.272117363364
5.10508806208 103.118810734 0.279013510385
5.11137124739 102.483662181 0.280235206852
5.1176544327 103.284810196 0.284107019984
5.123937618 102.858170266 0.287854914026
5.13022080331 103.358370747 0.29318226344
5.13650398862 103.612069192 0.296483846926
5.14278717393 104.010409936 0.299474829039
5.14907035923 103.88021591 0.30630398527
5.15535354454 103.804600656 0.311420892573
5.16163672985 103.777556134 0.311024220717
5.16791991516 104.318916492 0.3183702421
5.17420310046 104.255506907 0.323318931267
5.18048628577 104.056457997 0.329360991138
5.18676947108 105.259111547 0.333722415389
5.19305265638 105.754759773 0.341738964322
5.19933584169 104.731084135 0.3454427996
5.205619027 105.41460652 0.350783504524
5.21190221231 105.204195008 0.355191307732
5.21818539761 105.995152092 0.364211306788
5.22446858292 106.776990296 0.375711935857
5.23075176823 105.579940864 0.372991218722
5.23703495353 105.886128686 0.381215929826
5.24331813884 106.248323333 0.392967772349
5.24960132415 106.743355507 0.403236284327
5.25588450946 106.832634435 0.401527210321
5.26216769476 106.565127255 0.410018551961
5.26845088007 107.686338914 0.428617910635
5.27473406538 106.745751885 0.433177210624
5.28101725068 107.084995551 0.435179726749
5.28730043599 107.927487236 0.450193565711
5.2935836213 108.513289583 0.464206327514
5.29986680661 108.598437714 0.475176383487
5.30614999191 108.037580391 0.477762853025
5.31243317722 108.530976987 0.493751865034
5.31871636253 108.909585641 0.51323206023
5.32499954783 109.007069427 0.51237513218
5.33128273314 109.382143369 0.531141849129
5.33756591845 108.508696628 0.548041533662
5.34384910376 109.740670252 0.57123115406
5.35013228906 109.331700718 0.559931516272
5.35641547437 109.249946946 0.593922702105
5.36269865968 109.862239637 0.623495709408
5.36898184498 109.610851919 0.633100934725
5.37526503029 110.450331408 0.629778482097
5.3815482156 109.215647998 0.673652421387
5.38783140091 110.487408294 0.723783412324
5.39411458621 110.086785853 0.706428101143
5.40039777152 110.215262828 0.715966317462
5.40668095683 110.135456423 0.777131054766
5.41296414214 109.440454444 0.852918057526
5.41924732744 109.838983656 0.788518873954
5.42553051275 109.946912042 0.830573331447
5.43181369806 110.8772577 0.920969699016
5.43809688336 110.877424558 1.03738007335
5.44438006867 108.309229974 0.909731000565
5.45066325398 113.680186405 1.01466268415
5.45694643929 113.707716749 1.1574654972
5.46322962459 112.004450011 1.29277453697
5.4695128099 111.85032975 1.15238761465
5.47579599521 110.362544308 1.23591620628
5.48207918051 115.042584107 1.54229567143
5.48836236582 110.108320531 1.60675383244
5.49464555113 112.448350497 1.5211133286
5.50092873644 115.830083016 1.71043527549
5.50721192174 112.006812862 2.47171838055
5.51349510705 110.868417895 1.9879124118
5.51977829236 115.595363571 2.29933906695
5.52606147766 108.899051977 2.50624538332
5.53234466297 113.899589252 4.18651600636
5.53862784828 108.421640717 3.2295306235
5.54491103359 116.786188959 4.45423478075
5.55119421889 118.54200897 5.95123579399
5.5574774042 120.832211059 11.7939896704
5.56376058951 123.209048928 12.9542153859
5.57004377481 107.353489073 32.0155314061
