0.00942477796077 6.57302807258
0.0157079632679 5.33258621068
0.0219911485751 5.66400676929
0.0282743338823 6.12387634859
0.0345575191895 5.96718313548
0.0408407044967 5.44854504143
0.0471238898038 6.27412986568
0.053407075111 5.946122707
0.0596902604182 6.15062070768
0.0659734457254 5.99627103723
0.0722566310326 6.04532392851
0.0785398163397 6.01669332805
0.0848230016469 6.11884461335
0.0911061869541 6.07621133086
0.0973893722613 6.18146282348
0.103672557568 6.33928438846
0.109955742876 6.28623109148
0.116238928183 6.43478698366
0.12252211349 6.3826108813
0.128805298797 6.25549832989
0.135088484104 6.73443235667
0.141371669412 6.56559944739
0.147654854719 6.783767119
0.153938040026 6.95953076339
0.160221225333 6.78979742117
0.16650441064 7.02194188479
0.172787595947 6.90354647321
0.179070781255 7.12942130724
0.185353966562 7.13081286215
0.191637151869 7.04865234835
0.197920337176 7.31793357744
0.204203522483 7.25384339411
0.210486707791 7.58680191008
0.216769893098 7.83482647016
0.223053078405 7.65443797637
0.229336263712 7.88448294136
0.235619449019 7.93886479085
0.241902634326 8.02834467352
0.248185819634 8.05166193649
0.254469004941 8.17712006836
0.260752190248 8.1660553433
0.267035375555 8.19373453294
0.273318560862 8.68808737429
0.279601746169 8.80251558177
0.285884931477 8.59634286633
0.292168116784 8.57750259224
0.298451302091 8.93981396756
0.304734487398 9.05720385109
0.311017672705 9.17379974907
0.317300858013 9.53929574234
0.32358404332 9.26548075569
0.329867228627 9.37066912493
0.336150413934 9.65902053042
0.342433599241 9.82450531073
0.348716784548 9.61853248903
0.354999969856 10.0089466549
0.361283155163 10.113797698
0.36756634047 10.2925488041
0.373849525777 10.3015514168
0.380132711084 10.7313592368
0.386415896392 10.6886008452
0.392699081699 10.7840976511
0.398982267006 11.1220552567
0.405265452313 10.9650266006
0.41154863762 11.2241131044
0.417831822927 11.2294465475
0.424115008235 11.414496715
0.430398193542 11.5502962813
0.436681378849 11.6478243126
0.442964564156 11.6714306186
0.449247749463 11.8996110709
0.455530934771 12.0674604137
0.461814120078 12.2067547507
0.468097305385 12.1270195444
0.474380490692 12.6051758455
0.480663675999 12.9018436859
0.486946861306 12.7581219669
0.493230046614 12.7660260544
0.499513231921 13.008089264
0.505796417228 12.9721066484
0.512079602535 13.3320699251
0.518362787842 13.5881488855
0.524645973149 13.5241858447
0.530929158457 13.6975306533
0.537212343764 13.7349181982
0.543495529071 13.8265179309
0.549778714378 14.1061965802
0.556061899685 14.3499188705
0.562345084993 14.5715397789
0.5686282703 14.6892488571
0.574911455607 14.7836789108
0.581194640914 14.9818950171
0.587477826221 15.1797932876
0.593761011528 15.3733922333
0.600044196836 15.4145606368
0.606327382143 15.8171309821
0.61261056745 15.7176770018
0.618893752757 16.0558476491
0.625176938064 16.0346142722
0.631460123372 16.2880332259
0.637743308679 16.1764543331
0.644026493986 16.5941153878
0.650309679293 17.0487860299
0.6565928646 17.1257352543
0.662876049907 17.2986121558
0.669159235215 17.2862332713
0.675442420522 17.3709520152
0.681725605829 17.7689253387
0.688008791136 17.6500514079
0.694291976443 18.4034876899
0.700575161751 18.3441971191
0.706858347058 18.5529868109
0.713141532365 18.6594259993
0.719424717672 18.84639413
0.725707902979 18.9713172794
0.731991088286 19.2536788294
0.738274273594 19.3033806541
0.744557458901 19.6970133594
0.750840644208 19.856567962
0.757123829515 20.0356425326
0.763407014822 20.4825256914
0.769690200129 20.5975164797
0.775973385437 20.7415938309
0.782256570744 20.7806382745
0.788539756051 21.1922282017
0.794822941358 21.4303809546
0.801106126665 21.3554798369
0.807389311973 21.7226215224
0.81367249728 21.8499555206
0.819955682587 22.2144238538
0.826238867894 22.2548352347
0.832522053201 22.5489399618
0.838805238508 22.9906466678
0.845088423816 23.1852465672
0.851371609123 23.325573147
0.85765479443 23.3874234109
0.863937979737 23.762914294
0.870221165044 24.045018282
0.876504350352 24.4177182658
0.882787535659 24.4420363102
0.889070720966 24.502285024
0.895353906273 24.954446473
0.90163709158 25.17348843
0.907920276887 25.3632011976
0.914203462195 25.8292338497
0.920486647502 26.00898022
0.926769832809 26.4245918434
0.933053018116 26.4400459715
0.939336203423 26.5595131823
0.945619388731 27.1515939082
0.951902574038 27.3902514364
0.958185759345 27.3913666945
0.964468944652 27.8494885196
0.970752129959 28.0441653679
0.977035315266 28.6772696334
0.983318500574 28.7525239733
0.989601685881 28.9755408199
0.995884871188 29.2276422326
1.0021680565 29.4631039329
1.0084512418 29.5941100486
1.01473442711 30.0752559264
1.02101761242 30.2467732329
1.02730079772 30.346930052
1.03358398303 30.7550145883
1.03986716834 30.9078087209
1.04615035365 31.8120145731
1.05243353895 31.718704859
1.05871672426 31.8997627473
1.06499990957 32.3546240296
1.07128309487 32.8966246174
1.07756628018 33.1144915151
1.08384946549 33.622306827
1.0901326508 33.7324510971
1.0964158361 34.064058454
1.10269902141 34.2333034978
1.10898220672 34.8149786434
1.11526539202 34.87741742
1.12154857733 35.2279109531
1.12783176264 35.7278130161
1.13411494795 36.1236688866
1.14039813325 36.5087027849
1.14668131856 36.9770982239
1.15296450387 37.172685727
1.15924768917 37.4876127272
1.16553087448 37.7017833807
1.17181405979 37.9874085116
1.1780972451 38.8389025197
1.1843804304 38.8603154467
1.19066361571 39.3904454167
1.19694680102 39.9792143039
1.20322998632 39.995627951
1.20951317163 40.6953192119
1.21579635694 41.0507399131
1.22207954225 41.0172297548
1.22836272755 41.8363543477
1.23464591286 42.2000611317
1.24092909817 42.6820058311
1.24721228348 43.1254939075
1.25349546878 43.7307316761
1.25977865409 43.926148944
1.2660618394 44.3683586689
1.2723450247 44.7313854023
1.27862821001 45.2786294492
1.28491139532 45.6252086065
1.29119458063 46.4066605856
1.29747776593 46.3654666662
1.30376095124 47.3434074489
1.31004413655 47.8574167883
1.31632732185 47.9229743204
1.32261050716 48.366625788
1.32889369247 48.8492460692
1.33517687778 49.3799400221
1.34146006308 49.8132755939
1.34774324839 50.3186718874
1.3540264337 50.927784625
1.360309619 51.4564332539
1.36659280431 51.8800823518
1.37287598962 52.2944374725
1.37915917493 52.8372473834
1.38544236023 53.2975269463
1.39172554554 53.9215961626
1.39800873085 54.3501653798
1.40429191615 55.0925410558
1.41057510146 55.47763879
1.41685828677 55.9220011301
1.42314147208 56.5002556774
1.42942465738 56.8624898917
1.43570784269 57.4723713494
1.441991028 58.330338912
1.4482742133 58.8564687007
1.45455739861 59.0905066904
1.46084058392 59.7790389716
1.46712376923 60.6292436405
1.47340695453 60.898442956
1.47969013984 61.1615456111
1.48597332515 62.0447516053
1.49225651046 62.7116166565
1.49853969576 63.1649258174
1.50482288107 63.6044084275
1.51110606638 64.4751307942
1.51738925168 64.5150885986
1.52367243699 65.4772342233
1.5299556223 65.6594784292
1.53623880761 66.5506966879
1.54252199291 66.8005890571
1.54880517822 67.6186244091
1.55508836353 68.4312689675
1.56137154883 68.6077235092
1.56765473414 69.3269465294
1.57393791945 69.8156445473
1.58022110476 70.6042274638
1.58650429006 71.0200624969
1.59278747537 71.4751380781
1.59907066068 72.119690982
1.60535384598 72.7040492379
1.61163703129 73.1364286257
1.6179202166 73.671672008
1.62420340191 74.3712746387
1.63048658721 75.4175282121
1.63676977252 75.2818182651
1.64305295783 75.8687390961
1.64933614313 76.4111356084
1.65561932844 76.9603980704
1.66190251375 77.305507748
1.66818569906 78.1538275709
1.67446888436 78.6386390849
1.68075206967 79.0394726766
1.68703525498 79.5040994009
1.69331844028 79.1107616649
1.69960162559 80.0068956507
1.7058848109 80.56643361
1.71216799621 81.3424446389
1.71845118151 81.4568397091
1.72473436682 81.8037230474
1.73101755213 81.9847950937
1.73730073744 82.1706438345
1.74358392274 83.0347954035
1.74986710805 83.4557147161
1.75615029336 83.9291914963
1.76243347866 83.8638970437
1.76871666397 84.7049511501
1.77499984928 84.2310370424
1.78128303459 85.0843435089
1.78756621989 84.6541275471
1.7938494052 85.3512729878
1.80013259051 85.7474579522
1.80641577581 86.4853065763
1.81269896112 86.3966386404
1.81898214643 86.0279626626
1.82526533174 86.4614600875
1.83154851704 85.879106654
1.83783170235 86.4335975371
1.84411488766 86.9995819211
1.85039807296 86.9726051273
1.85668125827 86.7359282284
1.86296444358 86.9434566781
1.86924762889 86.9193048522
1.87553081419 87.194366943
1.8818139995 86.9213266615
1.88809718481 87.1313790139
1.89438037011 86.9822907178
1.90066355542 86.7530928923
1.90694674073 87.1191601854
1.91322992604 87.1947981117
1.91951311134 86.9394243004
1.92579629665 87.1533392515
1.93207948196 87.1452332638
1.93836266726 86.0395575441
1.94464585257 86.8045129715
1.95092903788 86.5073491414
1.95721222319 86.3576212237
1.96349540849 86.4370017942
1.9697785938 85.92078678
1.97606177911 85.2298710922
1.98234496442 86.0966456208
1.98862814972 85.1757090023
1.99491133503 85.5181478695
2.00119452034 84.9805057251
2.00747770564 84.7213286286
2.01376089095 84.2778252885
2.02004407626 84.5030023227
2.02632726157 83.9366835591
2.03261044687 83.7699900455
2.03889363218 83.0612951524
2.04517681749 82.8660297663
2.05146000279 83.0704809584
2.0577431881 82.6166757017
2.06402637341 81.832737334
2.07030955872 81.659503374
2.07659274402 81.058600522
2.08287592933 81.2570182081
2.08915911464 80.9652660503
2.09544229994 80.6386839848
2.10172548525 79.3623988189
2.10800867056 79.9427141865
2.11429185587 78.8737380633
2.12057504117 78.1779555673
2.12685822648 77.9193985775
2.13314141179 78.1050989631
2.13942459709 77.6084909088
2.1457077824 76.9606067392
2.15199096771 76.401405222
2.15827415302 77.2447606911
2.16455733832 75.7308538909
2.17084052363 75.3326630213
2.17712370894 75.1302177359
2.18340689424 75.4152192924
2.18969007955 74.6790529036
2.19597326486 73.6588851689
2.20225645017 74.1867526649
2.20853963547 73.155034712
2.21482282078 72.8343312175
2.22110600609 72.222533123
2.2273891914 72.3993028478
2.2336723767 71.8247800102
2.23995556201 71.5562885945
2.24623874732 70.9289028829
2.25252193262 70.1105217914
2.25880511793 70.4125767913
2.26508830324 69.7178399737
2.27137148855 68.9456193492
2.27765467385 68.9198142547
2.28393785916 68.3826749434
2.29022104447 67.8921883968
2.29650422977 68.0233187281
2.30278741508 67.4866011915
2.30907060039 67.1248007968
2.3153537857 66.6604273133
2.321636971 66.2031842811
2.32792015631 65.7234352529
2.33420334162 65.1864121286
2.34048652692 65.4410886469
2.34676971223 64.7999826698
2.35305289754 64.5386809741
2.35933608285 63.9857968799
2.36561926815 64.0856426954
2.37190245346 63.7248347876
2.37818563877 63.0888729687
2.38446882407 62.425100136
2.39075200938 62.2831954795
2.39703519469 62.4854413789
2.40331838 61.325562861
2.4096015653 61.8240322694
2.41588475061 60.8629416891
2.42216793592 60.9164389623
2.42845112122 60.9597535777
2.43473430653 60.1919069933
2.44101749184 59.9659851354
2.44730067715 60.083796662
2.45358386245 59.8725958848
2.45986704776 59.3459118369
2.46615023307 59.3667453092
2.47243341838 58.6072005824
2.47871660368 58.3989210566
2.48499978899 58.0582506897
2.4912829743 57.6578571982
2.4975661596 57.4955773744
2.50384934491 57.3421025889
2.51013253022 57.279411149
2.51641571553 56.8204596695
2.52269890083 56.5994799618
2.52898208614 55.9722017433
2.53526527145 56.3651352892
2.54154845675 55.8023998649
2.54783164206 55.9747132952
2.55411482737 55.5306056399
2.56039801268 55.3322703195
2.56668119798 55.0331146877
2.57296438329 54.8129530808
2.5792475686 54.4833175446
2.5855307539 54.1521804333
2.59181393921 54.0620007334
2.59809712452 54.0388617001
2.60438030983 53.6168331665
2.61066349513 53.5205725729
2.61694668044 53.3189695262
2.62322986575 53.0451886246
2.62951305105 52.6957852445
2.63579623636 52.7898540881
2.64207942167 52.2939073522
2.64836260698 51.94844772
2.65464579228 52.01163909
2.66092897759 51.936534074
2.6672121629 51.557355771
2.6734953482 51.4660758167
2.67977853351 51.0974089738
2.68606171882 50.9741272969
2.69234490413 50.7810450294
2.69862808943 50.641180511
2.70491127474 50.6602646123
2.71119446005 50.4713567216
2.71747764536 50.1709965171
2.72376083066 49.7491739196
2.73004401597 49.7676554513
2.73632720128 49.55458047
2.74261038658 49.1439122472
2.74889357189 49.124948958
2.7551767572 48.8984808782
2.76145994251 48.6994063127
2.76774312781 48.586611849
2.77402631312 48.5418035866
2.78030949843 48.348369066
2.78659268373 48.1694542649
2.79287586904 47.772396697
2.79915905435 47.8014967081
2.80544223966 47.5519087246
2.81172542496 47.2700693461
2.81800861027 46.962389828
2.82429179558 47.0184084633
2.83057498088 46.8271571442
2.83685816619 46.1212575055
2.8431413515 46.4080557519
2.84942453681 46.1108076612
2.85570772211 45.9418519034
2.86199090742 45.5508634678
2.86827409273 45.790277043
2.87455727803 45.0992250154
2.88084046334 45.5146039853
2.88712364865 45.1839349711
2.89340683396 44.5824288706
2.89969001926 44.4425610065
2.90597320457 44.4027476903
2.91225638988 44.3270019888
2.91853957518 43.9990908834
2.92482276049 44.096131258
2.9311059458 43.7930457932
2.93738913111 43.6004330575
2.94367231641 43.348781227
2.94995550172 43.050585231
2.95623868703 43.1208869457
2.96252187234 42.8028333517
2.96880505764 42.7008289808
2.97508824295 42.3267793272
2.98137142826 42.3123342303
2.98765461356 42.0731251663
2.99393779887 41.7443375401
3.00022098418 41.6730748523
3.00650416949 41.5409610553
3.01278735479 41.1394451543
3.0190705401 40.9711170337
3.02535372541 40.9367969342
3.03163691071 40.8452030351
3.03792009602 40.5708788293
3.04420328133 40.3482287865
3.05048646664 40.1334790702
3.05676965194 39.8934251618
3.06305283725 39.7459808013
3.06933602256 39.4734477684
3.07561920786 39.4410711155
3.08190239317 39.1071295962
3.08818557848 38.8991019918
3.09446876379 38.7607371651
3.10075194909 38.6487717232
3.1070351344 38.1996016839
3.11331831971 38.1589297363
3.11960150501 38.1002246401
3.12588469032 37.8822260568
3.13216787563 37.5559416099
3.13845106094 37.5308553871
3.14473424624 37.2855812212
3.15101743155 37.1468871668
3.15730061686 36.7862548273
3.16358380216 36.7187687634
3.16986698747 36.55234042
3.17615017278 36.3137601736
3.18243335809 35.9748656563
3.18871654339 35.8216550017
3.1949997287 35.8151683223
3.20128291401 35.4060748493
3.20756609932 35.2444571352
3.21384928462 35.1038864545
3.22013246993 35.5497017797
3.22641565524 36.3469896934
3.23269884054 37.2048674894
3.23898202585 37.9789936786
3.24526521116 38.6801118039
3.25154839647 39.3889286337
3.25783158177 40.0243048102
3.26411476708 40.6887858863
3.27039795239 41.3897931572
3.27668113769 41.967006777
3.282964323 42.2947901886
3.28924750831 42.9752690722
3.29553069362 43.6721974105
3.30181387892 44.0754662742
3.30809706423 44.5328787433
3.31438024954 44.8602695856
3.32066343484 45.2743721665
3.32694662015 45.6623043952
3.33322980546 46.1478915165
3.33951299077 46.2090850164
3.34579617607 46.7082960851
3.35207936138 46.8666615608
3.35836254669 47.0276846294
3.36464573199 47.1953439058
3.3709289173 47.5216875429
3.37721210261 47.8418425576
3.38349528792 47.4663362905
3.38977847322 47.5136813426
3.39606165853 47.9107671417
3.40234484384 47.8326596213
3.40862802914 47.8839139778
3.41491121445 47.7436200627
3.42119439976 47.8567164179
3.42747758507 47.9160610563
3.43376077037 47.9139686704
3.44004395568 48.0613459904
3.44632714099 47.5022950822
3.4526103263 47.8486427689
3.4588935116 47.5375193053
3.46517669691 47.475969511
3.47145988222 47.5866693369
3.47774306752 47.1580770223
3.48402625283 47.3167225946
3.49030943814 46.7058445822
3.49659262345 46.7557300718
3.50287580875 46.672106029
3.50915899406 46.3289329519
3.51544217937 46.2193815931
3.52172536467 45.8938711443
3.52800854998 45.9030241859
3.53429173529 45.6634943827
3.5405749206 45.2256912874
3.5468581059 44.9657504153
3.55314129121 44.9868229381
3.55942447652 44.8232705963
3.56570766182 44.4112737628
3.57199084713 44.5641986081
3.57827403244 44.3086194847
3.58455721775 43.7953452693
3.59084040305 43.8136940426
3.59712358836 43.3295969155
3.60340677367 43.4822968939
3.60968995897 42.8564215534
3.61597314428 42.6864840471
3.62225632959 42.3112106535
3.6285395149 42.0507001624
3.6348227002 41.803379117
3.64110588551 41.5390251902
3.64738907082 41.4009625751
3.65367225612 41.0691527569
3.65995544143 40.9014084227
3.66623862674 40.5825821949
3.67252181205 40.3317345023
3.67880499735 40.2148886943
3.68508818266 39.7894713583
3.69137136797 39.6606086668
3.69765455328 39.6142306591
3.70393773858 39.2175776113
3.71022092389 39.3273835038
3.7165041092 38.7375542697
3.7227872945 38.6722278466
3.72907047981 38.5350462579
3.73535366512 37.9313696959
3.74163685043 37.8910146792
3.74792003573 37.5068200029
3.75420322104 37.622538554
3.76048640635 37.1573666994
3.76676959165 37.1025234955
3.77305277696 36.8331327338
3.77933596227 36.5752988263
3.78561914758 36.3452266233
3.79190233288 36.2716916392
3.79818551819 35.9871034284
3.8044687035 35.8353202878
3.8107518888 35.5484995567
3.81703507411 35.4849163092
3.82331825942 35.1266940382
3.82960144473 35.0565906489
3.83588463003 34.7583417052
3.84216781534 34.511020887
3.84845100065 34.3403628451
3.85473418595 34.3803221725
3.86101737126 34.0910413869
3.86730055657 34.0696023222
3.87358374188 33.6735947052
3.87986692718 33.552566969
3.88615011249 33.2183265081
3.8924332978 33.2485607681
3.8987164831 33.0998546021
3.90499966841 32.7516639321
3.91128285372 32.6920093622
3.91756603903 32.6262381777
3.92384922433 32.5033924234
3.93013240964 32.0533759139
3.93641559495 32.1620269093
3.94269878026 31.8868028999
3.94898196556 31.6490246918
3.95526515087 31.7432224749
3.96154833618 31.2368741113
3.96783152148 31.2395929847
3.97411470679 31.207641133
3.9803978921 31.0449087087
3.98668107741 30.8757139953
3.99296426271 30.657063022
3.99924744802 30.5476096021
4.00553063333 30.3452193397
4.01181381863 30.2057015764
4.01809700394 30.1270832858
4.02438018925 29.9016739803
4.03066337456 30.1187621925
4.03694655986 29.5071095972
4.04322974517 29.5504720041
4.04951293048 29.1977265115
4.05579611578 29.2897145229
4.06207930109 29.3342412268
4.0683624864 29.1931479824
4.07464567171 29.1092684568
4.08092885701 28.8382208711
4.08721204232 28.6426056545
4.09349522763 28.5078583274
4.09977841293 28.4269954273
4.10606159824 28.4608198295
4.11234478355 28.1568407651
4.11862796886 28.1553926179
4.12491115416 28.016759314
4.13119433947 27.8296539604
4.13747752478 27.9817258051
4.14376071008 27.7985667938
4.15004389539 27.6114408318
4.1563270807 27.6929648305
4.16261026601 27.4431738661
4.16889345131 27.2667608829
4.17517663662 27.1600053398
4.18145982193 27.0948779247
4.18774300724 26.8607401341
4.19402619254 26.7936633849
4.20030937785 26.8757758772
4.20659256316 26.6528716219
4.21287574846 26.7390261633
4.21915893377 26.4313252771
4.22544211908 26.3710111713
4.23172530439 26.1938129101
4.23800848969 26.2114253494
4.244291675 26.1490391973
4.25057486031 26.114834129
4.25685804561 26.0506142871
4.26314123092 25.7989934324
4.26942441623 25.7137876027
4.27570760154 26.0331617545
4.28199078684 25.825011438
4.28827397215 25.4146346963
4.29455715746 25.3247275845
4.30084034276 25.4367409102
4.30712352807 25.1166004092
4.31340671338 25.1705301211
4.31968989869 25.1693771361
4.32597308399 25.2205711787
4.3322562693 24.9913292187
4.33853945461 24.8645702905
4.34482263991 24.8801947557
4.35110582522 24.803531041
4.35738901053 24.6322639905
4.36367219584 24.5772585164
4.36995538114 24.6481373515
4.37623856645 24.4794906547
4.38252175176 24.3817350131
4.38880493706 24.4198880733
4.39508812237 24.3399572909
4.40137130768 24.2489603797
4.40765449299 24.2305007577
4.41393767829 24.3452274315
4.4202208636 24.0866781317
4.42650404891 24.2573643528
4.43278723422 23.8209627481
4.43907041952 24.1491649752
4.44535360483 24.0735521929
4.45163679014 23.9089822151
4.45791997544 23.9632469499
4.46420316075 23.8362493785
4.47048634606 23.8928285753
4.47676953137 23.7504417177
4.48305271667 23.8668189707
4.48933590198 23.8341112991
4.49561908729 23.7633612468
4.50190227259 23.7641257629
4.5081854579 23.8179704718
4.51446864321 24.2879207514
4.52075182852 23.9252504154
4.52703501382 24.0320421734
4.53331819913 24.1982331231
4.53960138444 23.9967880084
4.54588456974 24.1228835225
4.55216775505 24.1062410268
4.55845094036 24.1854436933
4.56473412567 23.9552882728
4.57101731097 24.0472298667
4.57730049628 23.7549885756
4.58358368159 23.8552543547
4.58986686689 23.9562585409
4.5961500522 23.6175403512
4.60243323751 23.6251079361
4.60871642282 23.4571753858
4.61499960812 23.4109860817
4.62128279343 23.5376047614
4.62756597874 23.0328021398
4.63384916404 23.3048029143
4.64013234935 22.9610389492
4.64641553466 22.9296390999
4.65269871997 22.9832431188
4.65898190527 22.8019614602
4.66526509058 22.6979965935
4.67154827589 22.8019789194
4.6778314612 22.6361755039
4.6841146465 22.2996525243
4.69039783181 22.3598914002
4.69668101712 22.4498205291
4.70296420242 21.9081143476
4.70924738773 21.9605497703
4.71553057304 21.8833388544
4.72181375835 21.8807296215
4.72809694365 21.4986972783
4.73438012896 21.5105892552
4.74066331427 21.8242294051
4.74694649957 21.9807211586
4.75322968488 21.3125618999
4.75951287019 21.7621594388
4.7657960555 21.4295614198
4.7720792408 21.2316926363
4.77836242611 20.8704763852
4.78464561142 20.848029942
4.79092879672 20.572891032
4.79721198203 20.7600402806
4.80349516734 20.3336867343
4.80977835265 20.8492967425
4.81606153795 20.4816786806
4.82234472326 20.7188018319
4.82862790857 20.3727132906
4.83491109387 20.2107665599
4.84119427918 20.1769736881
4.84747746449 19.8242744276
4.8537606498 20.017714149
4.8600438351 19.8074131353
4.86632702041 19.9223422673
4.87261020572 19.5724990334
4.87889339102 19.5838503845
4.88517657633 19.4686600833
4.89145976164 19.224821182
4.89774294695 19.3283374171
4.90402613225 19.27328786
4.91030931756 19.187777662
4.91659250287 19.0987930159
4.92287568818 18.8067933061
4.92915887348 18.9386309197
4.93544205879 19.0113692135
4.9417252441 19.1163959247
4.9480084294 18.8214397675
4.95429161471 18.7390288756
4.96057480002 18.0749448756
4.96685798533 18.664619954
4.97314117063 18.7415793951
4.97942435594 18.210666219
4.98570754125 18.4520393574
4.99199072655 18.4475236537
4.99827391186 18.0423693041
5.00455709717 18.0261998377
5.01084028248 17.6513849406
5.01712346778 17.757298187
5.02340665309 18.1143968951
5.0296898384 17.863137597
5.0359730237 17.9707603755
5.04225620901 17.8153016684
5.04853939432 17.6925093344
5.05482257963 17.4707185743
5.06110576493 17.689605651
5.06738895024 17.5384554825
5.07367213555 17.3875694654
5.07995532085 17.6941152062
5.08623850616 17.2350284827
5.09252169147 17.3967262956
5.09880487678 16.883434453
5.10508806208 17.0393773315
5.11137124739 17.580980184
5.1176544327 17.5579597001
5.123937618 16.8776543425
5.13022080331 17.021742489
5.13650398862 17.2292850267
5.14278717393 17.3925993927
5.14907035923 17.0725781144
5.15535354454 16.4139484295
5.16163672985 16.4429890818
5.16791991516 16.8476031899
5.17420310046 16.8063678053
5.18048628577 16.6517225621
5.18676947108 17.8510658349
5.19305265638 17.113425627
5.19933584169 16.5532848516
5.205619027 15.6672978626
5.21190221231 15.656469632
5.21818539761 16.2565243979
5.22446858292 16.4953092116
5.23075176823 16.0135633167
5.23703495353 16.845959918
5.24331813884 16.7925747591
5.24960132415 16.2023400133
5.25588450946 15.5933808902
5.26216769476 15.9543215566
5.26845088007 15.8303215774
5.27473406538 15.9955910202
5.28101725068 16.4685954254
5.28730043599 15.4121743065
5.2935836213 14.9762687961
5.29986680661 15.7961153394
5.30614999191 16.1080731197
5.31243317722 14.9447305182
5.31871636253 15.0936658485
5.32499954783 16.4336952796
5.33128273314 16.0942011552
5.33756591845 15.6993559447
5.34384910376 15.5258325642
5.35013228906 15.1934282879
5.35641547437 15.6513092607
5.36269865968 15.4618373596
5.36898184498 15.2200183582
5.37526503029 15.1973429357
5.3815482156 14.9929691686
5.38783140091 15.4297171412
5.39411458621 14.086324366
5.40039777152 14.834450516
5.40668095683 14.1645123685
5.41296414214 15.1240082421
5.41924732744 16.020438897
5.42553051275 15.3943095553
5.43181369806 14.7437196151
5.43809688336 17.6499188435
5.44438006867 13.97186034
5.45066325398 13.0091226408
5.45694643929 13.9911438455
5.46322962459 15.8821929217
5.4695128099 14.2066893904
5.47579599521 17.7693168417
5.48207918051 16.7435549193
5.48836236582 12.3585867911
5.49464555113 15.6769599421
5.50092873644 12.1636869819
5.50721192174 16.3213885108
5.51349510705 11.410626138
5.51977829236 13.3713325007
5.52606147766 10.7973615661
5.53234466297 18.5839710611
5.53862784828 6.87150774959
5.54491103359 15.2335963775
5.55119421889 7.14186743855
5.5574774042 14.4179065791
5.56376058951 -3.18984975571
5.57004377481 -8.65512037637
