0.00942477796077 2.82232131731
0.0157079632679 2.76777170333
0.0219911485751 2.8521384457
0.0282743338823 2.92575312674
0.0345575191895 3.03355889075
0.0408407044967 2.88560727058
0.0471238898038 3.02140877127
0.053407075111 2.95776028757
0.0596902604182 3.03826297636
0.0659734457254 3.02483931362
0.0722566310326 3.07777624971
0.0785398163397 3.10014650305
0.0848230016469 3.11774698712
0.0911061869541 3.12039237923
0.0973893722613 3.15126109933
0.103672557568 3.23633705079
0.109955742876 3.24269499283
0.116238928183 3.25922661293
0.12252211349 3.21048698152
0.128805298797 3.2882214871
0.135088484104 3.29757096281
0.141371669412 3.33864522554
0.147654854719 3.40724378015
0.153938040026 3.41993179021
0.160221225333 3.45286341452
0.16650441064 3.45978798334
0.172787595947 3.50764548572
0.179070781255 3.49275241604
0.185353966562 3.53253805032
0.191637151869 3.56199853833
0.197920337176 3.58987219891
0.204203522483 3.57578530581
0.210486707791 3.66895008533
0.216769893098 3.68017016653
0.223053078405 3.73663786074
0.229336263712 3.73889943256
0.235619449019 3.80201555696
0.241902634326 3.8217484909
0.248185819634 3.87931036563
0.254469004941 3.88332820792
0.260752190248 3.89041839124
0.267035375555 3.91185903338
0.273318560862 3.94828838773
0.279601746169 3.97519132533
0.285884931477 3.98820218423
0.292168116784 4.05501705021
0.298451302091 4.08736309903
0.304734487398 4.08468088969
0.311017672705 4.11939899075
0.317300858013 4.12304781785
0.32358404332 4.1753548645
0.329867228627 4.18460914671
0.336150413934 4.21824024973
0.342433599241 4.24362848825
0.348716784548 4.30483814091
0.354999969856 4.3252446363
0.361283155163 4.32504333578
0.36756634047 4.35293544521
0.373849525777 4.38843972215
0.380132711084 4.39737983536
0.386415896392 4.45401420066
0.392699081699 4.47835519078
0.398982267006 4.54573815887
0.405265452313 4.50168836531
0.41154863762 4.57579088564
0.417831822927 4.59859033566
0.424115008235 4.62893078145
0.430398193542 4.64980267082
0.436681378849 4.63131426117
0.442964564156 4.70031653553
0.449247749463 4.70726731171
0.455530934771 4.70426793462
0.461814120078 4.75321377219
0.468097305385 4.8205304631
0.474380490692 4.83786249881
0.480663675999 4.85172924623
0.486946861306 4.85037513794
0.493230046614 4.87667984653
0.499513231921 4.94301240873
0.505796417228 4.94945324034
0.512079602535 4.97062565975
0.518362787842 4.99002707907
0.524645973149 5.00221587742
0.530929158457 5.05623580487
0.537212343764 5.06686689969
0.543495529071 5.08182731518
0.549778714378 5.12469058634
0.556061899685 5.17510113282
0.562345084993 5.16381930638
0.5686282703 5.17326571074
0.574911455607 5.22788005436
0.581194640914 5.26055841651
0.587477826221 5.28241947227
0.593761011528 5.29001844208
0.600044196836 5.28403429169
0.606327382143 5.33384461112
0.61261056745 5.36208318839
0.618893752757 5.38761432875
0.625176938064 5.41045990552
0.631460123372 5.43201306364
0.637743308679 5.46262433561
0.644026493986 5.47504134255
0.650309679293 5.51980400527
0.6565928646 5.52557344833
0.662876049907 5.55407778445
0.669159235215 5.60318858779
0.675442420522 5.60723632875
0.681725605829 5.63425292889
0.688008791136 5.63928431157
0.694291976443 5.6626662499
0.700575161751 5.71181079926
0.706858347058 5.70651831364
0.713141532365 5.76336275733
0.719424717672 5.76772253567
0.725707902979 5.81143729676
0.731991088286 5.80139216249
0.738274273594 5.80258844942
0.744557458901 5.86240122826
0.750840644208 5.87403004874
0.757123829515 5.90183640421
0.763407014822 5.95012096324
0.769690200129 5.96589475592
0.775973385437 5.96141091082
0.782256570744 5.99963855575
0.788539756051 6.00266317535
0.794822941358 6.0594748417
0.801106126665 6.06339178217
0.807389311973 6.06815826325
0.81367249728 6.09296582177
0.819955682587 6.10319072602
0.826238867894 6.1557543803
0.832522053201 6.17060966725
0.838805238508 6.17995184814
0.845088423816 6.23015616803
0.851371609123 6.23364756336
0.85765479443 6.26915039513
0.863937979737 6.29430676881
0.870221165044 6.29719827657
0.876504350352 6.33438256727
0.882787535659 6.32814846283
0.889070720966 6.34892391407
0.895353906273 6.39006485267
0.90163709158 6.4310392066
0.907920276887 6.45718294895
0.914203462195 6.45148559832
0.920486647502 6.48703090005
0.926769832809 6.50429437217
0.933053018116 6.51162004922
0.939336203423 6.54206064152
0.945619388731 6.56679448653
0.951902574038 6.58959952446
0.958185759345 6.60582139625
0.964468944652 6.62136082559
0.970752129959 6.65369406564
0.977035315266 6.68319801594
0.983318500574 6.66259367863
0.989601685881 6.69485045294
0.995884871188 6.75871480812
1.0021680565 6.73675777753
1.0084512418 6.76161856513
1.01473442711 6.7558206332
1.02101761242 6.81065622282
1.02730079772 6.81609024535
1.03358398303 6.85492039544
1.03986716834 6.87109695019
1.04615035365 6.88271018483
1.05243353895 6.93528516713
1.05871672426 6.93628363809
1.06499990957 6.9505222496
1.07128309487 6.99118400642
1.07756628018 7.03937594844
1.08384946549 7.02572550055
1.0901326508 7.02461344532
1.0964158361 7.06611386688
1.10269902141 7.08548917915
1.10898220672 7.08767791566
1.11526539202 7.14433912372
1.12154857733 7.15376604777
1.12783176264 7.17594255765
1.13411494795 7.18505563217
1.14039813325 7.21062471919
1.14668131856 7.21652908424
1.15296450387 7.23187333363
1.15924768917 7.25246783441
1.16553087448 7.29706649657
1.17181405979 7.32110611949
1.1780972451 7.30801414358
1.1843804304 7.35536685348
1.19066361571 7.37245091202
1.19694680102 7.37995350863
1.20322998632 7.40886993588
1.20951317163 7.42476128105
1.21579635694 7.44643182216
1.22207954225 7.46278540465
1.22836272755 7.50051984912
1.23464591286 7.492262013
1.24092909817 7.51908577469
1.24721228348 7.53647965618
1.25349546878 7.56878107553
1.25977865409 7.58273487764
1.2660618394 7.61170734465
1.2723450247 7.60803677008
1.27862821001 7.65221089147
1.28491139532 7.65970014848
1.29119458063 7.68250241334
1.29747776593 7.70227186393
1.30376095124 7.71065345781
1.31004413655 7.72979109812
1.31632732185 7.73245763814
1.32261050716 7.78150540162
1.32889369247 7.78448755812
1.33517687778 7.81086787508
1.34146006308 7.84797531736
1.34774324839 7.85061046735
1.3540264337 7.86305233127
1.360309619 7.87452713895
1.36659280431 7.915421918
1.37287598962 7.91746095856
1.37915917493 7.92909684672
1.38544236023 7.92472276071
1.39172554554 7.98721358697
1.39800873085 7.98947605292
1.40429191615 8.00074253215
1.41057510146 8.01942219573
1.41685828677 8.02441225141
1.42314147208 8.05068786629
1.42942465738 8.06865752454
1.43570784269 8.0958938523
1.441991028 8.11795799759
1.4482742133 8.12011679944
1.45455739861 8.1330359549
1.46084058392 8.1687393777
1.46712376923 8.1697629468
1.47340695453 8.1921382039
1.47969013984 8.20033496861
1.48597332515 8.22045250514
1.49225651046 8.21511777461
1.49853969576 8.24803063012
1.50482288107 8.30891864945
1.51110606638 8.28827256416
1.51738925168 8.30397664617
1.52367243699 8.30841944679
1.5299556223 8.31966893035
1.53623880761 8.33682458245
1.54252199291 8.36455148654
1.54880517822 8.37814078939
1.55508836353 8.40139469274
1.56137154883 8.40397059418
1.56765473414 8.4132896696
1.57393791945 8.4568118405
1.58022110476 8.44174500917
1.58650429006 8.4519189648
1.59278747537 8.46895894657
1.59907066068 8.49706207028
1.60535384598 8.51596966877
1.61163703129 8.51488552169
1.6179202166 8.52484005138
1.62420340191 8.55264182902
1.63048658721 8.58619983078
1.63676977252 8.58478400031
1.64305295783 8.58556662389
1.64933614313 8.59884629648
1.65561932844 8.64037566952
1.66190251375 8.62108985579
1.66818569906 8.66416210265
1.67446888436 8.63576201542
1.68075206967 8.65216673615
1.68703525498 8.68012497513
1.69331844028 8.69908403511
1.69960162559 8.72491401123
1.7058848109 8.72104241378
1.71216799621 8.7448099195
1.71845118151 8.78426798922
1.72473436682 8.78517611105
1.73101755213 8.80053987525
1.73730073744 8.80296235899
1.74358392274 8.80133194526
1.74986710805 8.83683328949
1.75615029336 8.8424573264
1.76243347866 8.83103304906
1.76871666397 8.86257139373
1.77499984928 8.86471484483
1.78128303459 8.91418514901
1.78756621989 8.89874359775
1.7938494052 8.90238453146
1.80013259051 8.91678664032
1.80641577581 8.93304566111
1.81269896112 8.95370046455
1.81898214643 8.96540848151
1.82526533174 8.97025697856
1.83154851704 8.97175252795
1.83783170235 8.98649146459
1.84411488766 9.01811076829
1.85039807296 9.030896147
1.85668125827 9.02619549587
1.86296444358 9.05381339145
1.86924762889 9.05869555455
1.87553081419 9.04235791667
1.8818139995 9.08616695865
1.88809718481 9.09263164926
1.89438037011 9.08652701533
1.90066355542 9.11778245489
1.90694674073 9.15115704586
1.91322992604 9.13371989682
1.91951311134 9.14392249854
1.92579629665 9.16402931763
1.93207948196 9.16531173944
1.93836266726 9.18626335874
1.94464585257 9.17702713216
1.95092903788 9.20801241212
1.95721222319 9.2155349092
1.96349540849 9.22678304773
1.9697785938 9.23587139144
1.97606177911 9.28108535375
1.98234496442 9.25727082999
1.98862814972 9.25296099242
1.99491133503 9.28694821181
2.00119452034 9.27908542414
2.00747770564 9.28721365302
2.01376089095 9.30373827204
2.02004407626 9.31343859753
2.02632726157 9.32738778534
2.03261044687 9.3406664096
2.03889363218 9.34502557281
2.04517681749 9.36162367148
2.05146000279 9.39480863897
2.0577431881 9.38910826253
2.06402637341 9.39290225864
2.07030955872 9.38925341546
2.07659274402 9.42159118952
2.08287592933 9.44283891412
2.08915911464 9.4327397183
2.09544229994 9.45254602246
2.10172548525 9.44082627282
2.10800867056 9.48384406516
2.11429185587 9.47796796132
2.12057504117 9.49648843731
2.12685822648 9.5033454456
2.13314141179 9.51694782768
2.13942459709 9.53128434248
2.1457077824 9.55832049747
2.15199096771 9.569631202
2.15827415302 9.56874598984
2.16455733832 9.57014914889
2.17084052363 9.58412598204
2.17712370894 9.58121530907
2.18340689424 9.60461434303
2.18969007955 9.61215663899
2.19597326486 9.63712060408
2.20225645017 9.632018784
2.20853963547 9.6505933152
2.21482282078 9.64925024166
2.22110600609 9.66183186066
2.2273891914 9.67861461342
2.2336723767 9.70736749174
2.23995556201 9.69653375986
2.24623874732 9.71110086404
2.25252193262 9.70789825258
2.25880511793 9.72890009646
2.26508830324 9.72768899683
2.27137148855 9.74607770985
2.27765467385 9.77904144775
2.28393785916 9.78249947765
2.29022104447 9.78889828625
2.29650422977 9.79081228062
2.30278741508 9.81272132251
2.30907060039 9.82990770555
2.3153537857 9.84438545954
2.321636971 9.83786194115
2.32792015631 9.85814300411
2.33420334162 9.85923489447
2.34048652692 9.86320645871
2.34676971223 9.88633592499
2.35305289754 9.89651361582
2.35933608285 9.89903917286
2.36561926815 9.9069135085
2.37190245346 9.91297351888
2.37818563877 9.92070244125
2.38446882407 9.95445936702
2.39075200938 9.9526750935
2.39703519469 9.95003362342
2.40331838 9.96296890458
2.4096015653 9.9693789033
2.41588475061 9.98512335702
2.42216793592 9.99804235838
2.42845112122 10.0144495661
2.43473430653 10.0142449213
2.44101749184 10.0357635511
2.44730067715 10.0331338654
2.45358386245 10.0450827966
2.45986704776 10.0602900698
2.46615023307 10.0747112947
2.47243341838 10.0698789017
2.47871660368 10.0824366091
2.48499978899 10.0977734418
2.4912829743 10.1210374777
2.4975661596 10.1297824344
2.50384934491 10.1381875342
2.51013253022 10.1382480787
2.51641571553 10.1581774076
2.52269890083 10.1706874019
2.52898208614 10.18817369
2.53526527145 10.1685257852
2.54154845675 10.2022474176
2.54783164206 10.2072847401
2.55411482737 10.2070193289
2.56039801268 10.2385722738
2.56668119798 10.2279873261
2.57296438329 10.2420016873
2.5792475686 10.2736314313
2.5855307539 10.2768781606
2.59181393921 10.2651224111
2.59809712452 10.2941501156
2.60438030983 10.2797765475
2.61066349513 10.2915538758
2.61694668044 10.330572731
2.62322986575 10.3201408557
2.62951305105 10.3286850677
2.63579623636 10.3366835116
2.64207942167 10.354857566
2.64836260698 10.3606985923
2.65464579228 10.3930346701
2.66092897759 10.3656125525
2.6672121629 10.3903423827
2.6734953482 10.4153555347
2.67977853351 10.4060265006
2.68606171882 10.4046394766
2.69234490413 10.4449292876
2.69862808943 10.4323484603
2.70491127474 10.4526293993
2.71119446005 10.4343639901
2.71747764536 10.4524251313
2.72376083066 10.464080942
2.73004401597 10.4719984152
2.73632720128 10.4931056782
2.74261038658 10.5173523197
2.74889357189 10.5180820732
2.7551767572 10.5181547046
2.76145994251 10.5101376274
2.76774312781 10.5149166988
2.77402631312 10.5530254529
2.78030949843 10.5485901796
2.78659268373 10.5749468815
2.79287586904 10.5497894383
2.79915905435 10.5896422918
2.80544223966 10.5831991803
2.81172542496 10.5851375238
2.81800861027 10.6174636866
2.82429179558 10.6262414327
2.83057498088 10.6274590964
2.83685816619 10.6278322745
2.8431413515 10.6430697217
2.84942453681 10.6623742635
2.85570772211 10.6516278869
2.86199090742 10.6632603817
2.86827409273 10.6723694152
2.87455727803 10.6697427785
2.88084046334 10.6897707805
2.88712364865 10.6855463996
2.89340683396 10.6995658548
2.89969001926 10.7083244029
2.90597320457 10.7169994673
2.91225638988 10.7301571096
2.91853957518 10.7315714484
2.92482276049 10.7386577287
2.9311059458 10.7520647246
2.93738913111 10.765659727
2.94367231641 10.7570210094
2.94995550172 10.755970748
2.95623868703 10.7783993641
2.96252187234 10.7853997806
2.96880505764 10.8070088242
2.97508824295 10.7956810201
2.98137142826 10.8119850937
2.98765461356 10.807772219
2.99393779887 10.8206602732
3.00022098418 10.8224821651
3.00650416949 10.8598982833
3.01278735479 10.8530437536
3.0190705401 10.8737188555
3.02535372541 10.8555277501
3.03163691071 10.8641439351
3.03792009602 10.8579908504
3.04420328133 10.8811415048
3.05048646664 10.8971243997
3.05676965194 10.8818974458
3.06305283725 10.8992442542
3.06933602256 10.8998665394
3.07561920786 10.9174404619
3.08190239317 10.9127342288
3.08818557848 10.9129158716
3.09446876379 10.9212175122
3.10075194909 10.9447929959
3.1070351344 10.9465743714
3.11331831971 10.9378059591
3.11960150501 10.9696918844
3.12588469032 10.9475362742
3.13216787563 10.9623456094
3.13845106094 10.9829532687
3.14473424624 10.9827635481
3.15101743155 10.9926397759
3.15730061686 10.9954171159
3.16358380216 10.989271197
3.16986698747 10.9894735593
3.17615017278 10.9889570664
3.18243335809 11.0126581622
3.18871654339 11.0131061376
3.1949997287 11.0200600908
3.20128291401 11.0190981411
3.20756609932 11.0291937319
3.21384928462 11.0360683274
3.22013246993 11.0463228321
3.22641565524 11.0619445796
3.23269884054 11.0669134579
3.23898202585 11.079370043
3.24526521116 11.0895327113
3.25154839647 11.0954964878
3.25783158177 11.1259743908
3.26411476708 11.1277158967
3.27039795239 11.1614901332
3.27668113769 11.1629864056
3.282964323 11.1735763526
3.28924750831 11.1919703697
3.29553069362 11.2002121173
3.30181387892 11.2156864116
3.30809706423 11.2176448114
3.31438024954 11.2353121558
3.32066343484 11.2602245926
3.32694662015 11.2493125177
3.33322980546 11.2823437091
3.33951299077 11.2768279003
3.34579617607 11.291033538
3.35207936138 11.2904797436
3.35836254669 11.2905050599
3.36464573199 11.3067765401
3.3709289173 11.2919390025
3.37721210261 11.3197568734
3.38349528792 11.3286670711
3.38977847322 11.3475235259
3.39606165853 11.3539695559
3.40234484384 11.334353208
3.40862802914 11.3538857134
3.41491121445 11.3532415252
3.42119439976 11.3670819608
3.42747758507 11.3633734578
3.43376077037 11.3999674179
3.44004395568 11.3703717425
3.44632714099 11.3925687295
3.4526103263 11.4039561099
3.4588935116 11.4171726197
3.46517669691 11.3965892187
3.47145988222 11.4103328962
3.47774306752 11.4130118047
3.48402625283 11.4270381134
3.49030943814 11.4406092414
3.49659262345 11.4297064308
3.50287580875 11.4605643147
3.50915899406 11.4408133745
3.51544217937 11.4473001049
3.52172536467 11.4336670435
3.52800854998 11.4561412596
3.53429173529 11.4394236503
3.5405749206 11.4723837431
3.5468581059 11.4642548341
3.55314129121 11.4502363854
3.55942447652 11.4681891626
3.56570766182 11.4785117103
3.57199084713 11.4587191931
3.57827403244 11.4775961189
3.58455721775 11.4726496957
3.59084040305 11.4663768158
3.59712358836 11.4799955794
3.60340677367 11.4973355567
3.60968995897 11.4907432083
3.61597314428 11.4891951648
3.62225632959 11.5087616822
3.6285395149 11.5177166101
3.6348227002 11.5065589058
3.64110588551 11.4978191691
3.64738907082 11.4738161062
3.65367225612 11.5060527572
3.65995544143 11.4925569677
3.66623862674 11.5249207066
3.67252181205 11.5132933769
3.67880499735 11.5122116599
3.68508818266 11.519863922
3.69137136797 11.4987807571
3.69765455328 11.4998529475
3.70393773858 11.5244235324
3.71022092389 11.5247058195
3.7165041092 11.5237145281
3.7227872945 11.521583952
3.72907047981 11.5516543065
3.73535366512 11.5231847516
3.74163685043 11.5334096118
3.74792003573 11.5225869175
3.75420322104 11.560402109
3.76048640635 11.5384387044
3.76676959165 11.5335375743
3.77305277696 11.5363369279
3.77933596227 11.5352896704
3.78561914758 11.5592446652
3.79190233288 11.5709474087
3.79818551819 11.5371403043
3.8044687035 11.5410356216
3.8107518888 11.5454649223
3.81703507411 11.5685882235
3.82331825942 11.5395951802
3.82960144473 11.5633751612
3.83588463003 11.5535466576
3.84216781534 11.5743787262
3.84845100065 11.5727329925
3.85473418595 11.550926284
3.86101737126 11.5516479773
3.86730055657 11.5453893509
3.87358374188 11.5642506678
3.87986692718 11.5702976943
3.88615011249 11.575790286
3.8924332978 11.5659703054
3.8987164831 11.5959271095
3.90499966841 11.5699624054
3.91128285372 11.5660948494
3.91756603903 11.5787951588
3.92384922433 11.564297567
3.93013240964 11.5585893022
3.93641559495 11.5593545872
3.94269878026 11.574839993
3.94898196556 11.5938199005
3.95526515087 11.5864639776
3.96154833618 11.5772242641
3.96783152148 11.5829437319
3.97411470679 11.5769257604
3.9803978921 11.5728408569
3.98668107741 11.5660763546
3.99296426271 11.5713915905
3.99924744802 11.5737173526
4.00553063333 11.5912459199
4.01181381863 11.5817644303
4.01809700394 11.5765015271
4.02438018925 11.5722519692
4.03066337456 11.5845922982
4.03694655986 11.6047183329
4.04322974517 11.5783148538
4.04951293048 11.596488579
4.05579611578 11.5819997688
4.06207930109 11.6011811374
4.0683624864 11.5822926314
4.07464567171 11.6032713632
4.08092885701 11.6143534339
4.08721204232 11.5986131177
4.09349522763 11.6123092367
4.09977841293 11.6110503742
4.10606159824 11.5838166163
4.11234478355 11.577359777
4.11862796886 11.5875136517
4.12491115416 11.565506034
4.13119433947 11.5885344203
4.13747752478 11.6059448648
4.14376071008 11.6010814412
4.15004389539 11.580427321
4.1563270807 11.6078309495
4.16261026601 11.58956285
4.16889345131 11.5947912611
4.17517663662 11.5645701873
4.18145982193 11.5878121453
4.18774300724 11.6309221418
4.19402619254 11.6104905268
4.20030937785 11.5753791629
4.20659256316 11.6172695322
4.21287574846 11.5775239756
4.21915893377 11.5975142295
4.22544211908 11.592238343
4.23172530439 11.5899443694
4.23800848969 11.6015306081
4.244291675 11.5872385449
4.25057486031 11.5929428845
4.25685804561 11.5972617424
4.26314123092 11.6266597384
4.26942441623 11.5973565104
4.27570760154 11.5910996661
4.28199078684 11.6125080609
4.28827397215 11.5975724007
4.29455715746 11.5876766696
4.30084034276 11.5746449445
4.30712352807 11.584364392
4.31340671338 11.6189602325
4.31968989869 11.5653856105
4.32597308399 11.5929397611
4.3322562693 11.5889444488
4.33853945461 11.6124609863
4.34482263991 11.5765713062
4.35110582522 11.5674742133
4.35738901053 11.6099385149
4.36367219584 11.5878972014
4.36995538114 11.5520123994
4.37623856645 11.5955085149
4.38252175176 11.5668001094
4.38880493706 11.5992294236
4.39508812237 11.5532796103
4.40137130768 11.5609990248
4.40765449299 11.5897047868
4.41393767829 11.6035055424
4.4202208636 11.5836698403
4.42650404891 11.6291184377
4.43278723422 11.5805186588
4.43907041952 11.5471781632
4.44535360483 11.5897003256
4.45163679014 11.6065641584
4.45791997544 11.625184126
4.46420316075 11.6144708963
4.47048634606 11.5738472423
4.47676953137 11.6023715567
4.48305271667 11.5952897361
4.48933590198 11.5986656535
4.49561908729 11.600920558
4.50190227259 11.5861470199
4.5081854579 11.6066272439
4.51446864321 11.5664918041
4.52075182852 11.5845512635
4.52703501382 11.6003489092
4.53331819913 11.5819115534
4.53960138444 11.5820965128
4.54588456974 11.535617915
4.55216775505 11.5413390041
4.55845094036 11.6139983977
4.56473412567 11.5506862641
4.57101731097 11.6283441411
4.57730049628 11.5593038261
4.58358368159 11.5688674744
4.58986686689 11.577103676
4.5961500522 11.5853458173
4.60243323751 11.5800639109
4.60871642282 11.5324374557
4.61499960812 11.5657161082
4.62128279343 11.5192211879
4.62756597874 11.54884838
4.63384916404 11.5316174498
4.64013234935 11.5492158951
4.64641553466 11.4965313682
4.65269871997 11.5450280074
4.65898190527 11.6052744896
4.66526509058 11.5268958926
4.67154827589 11.5436925999
4.6778314612 11.5036725522
4.6841146465 11.542766063
4.69039783181 11.4851241364
4.69668101712 11.473895396
4.70296420242 11.4762538512
4.70924738773 11.5267028899
4.71553057304 11.5586033907
4.72181375835 11.5152155034
4.72809694365 11.5415895403
4.73438012896 11.4995673015
4.74066331427 11.5310606003
4.74694649957 11.5271351654
4.75322968488 11.5318792761
4.75951287019 11.3980117015
4.7657960555 11.4517797691
4.7720792408 11.4813453714
4.77836242611 11.5289447016
4.78464561142 11.4528438253
4.79092879672 11.4625105977
4.79721198203 11.4358089156
4.80349516734 11.4945260482
4.80977835265 11.4291614537
4.81606153795 11.3798834134
4.82234472326 11.4456175305
4.82862790857 11.4380432331
4.83491109387 11.4339036711
4.84119427918 11.3942841697
4.84747746449 11.3858945674
4.8537606498 11.4428197036
4.8600438351 11.3878993216
4.86632702041 11.4463466362
4.87261020572 11.4253758501
4.87889339102 11.329356456
4.88517657633 11.4104761812
4.89145976164 11.4276829353
4.89774294695 11.32879115
4.90402613225 11.3677182057
4.91030931756 11.3911235043
4.91659250287 11.414570262
4.92287568818 11.3395086446
4.92915887348 11.3311793985
4.93544205879 11.3294538049
4.9417252441 11.3122083971
4.9480084294 11.396371319
4.95429161471 11.4053363426
4.96057480002 11.2945596587
4.96685798533 11.3082872081
4.97314117063 11.4255512669
4.97942435594 11.2774078213
4.98570754125 11.2934686028
4.99199072655 11.3184479248
4.99827391186 11.3585008901
5.00455709717 11.3522693979
5.01084028248 11.4066502124
5.01712346778 11.4465752122
5.02340665309 11.4196539491
5.0296898384 11.2623062881
5.0359730237 11.3990325163
5.04225620901 11.2612432293
5.04853939432 11.2730341602
5.05482257963 11.3144245963
5.06110576493 11.3158623551
5.06738895024 11.2710874766
5.07367213555 11.2871887049
5.07995532085 11.2350246767
5.08623850616 11.2556221086
5.09252169147 11.297464484
5.09880487678 11.2144556712
5.10508806208 11.2952415921
5.11137124739 11.2617363235
5.1176544327 11.2273971852
5.123937618 11.1905246225
5.13022080331 11.3180392638
5.13650398862 11.1932398633
5.14278717393 11.1187474174
5.14907035923 11.177512763
5.15535354454 11.1704038569
5.16163672985 11.3203116072
5.16791991516 11.1745383084
5.17420310046 11.3528288483
5.18048628577 11.2066593919
5.18676947108 11.2445820323
5.19305265638 11.4278147358
5.19933584169 11.2172019502
5.205619027 11.3256197908
5.21190221231 11.2272874617
5.21818539761 11.3024832973
5.22446858292 11.3624294717
5.23075176823 11.373741824
5.23703495353 11.2401649047
5.24331813884 11.0395096315
5.24960132415 11.2755875125
5.25588450946 11.3836491604
5.26216769476 11.0317261828
5.26845088007 11.231464034
5.27473406538 11.1362686204
5.28101725068 11.276262469
5.28730043599 11.2040378345
5.2935836213 11.2725051789
5.29986680661 11.2218856336
5.30614999191 10.9284576762
5.31243317722 11.3637331162
5.31871636253 11.318813842
5.32499954783 11.2137153773
5.33128273314 11.1972373732
5.33756591845 11.3818000261
5.34384910376 11.0510490526
5.35013228906 11.341076659
5.35641547437 11.0837030327
5.36269865968 11.1044333233
5.36898184498 11.0207989924
5.37526503029 11.1351907357
5.3815482156 10.9573004296
5.38783140091 11.2544659231
5.39411458621 10.9474991663
5.40039777152 11.1588969205
5.40668095683 11.0605210683
5.41296414214 11.3778966175
5.41924732744 11.2264681007
5.42553051275 11.6316988785
5.43181369806 11.3767232356
5.43809688336 11.4494148159
5.44438006867 11.0891768991
5.45066325398 11.1095389981
5.45694643929 11.1411493495
5.46322962459 10.5540805247
5.4695128099 10.7736720936
5.47579599521 11.368273422
5.48207918051 11.8132667707
5.48836236582 11.2769707995
5.49464555113 10.806086179
5.50092873644 10.9625024904
5.50721192174 11.1539461339
5.51349510705 10.6796277348
5.51977829236 11.2725825389
5.52606147766 11.5540782406
5.53234466297 11.7278949728
5.53862784828 10.1153121287
5.54491103359 11.4362462686
5.55119421889 11.332277926
5.5574774042 5.77865521979
5.56376058951 10.6892221051
5.57004377481 21.0891213057
