0.00942477796077 4.28679510718
0.0157079632679 4.05107945552
0.0219911485751 4.05985279355
0.0282743338823 4.29406059097
0.0345575191895 4.39624262517
0.0408407044967 3.96902503477
0.0471238898038 4.34285829075
0.053407075111 4.15440341226
0.0596902604182 4.33409197258
0.0659734457254 4.34397495247
0.0722566310326 4.3791739905
0.0785398163397 4.4848366253
0.0848230016469 4.36910537954
0.0911061869541 4.46152485064
0.0973893722613 4.62867232727
0.103672557568 4.69938744693
0.109955742876 4.73740362381
0.116238928183 4.7384147629
0.12252211349 4.61389574488
0.128805298797 4.72901670615
0.135088484104 4.71375351584
0.141371669412 4.83907653455
0.147654854719 4.94008784927
0.153938040026 5.05362161913
0.160221225333 5.00517122234
0.16650441064 5.19365210046
0.172787595947 5.14468394696
0.179070781255 5.21287703661
0.185353966562 5.17410304467
0.191637151869 5.2788390995
0.197920337176 5.2983553066
0.204203522483 5.37175427746
0.210486707791 5.53893401735
0.216769893098 5.55674394903
0.223053078405 5.54319127577
0.229336263712 5.59771299774
0.235619449019 5.79255424033
0.241902634326 5.7492123009
0.248185819634 5.81582229576
0.254469004941 5.89764118634
0.260752190248 5.87165647359
0.267035375555 5.98672562395
0.273318560862 6.0277736409
0.279601746169 6.12009781187
0.285884931477 6.08090049923
0.292168116784 6.19100686488
0.298451302091 6.2680532125
0.304734487398 6.33838170067
0.311017672705 6.36364129662
0.317300858013 6.48409331368
0.32358404332 6.49905656025
0.329867228627 6.63991853417
0.336150413934 6.63466438458
0.342433599241 6.68063477394
0.348716784548 6.74719493849
0.354999969856 6.80195031895
0.361283155163 6.82074840689
0.36756634047 6.87596432363
0.373849525777 6.97071537456
0.380132711084 7.02567068102
0.386415896392 7.09691228488
0.392699081699 7.15657186614
0.398982267006 7.35441809748
0.405265452313 7.30383409029
0.41154863762 7.39475740558
0.417831822927 7.32853099833
0.424115008235 7.54409995485
0.430398193542 7.58676210196
0.436681378849 7.53571914781
0.442964564156 7.62892879243
0.449247749463 7.66589307934
0.455530934771 7.72544758672
0.461814120078 7.79290286422
0.468097305385 7.85830250767
0.474380490692 7.99522394576
0.480663675999 8.03072812281
0.486946861306 8.05197218313
0.493230046614 8.07406198552
0.499513231921 8.25736068709
0.505796417228 8.20283916587
0.512079602535 8.25355003692
0.518362787842 8.31023308795
0.524645973149 8.4363721319
0.530929158457 8.46804161127
0.537212343764 8.53415347144
0.543495529071 8.57627120989
0.549778714378 8.55932413337
0.556061899685 8.66956365974
0.562345084993 8.82242189295
0.5686282703 8.82939846146
0.574911455607 8.88001568086
0.581194640914 8.93027027638
0.587477826221 8.94556999384
0.593761011528 9.05430311721
0.600044196836 9.07840333167
0.606327382143 9.19091941975
0.61261056745 9.24668193755
0.618893752757 9.31573377816
0.625176938064 9.30300444381
0.631460123372 9.45433215
0.637743308679 9.43276771894
0.644026493986 9.47514275346
0.650309679293 9.58190374698
0.6565928646 9.66102627772
0.662876049907 9.75625381205
0.669159235215 9.77802308368
0.675442420522 9.75413405522
0.681725605829 9.84314826996
0.688008791136 9.82969952234
0.694291976443 9.9909479651
0.700575161751 10.0753487792
0.706858347058 10.070671422
0.713141532365 10.1414794929
0.719424717672 10.239225315
0.725707902979 10.2250497859
0.731991088286 10.3260421471
0.738274273594 10.3207345112
0.744557458901 10.4753654447
0.750840644208 10.4710234875
0.757123829515 10.5538880433
0.763407014822 10.5918291303
0.769690200129 10.6901580614
0.775973385437 10.7660119155
0.782256570744 10.7435491553
0.788539756051 10.8089261087
0.794822941358 10.9583459579
0.801106126665 10.8910461449
0.807389311973 10.9678350322
0.81367249728 11.0466551764
0.819955682587 11.0528498775
0.826238867894 11.1767239491
0.832522053201 11.160710577
0.838805238508 11.2793267378
0.845088423816 11.3052199945
0.851371609123 11.4241541464
0.85765479443 11.4098466185
0.863937979737 11.4599708186
0.870221165044 11.5954279492
0.876504350352 11.5665479508
0.882787535659 11.7190235642
0.889070720966 11.7024495416
0.895353906273 11.7562581374
0.90163709158 11.8020750352
0.907920276887 11.8855477264
0.914203462195 11.9634545629
0.920486647502 11.9801024836
0.926769832809 12.1259486636
0.933053018116 12.1289412568
0.939336203423 12.1130751075
0.945619388731 12.2022759595
0.951902574038 12.249604066
0.958185759345 12.3466946457
0.964468944652 12.3735035199
0.970752129959 12.4167211477
0.977035315266 12.5179406734
0.983318500574 12.521939995
0.989601685881 12.5847475158
0.995884871188 12.6466155078
1.0021680565 12.7056411122
1.0084512418 12.7386863133
1.01473442711 12.7626479075
1.02101761242 12.8770184549
1.02730079772 12.8454254803
1.03358398303 12.9203712382
1.03986716834 13.0262932179
1.04615035365 13.0323337515
1.05243353895 13.1160989258
1.05871672426 13.1189888938
1.06499990957 13.254198113
1.07128309487 13.2701899771
1.07756628018 13.3196625663
1.08384946549 13.4052923118
1.0901326508 13.4163359985
1.0964158361 13.4574580547
1.10269902141 13.5486071478
1.10898220672 13.5708268403
1.11526539202 13.6090558343
1.12154857733 13.5962048947
1.12783176264 13.6982840967
1.13411494795 13.7807898204
1.14039813325 13.8733399474
1.14668131856 13.8201700498
1.15296450387 13.8673330515
1.15924768917 13.9834284147
1.16553087448 14.0136640007
1.17181405979 14.0287756322
1.1780972451 14.1444053059
1.1843804304 14.1203193505
1.19066361571 14.1853045579
1.19694680102 14.2007598106
1.20322998632 14.3399228078
1.20951317163 14.3866322349
1.21579635694 14.354577386
1.22207954225 14.4796733128
1.22836272755 14.5124126236
1.23464591286 14.5623401661
1.24092909817 14.5466370941
1.24721228348 14.6515434254
1.25349546878 14.6903346798
1.25977865409 14.7605338042
1.2660618394 14.7413918823
1.2723450247 14.8201263497
1.27862821001 14.8799814106
1.28491139532 14.957968258
1.29119458063 14.9562061873
1.29747776593 14.9720276002
1.30376095124 15.0416739077
1.31004413655 15.0721970351
1.31632732185 15.1442353519
1.32261050716 15.1202194203
1.32889369247 15.1295207531
1.33517687778 15.2208902449
1.34146006308 15.2687569303
1.34774324839 15.3140891623
1.3540264337 15.3830759172
1.360309619 15.4029705692
1.36659280431 15.5134970268
1.37287598962 15.4604727802
1.37915917493 15.515368126
1.38544236023 15.5840324507
1.39172554554 15.5836463807
1.39800873085 15.6546079147
1.40429191615 15.6977814241
1.41057510146 15.658030987
1.41685828677 15.7695108752
1.42314147208 15.7617636919
1.42942465738 15.8463070631
1.43570784269 15.8560107764
1.441991028 15.9821364002
1.4482742133 15.9605268516
1.45455739861 15.9686406542
1.46084058392 16.0183838527
1.46712376923 16.0936546923
1.47340695453 16.1056927808
1.47969013984 16.124348431
1.48597332515 16.1783519018
1.49225651046 16.1949775213
1.49853969576 16.2425648522
1.50482288107 16.2327110862
1.51110606638 16.2639396911
1.51738925168 16.3126297303
1.52367243699 16.3283255295
1.5299556223 16.3475567824
1.53623880761 16.3888057331
1.54252199291 16.4385950129
1.54880517822 16.4296563891
1.55508836353 16.4805692651
1.56137154883 16.5135215991
1.56765473414 16.541948401
1.57393791945 16.5381331069
1.58022110476 16.552092745
1.58650429006 16.5664558054
1.59278747537 16.615342811
1.59907066068 16.6491413655
1.60535384598 16.6578773199
1.61163703129 16.6401162966
1.6179202166 16.7284482641
1.62420340191 16.6736663708
1.63048658721 16.7507903971
1.63676977252 16.7948544159
1.64305295783 16.8133826548
1.64933614313 16.8413838382
1.65561932844 16.8102670682
1.66190251375 16.8716688314
1.66818569906 16.8708094577
1.67446888436 16.8597030265
1.68075206967 16.9148414829
1.68703525498 16.9381810738
1.69331844028 16.930781851
1.69960162559 16.933726986
1.7058848109 16.9935875051
1.71216799621 17.0455714546
1.71845118151 17.0017528257
1.72473436682 17.0375519832
1.73101755213 17.0409400864
1.73730073744 17.0739609021
1.74358392274 16.9920181058
1.74986710805 17.0821040874
1.75615029336 17.1077925789
1.76243347866 17.0809143426
1.76871666397 17.1443816335
1.77499984928 17.1145139173
1.78128303459 17.1428621751
1.78756621989 17.1408682916
1.7938494052 17.1151851676
1.80013259051 17.119699182
1.80641577581 17.1668593843
1.81269896112 17.1937833754
1.81898214643 17.178217218
1.82526533174 17.1608842546
1.83154851704 17.1786819687
1.83783170235 17.216501805
1.84411488766 17.1808465766
1.85039807296 17.1841717434
1.85668125827 17.1848731572
1.86296444358 17.2067630165
1.86924762889 17.1933666506
1.87553081419 17.2033145291
1.8818139995 17.2457835444
1.88809718481 17.2186447323
1.89438037011 17.2559733804
1.90066355542 17.2334816138
1.90694674073 17.202420514
1.91322992604 17.2533254503
1.91951311134 17.228080321
1.92579629665 17.205962568
1.93207948196 17.2233043139
1.93836266726 17.2425025574
1.94464585257 17.2787978231
1.95092903788 17.2541981946
1.95721222319 17.2560238488
1.96349540849 17.1865815277
1.9697785938 17.1997010879
1.97606177911 17.1493272112
1.98234496442 17.2365455583
1.98862814972 17.2451489161
1.99491133503 17.1835602493
2.00119452034 17.2349734873
2.00747770564 17.1986802799
2.01376089095 17.2648340235
2.02004407626 17.2056601145
2.02632726157 17.1812242566
2.03261044687 17.2028600491
2.03889363218 17.1637572831
2.04517681749 17.1656417501
2.05146000279 17.1325623138
2.0577431881 17.1730741411
2.06402637341 17.1807395961
2.07030955872 17.1340716788
2.07659274402 17.1451493452
2.08287592933 17.1611979509
2.08915911464 17.1034227962
2.09544229994 17.1614438412
2.10172548525 17.1247160004
2.10800867056 17.1307883223
2.11429185587 17.0386134347
2.12057504117 17.0913430757
2.12685822648 17.1013460848
2.13314141179 17.0947116245
2.13942459709 17.0613338289
2.1457077824 17.0950415225
2.15199096771 17.0927743124
2.15827415302 17.103905161
2.16455733832 17.0197832415
2.17084052363 17.0634897322
2.17712370894 17.0766698512
2.18340689424 17.0568831217
2.18969007955 17.0684558567
2.19597326486 17.041017231
2.20225645017 17.0136875811
2.20853963547 17.0675520812
2.21482282078 17.0300849232
2.22110600609 17.0344347394
2.2273891914 16.9742779974
2.2336723767 16.9684755793
2.23995556201 16.9771815491
2.24623874732 17.0056157745
2.25252193262 17.0197937734
2.25880511793 16.9734250721
2.26508830324 17.000776837
2.27137148855 16.94940736
2.27765467385 16.9981234007
2.28393785916 16.9418233397
2.29022104447 16.9369094549
2.29650422977 16.9244397585
2.30278741508 16.9648874914
2.30907060039 16.8943506704
2.3153537857 16.9586184716
2.321636971 16.8968822355
2.32792015631 16.8991901263
2.33420334162 16.899405341
2.34048652692 16.8740541527
2.34676971223 16.8651450252
2.35305289754 16.895417922
2.35933608285 16.8724293057
2.36561926815 16.8449371904
2.37190245346 16.8626501999
2.37818563877 16.8861978491
2.38446882407 16.8449383009
2.39075200938 16.8434934766
2.39703519469 16.8621693447
2.40331838 16.8663100073
2.4096015653 16.8163966682
2.41588475061 16.8257812424
2.42216793592 16.7925861397
2.42845112122 16.8349639973
2.43473430653 16.8135994222
2.44101749184 16.8148018077
2.44730067715 16.7785504163
2.45358386245 16.7336851998
2.45986704776 16.8285282218
2.46615023307 16.8284243761
2.47243341838 16.736658274
2.47871660368 16.7734908398
2.48499978899 16.76957596
2.4912829743 16.7471618463
2.4975661596 16.7845537399
2.50384934491 16.7448388179
2.51013253022 16.7167682339
2.51641571553 16.7982825743
2.52269890083 16.7513089731
2.52898208614 16.7294369177
2.53526527145 16.7534553301
2.54154845675 16.7231993479
2.54783164206 16.7237029134
2.55411482737 16.7234546999
2.56039801268 16.6883505815
2.56668119798 16.6891641656
2.57296438329 16.669173528
2.5792475686 16.7172481161
2.5855307539 16.6720081672
2.59181393921 16.6900862521
2.59809712452 16.6634063913
2.60438030983 16.6977001997
2.61066349513 16.6800792483
2.61694668044 16.6585455259
2.62322986575 16.6650802962
2.62951305105 16.6464415437
2.63579623636 16.6497738421
2.64207942167 16.6264780577
2.64836260698 16.6304631726
2.65464579228 16.6386752355
2.66092897759 16.6288803471
2.6672121629 16.6341837058
2.6734953482 16.6168090919
2.67977853351 16.6205319411
2.68606171882 16.6324865694
2.69234490413 16.5711347133
2.69862808943 16.6025426967
2.70491127474 16.6185563636
2.71119446005 16.5729817076
2.71747764536 16.5983933615
2.72376083066 16.5954940197
2.73004401597 16.593104343
2.73632720128 16.5551131457
2.74261038658 16.5485839992
2.74889357189 16.5483303235
2.7551767572 16.5582119743
2.76145994251 16.5347569298
2.76774312781 16.5286256484
2.77402631312 16.5217266525
2.78030949843 16.5379664109
2.78659268373 16.5414620285
2.79287586904 16.551413017
2.79915905435 16.527441461
2.80544223966 16.512454561
2.81172542496 16.5110804956
2.81800861027 16.4816647403
2.82429179558 16.4933867432
2.83057498088 16.4842600304
2.83685816619 16.4820478635
2.8431413515 16.4652423693
2.84942453681 16.4392997538
2.85570772211 16.4375452402
2.86199090742 16.4942632035
2.86827409273 16.4593988401
2.87455727803 16.4380599289
2.88084046334 16.4466134253
2.88712364865 16.4556240595
2.89340683396 16.4426123731
2.89969001926 16.424841108
2.90597320457 16.4380114775
2.91225638988 16.3891741355
2.91853957518 16.4454733353
2.92482276049 16.3944750239
2.9311059458 16.3643472333
2.93738913111 16.4010270109
2.94367231641 16.3659194293
2.94995550172 16.4032302927
2.95623868703 16.392122859
2.96252187234 16.3775993151
2.96880505764 16.3339889984
2.97508824295 16.3426337218
2.98137142826 16.2959373805
2.98765461356 16.3207113418
2.99393779887 16.3343137909
3.00022098418 16.3550418935
3.00650416949 16.3168024274
3.01278735479 16.3194244835
3.0190705401 16.3034711188
3.02535372541 16.3093342917
3.03163691071 16.3124573596
3.03792009602 16.2667011868
3.04420328133 16.2568918826
3.05048646664 16.2599649218
3.05676965194 16.2601416673
3.06305283725 16.2429427085
3.06933602256 16.2183565952
3.07561920786 16.2496149168
3.08190239317 16.2234561761
3.08818557848 16.2330458771
3.09446876379 16.1717284394
3.10075194909 16.2185162578
3.1070351344 16.1855787035
3.11331831971 16.2007333647
3.11960150501 16.2071503334
3.12588469032 16.2115492101
3.13216787563 16.1622485564
3.13845106094 16.164533306
3.14473424624 16.167443511
3.15101743155 16.168300899
3.15730061686 16.1379078023
3.16358380216 16.1450902275
3.16986698747 16.1433149036
3.17615017278 16.1088506315
3.18243335809 16.1125282159
3.18871654339 16.0799265226
3.1949997287 16.1129489388
3.20128291401 16.0801264384
3.20756609932 16.0831604293
3.21384928462 16.0531639818
3.22013246993 16.0633810275
3.22641565524 16.1357694611
3.23269884054 16.2604490639
3.23898202585 16.2193746554
3.24526521116 16.2983262113
3.25154839647 16.3584184843
3.25783158177 16.4033844604
3.26411476708 16.4041510368
3.27039795239 16.4597177159
3.27668113769 16.5015116582
3.282964323 16.5261477212
3.28924750831 16.541096063
3.29553069362 16.575677293
3.30181387892 16.5899222867
3.30809706423 16.6203529136
3.31438024954 16.6542190043
3.32066343484 16.6552210801
3.32694662015 16.6626227353
3.33322980546 16.6890560088
3.33951299077 16.7324840722
3.34579617607 16.7672403797
3.35207936138 16.7665710651
3.35836254669 16.7305258938
3.36464573199 16.8032685105
3.3709289173 16.7812758542
3.37721210261 16.7824048051
3.38349528792 16.7939499296
3.38977847322 16.7796288154
3.39606165853 16.8034864571
3.40234484384 16.7893471208
3.40862802914 16.7967686029
3.41491121445 16.8100655347
3.42119439976 16.8415149139
3.42747758507 16.8026913845
3.43376077037 16.8488978118
3.44004395568 16.8593814511
3.44632714099 16.8064966028
3.4526103263 16.7950105148
3.4588935116 16.8366184098
3.46517669691 16.8155927879
3.47145988222 16.7526098632
3.47774306752 16.8058336384
3.48402625283 16.802110669
3.49030943814 16.7899691515
3.49659262345 16.7595862981
3.50287580875 16.7878002203
3.50915899406 16.7287111519
3.51544217937 16.7704326962
3.52172536467 16.7342036571
3.52800854998 16.7174410822
3.53429173529 16.6904152479
3.5405749206 16.74663676
3.5468581059 16.6644632882
3.55314129121 16.646005572
3.55942447652 16.673945304
3.56570766182 16.6486994763
3.57199084713 16.6396050558
3.57827403244 16.6473763633
3.58455721775 16.5900281663
3.59084040305 16.6038499244
3.59712358836 16.5802899751
3.60340677367 16.5242510203
3.60968995897 16.5546317623
3.61597314428 16.5291269719
3.62225632959 16.5220055171
3.6285395149 16.5318740373
3.6348227002 16.4677906967
3.64110588551 16.49962836
3.64738907082 16.4577294172
3.65367225612 16.4608882993
3.65995544143 16.4121100513
3.66623862674 16.4159316342
3.67252181205 16.4263958818
3.67880499735 16.4126001736
3.68508818266 16.4143334866
3.69137136797 16.3764200559
3.69765455328 16.3567512113
3.70393773858 16.304602578
3.71022092389 16.2988945295
3.7165041092 16.2641476682
3.7227872945 16.2986828979
3.72907047981 16.2593107651
3.73535366512 16.1949516679
3.74163685043 16.2609593213
3.74792003573 16.262341131
3.75420322104 16.2227046117
3.76048640635 16.213011503
3.76676959165 16.2286658726
3.77305277696 16.2025087643
3.77933596227 16.177397408
3.78561914758 16.1502516366
3.79190233288 16.1726885179
3.79818551819 16.065064231
3.8044687035 16.0816790732
3.8107518888 16.0679200781
3.81703507411 16.073073442
3.82331825942 16.0458084641
3.82960144473 15.9914167253
3.83588463003 15.9944828966
3.84216781534 16.0065158039
3.84845100065 15.9654633071
3.85473418595 15.955329887
3.86101737126 15.9549961855
3.86730055657 15.9160014604
3.87358374188 15.9254241232
3.87986692718 15.9148237904
3.88615011249 15.916408112
3.8924332978 15.8488226275
3.8987164831 15.8687239591
3.90499966841 15.7764936247
3.91128285372 15.7995686739
3.91756603903 15.7799378938
3.92384922433 15.8109012303
3.93013240964 15.7480156002
3.93641559495 15.7435516355
3.94269878026 15.7477128854
3.94898196556 15.7682434885
3.95526515087 15.7690196393
3.96154833618 15.717441127
3.96783152148 15.6694068995
3.97411470679 15.6846443639
3.9803978921 15.6639612917
3.98668107741 15.6272149911
3.99296426271 15.6887293364
3.99924744802 15.6302529186
4.00553063333 15.6338646364
4.01181381863 15.6692559672
4.01809700394 15.577180838
4.02438018925 15.547523925
4.03066337456 15.574983617
4.03694655986 15.5888287983
4.04322974517 15.5753489053
4.04951293048 15.5319146719
4.05579611578 15.6167127383
4.06207930109 15.4905966607
4.0683624864 15.5083323773
4.07464567171 15.5212570793
4.08092885701 15.4996087448
4.08721204232 15.4906267379
4.09349522763 15.4689643104
4.09977841293 15.4008802937
4.10606159824 15.4257136408
4.11234478355 15.4405010429
4.11862796886 15.4368337384
4.12491115416 15.4538870904
4.13119433947 15.4054012467
4.13747752478 15.3870793442
4.14376071008 15.3999881712
4.15004389539 15.368004842
4.1563270807 15.369286122
4.16261026601 15.3349335221
4.16889345131 15.3586356653
4.17517663662 15.3547087189
4.18145982193 15.2962661632
4.18774300724 15.2578346574
4.19402619254 15.2583871163
4.20030937785 15.2969233937
4.20659256316 15.2594159368
4.21287574846 15.2697374613
4.21915893377 15.233082768
4.22544211908 15.285540132
4.23172530439 15.2705032267
4.23800848969 15.2159244186
4.244291675 15.2866539327
4.25057486031 15.1871303149
4.25685804561 15.2414712326
4.26314123092 15.1466047638
4.26942441623 15.2073227861
4.27570760154 15.2123119494
4.28199078684 15.2220892266
4.28827397215 15.1577235162
4.29455715746 15.1150555916
4.30084034276 15.0973928347
4.30712352807 15.123822063
4.31340671338 15.1196042267
4.31968989869 15.0369862179
4.32597308399 15.0732604235
4.3322562693 15.144024257
4.33853945461 15.045192604
4.34482263991 15.0480171218
4.35110582522 14.9833780325
4.35738901053 15.083875172
4.36367219584 15.0552610081
4.36995538114 14.9993497138
4.37623856645 15.0296093873
4.38252175176 14.9988793755
4.38880493706 14.9386663738
4.39508812237 15.0110698885
4.40137130768 14.9540891845
4.40765449299 14.9823481926
4.41393767829 14.9513484585
4.4202208636 15.0614559178
4.42650404891 15.0352233239
4.43278723422 14.9430976424
4.43907041952 14.9790250457
4.44535360483 14.9819130763
4.45163679014 14.9499902935
4.45791997544 14.9205384961
4.46420316075 14.871558813
4.47048634606 14.9270696428
4.47676953137 14.9605737059
4.48305271667 14.8224892678
4.48933590198 14.8746283192
4.49561908729 14.8663506637
4.50190227259 14.9292862509
4.5081854579 14.8415248488
4.51446864321 14.861065864
4.52075182852 14.9199000257
4.52703501382 14.9257883203
4.53331819913 14.819220663
4.53960138444 14.8562692399
4.54588456974 14.8712559609
4.55216775505 14.7634701611
4.55845094036 14.8876913982
4.56473412567 14.8016484592
4.57101731097 14.7502114614
4.57730049628 14.6434867882
4.58358368159 14.7924150017
4.58986686689 14.6629705682
4.5961500522 14.7087576804
4.60243323751 14.6676358972
4.60871642282 14.7371977477
4.61499960812 14.7722689377
4.62128279343 14.629918584
4.62756597874 14.5943653776
4.63384916404 14.5701746139
4.64013234935 14.6092842861
4.64641553466 14.6335876741
4.65269871997 14.6341507136
4.65898190527 14.5542039225
4.66526509058 14.5162202036
4.67154827589 14.5215843179
4.6778314612 14.5491962157
4.6841146465 14.5335769158
4.69039783181 14.5778469477
4.69668101712 14.4446145138
4.70296420242 14.3516159825
4.70924738773 14.3902423181
4.71553057304 14.3912572411
4.72181375835 14.3915289319
4.72809694365 14.4244252238
4.73438012896 14.4551307438
4.74066331427 14.317900658
4.74694649957 14.403455227
4.75322968488 14.3574697917
4.75951287019 14.2391035713
4.7657960555 14.2763559059
4.7720792408 14.1605036622
4.77836242611 14.2586379857
4.78464561142 14.1312598897
4.79092879672 14.2837524666
4.79721198203 14.1662577973
4.80349516734 14.1066808948
4.80977835265 14.2023222479
4.81606153795 14.0852334793
4.82234472326 14.1210401843
4.82862790857 14.2011846541
4.83491109387 14.0341134613
4.84119427918 14.1744540804
4.84747746449 14.0292318912
4.8537606498 14.0003790084
4.8600438351 14.1575597107
4.86632702041 14.0423559159
4.87261020572 13.8974374508
4.87889339102 13.9761674392
4.88517657633 13.9987209429
4.89145976164 14.059749749
4.89774294695 14.0170655318
4.90402613225 13.9513348338
4.91030931756 13.7778767623
4.91659250287 13.861837671
4.92287568818 13.9616162055
4.92915887348 13.7615253179
4.93544205879 13.9585999377
4.9417252441 13.8258332493
4.9480084294 13.7476971667
4.95429161471 13.8139547115
4.96057480002 13.7279389477
4.96685798533 13.7143821615
4.97314117063 13.8013677123
4.97942435594 13.7083165074
4.98570754125 13.8302449668
4.99199072655 13.9250880151
4.99827391186 13.8440049053
5.00455709717 13.7502598449
5.01084028248 13.6870922785
5.01712346778 13.5341186572
5.02340665309 13.6187853626
5.0296898384 13.6091377624
5.0359730237 13.9905784778
5.04225620901 13.853323489
5.04853939432 13.7236825494
5.05482257963 13.6748897825
5.06110576493 13.5705371531
5.06738895024 13.6432153946
5.07367213555 13.6764870809
5.07995532085 13.6105788801
5.08623850616 13.5312502874
5.09252169147 13.6627401887
5.09880487678 13.6345753134
5.10508806208 13.5354218817
5.11137124739 13.6327881479
5.1176544327 13.7746071133
5.123937618 13.5516645619
5.13022080331 13.5296802389
5.13650398862 13.3844981967
5.14278717393 13.7221359192
5.14907035923 13.6346028947
5.15535354454 13.3869955736
5.16163672985 13.6926225425
5.16791991516 13.4452412704
5.17420310046 13.2343227137
5.18048628577 13.6705370183
5.18676947108 13.3252244961
5.19305265638 13.0916614072
5.19933584169 13.7164163524
5.205619027 13.3122585219
5.21190221231 13.8564487673
5.21818539761 13.5310595155
5.22446858292 13.167182762
5.23075176823 13.4266011965
5.23703495353 13.4955956192
5.24331813884 13.580841033
5.24960132415 13.1682553588
5.25588450946 13.8639674094
5.26216769476 13.284373913
5.26845088007 13.4591902928
5.27473406538 13.2789622045
5.28101725068 13.5546729593
5.28730043599 13.4136215775
5.2935836213 13.307520689
5.29986680661 13.6178588723
5.30614999191 13.7714129279
5.31243317722 13.3758165279
5.31871636253 13.3770417553
5.32499954783 13.4614321399
5.33128273314 12.9769723393
5.33756591845 13.6044013736
5.34384910376 13.1442741919
5.35013228906 13.1080431361
5.35641547437 13.1068243562
5.36269865968 13.3139785913
5.36898184498 12.8763377598
5.37526503029 13.4192477974
5.3815482156 13.6118054744
5.38783140091 13.7159585895
5.39411458621 14.1540542107
5.40039777152 13.383891423
5.40668095683 12.8852954071
5.41296414214 12.3297986252
5.41924732744 13.6444051309
5.42553051275 12.9159542455
5.43181369806 12.9826598596
5.43809688336 12.9554554921
5.44438006867 13.0461425156
5.45066325398 12.254785541
5.45694643929 12.4982030878
5.46322962459 12.5500409136
5.4695128099 13.6075721073
5.47579599521 13.588945203
5.48207918051 11.9838684544
5.48836236582 12.4905341991
5.49464555113 14.2193168661
5.50092873644 13.0112512485
5.50721192174 14.5315320773
5.51349510705 13.0254998464
5.51977829236 13.0794040035
5.52606147766 14.9849403231
5.53234466297 10.8409557223
5.53862784828 14.2905481263
5.54491103359 13.3640547227
5.55119421889 11.7740415878
5.5574774042 11.8844489376
5.56376058951 15.6677081882
5.57004377481 52.9353474075
