0.00942477796077 2.28780945412 0.342298804886
0.0157079632679 2.12622109955 0.199596862118
0.0219911485751 2.16808294165 0.131989368375
0.0282743338823 2.19810419619 0.111178477731
0.0345575191895 2.2530434646 0.087185830113
0.0408407044967 2.22700203742 0.0823592792617
0.0471238898038 2.16713071259 0.0654663797613
0.053407075111 2.1702473069 0.0615965818864
0.0596902604182 2.18948802025 0.0538475897156
0.0659734457254 2.18702452433 0.0507189759106
0.0722566310326 2.18883833025 0.0469144084603
0.0785398163397 2.20017413135 0.0440323366788
0.0848230016469 2.22625710912 0.0414894213094
0.0911061869541 2.2366719584 0.0415211999012
0.0973893722613 2.21195783409 0.0382198066813
0.103672557568 2.2469980758 0.0382765199869
0.109955742876 2.21573317348 0.0356419013499
0.116238928183 2.22770290221 0.0349304447855
0.12252211349 2.19394130214 0.0333478512229
0.128805298797 2.24186064431 0.0324204634568
0.135088484104 2.19757280586 0.0317018107117
0.141371669412 2.21458448471 0.031169959231
0.147654854719 2.21337761994 0.0303941374419
0.153938040026 2.2070648691 0.0304403595072
0.160221225333 2.21969574982 0.0293763048564
0.16650441064 2.19006211703 0.0298104896674
0.172787595947 2.23529864943 0.0286626038634
0.179070781255 2.18906330489 0.0290306528122
0.185353966562 2.20467976717 0.0278637549637
0.191637151869 2.18915958316 0.0281459656571
0.197920337176 2.1903920761 0.0271683545787
0.204203522483 2.16936334783 0.0276800067227
0.210486707791 2.17619716793 0.0270629803358
0.216769893098 2.20857542252 0.02712006436
0.223053078405 2.18124145015 0.0270599092712
0.229336263712 2.1793056298 0.0269302905186
0.235619449019 2.20193342039 0.0267132045535
0.241902634326 2.20038937433 0.0262792737754
0.248185819634 2.14867581773 0.0265565269515
0.254469004941 2.15853986916 0.0264488705915
0.260752190248 2.17926437864 0.026086989291
0.267035375555 2.14620825042 0.0262650949461
0.273318560862 2.16347911555 0.0256267244734
0.279601746169 2.15143953815 0.0260446072725
0.285884931477 2.13366261814 0.0259295629454
0.292168116784 2.10039087525 0.0264148083487
0.298451302091 2.11088502145 0.0259835352464
0.304734487398 2.08621172564 0.0259560243658
0.311017672705 2.12340502789 0.0257593278905
0.317300858013 2.11785266636 0.0259196547594
0.32358404332 2.06046442869 0.0259870456647
0.329867228627 2.0638751663 0.0264124167942
0.336150413934 2.0600879477 0.0257914477017
0.342433599241 2.06851047538 0.0262493866513
0.348716784548 2.08625929327 0.02557941563
0.354999969856 2.0663504509 0.0260440217568
0.361283155163 2.03538030423 0.026153867223
0.36756634047 2.03279531208 0.0261833936824
0.373849525777 2.01305061999 0.0263264805477
0.380132711084 2.02567009598 0.0259439150292
0.386415896392 2.00571531436 0.0263500411854
0.392699081699 1.97171565845 0.0263732897744
0.398982267006 2.01410070951 0.0260588617321
0.405265452313 1.98080269692 0.0268926928079
0.41154863762 1.95643250479 0.0266790365704
0.417831822927 1.93819071574 0.0272431860548
0.424115008235 1.95818058051 0.0266219965372
0.430398193542 1.98376641761 0.0263869648583
0.436681378849 1.94776581965 0.0266586987841
0.442964564156 1.94138689245 0.0268044609253
0.449247749463 1.90505039161 0.0272318839075
0.455530934771 1.8396161155 0.0277348777424
0.461814120078 1.87897097889 0.0272943914018
0.468097305385 1.89318753541 0.027375401383
0.474380490692 1.89865566106 0.0271355479989
0.480663675999 1.88534607558 0.027434777563
0.486946861306 1.86045840107 0.0275232723565
0.493230046614 1.81383369922 0.0281199966217
0.499513231921 1.85146875778 0.0279253992931
0.505796417228 1.8531816523 0.0275916006811
0.512079602535 1.80638388743 0.0281811737828
0.518362787842 1.75540548618 0.0283265952551
0.524645973149 1.77489719153 0.0285613858038
0.530929158457 1.7712066571 0.0286755431316
0.537212343764 1.76118771501 0.028519190651
0.543495529071 1.74280750382 0.0291908988853
0.549778714378 1.77011121569 0.0285411454259
0.556061899685 1.72778024133 0.0292743518499
0.562345084993 1.70314982204 0.0291427313487
0.5686282703 1.69826652563 0.0294423198053
0.574911455607 1.72716735549 0.0293484170094
0.581194640914 1.70291381326 0.0296336321445
0.587477826221 1.68752758612 0.0297713083731
0.593761011528 1.68298171078 0.0299002446455
0.600044196836 1.63934883878 0.0305000001667
0.606327382143 1.64178553268 0.0305192727517
0.61261056745 1.65946466667 0.0302916308073
0.618893752757 1.61400870541 0.0309064696321
0.625176938064 1.61120764863 0.0309220532032
0.631460123372 1.65980394056 0.0300630002209
0.637743308679 1.5931084795 0.0308969186825
0.644026493986 1.62217257034 0.0307789610182
0.650309679293 1.57378304538 0.0313982360835
0.6565928646 1.54991139009 0.0319976922473
0.662876049907 1.57507493251 0.0314383917125
0.669159235215 1.55713933692 0.0320081022487
0.675442420522 1.52757621163 0.0322823801449
0.681725605829 1.43213989767 0.0343557410755
0.688008791136 1.43806094196 0.0338276180578
0.694291976443 1.5328240481 0.0324125056191
0.700575161751 1.47061773277 0.0333657733963
0.706858347058 1.45890975201 0.0336340194199
0.713141532365 1.55418730997 0.0318183425173
0.719424717672 1.38606124374 0.0355553372743
0.725707902979 1.53526872209 0.032306521277
0.731991088286 1.42517587948 0.0345659398999
0.738274273594 1.35619172005 0.0359982396206
0.744557458901 1.43531849111 0.0342409250881
0.750840644208 1.36422953793 0.0357503789084
0.757123829515 1.35698580861 0.0358853195862
0.763407014822 1.39347573595 0.0352721658615
0.769690200129 1.39820122087 0.0349674506012
0.775973385437 1.37396557504 0.0356179888662
0.782256570744 1.33304672222 0.0365604400613
0.788539756051 1.31675657665 0.0367265188328
0.794822941358 1.31247463856 0.037449863512
0.801106126665 1.29941851446 0.0373402062623
0.807389311973 1.30940754987 0.0372173838989
0.81367249728 1.22123791451 0.0398652385802
0.819955682587 1.24565907954 0.0390403823743
0.826238867894 1.27061886215 0.0382641978068
0.832522053201 1.28610160453 0.0378499376953
0.838805238508 1.17130304249 0.0412201395508
0.845088423816 1.2061499991 0.0406441226531
0.851371609123 1.23515690271 0.0393498647031
0.85765479443 1.22192851764 0.03989226627
0.863937979737 1.20511334288 0.0403632939138
0.870221165044 1.21941690706 0.0398842153952
0.876504350352 1.20008554683 0.0406585137698
0.882787535659 1.12666459811 0.0428586407112
0.889070720966 1.11679250327 0.0434848623211
0.895353906273 1.1135453804 0.0435573051588
0.90163709158 1.16148549352 0.0416703504813
0.907920276887 1.03589046208 0.0468086513616
0.914203462195 1.11393686743 0.0432531965405
0.920486647502 1.1486560362 0.0423604387679
0.926769832809 0.981468389446 0.0490660109598
0.933053018116 1.01980081089 0.0474711050139
0.939336203423 0.976588592307 0.0495142890422
0.945619388731 1.04082534256 0.0467376377202
0.951902574038 0.995891535566 0.0487093534662
0.958185759345 1.0307048931 0.0471042853983
0.964468944652 0.880307274065 0.0546306602221
0.970752129959 0.999267335137 0.0484550960616
0.977035315266 1.04285849281 0.0465720487592
0.983318500574 0.956427429695 0.0506720643356
0.989601685881 0.950568669019 0.0510961590424
0.995884871188 0.990223024891 0.0490751668225
1.0021680565 0.86858699429 0.0556084626222
1.0084512418 0.89181208772 0.0544405155765
1.01473442711 0.832930485207 0.0579611952128
1.02101761242 0.95822571806 0.0507024544644
1.02730079772 0.780138785945 0.0620478351194
1.03358398303 0.888976888608 0.0544187555486
1.03986716834 0.777704779945 0.0617062978114
1.04615035365 0.895471116462 0.0541027945054
1.05243353895 0.836457469312 0.0577449932036
1.05871672426 0.889943093965 0.0547224139817
1.06499990957 0.798778657263 0.0604282323944
1.07128309487 0.666979763984 0.0726391269986
1.07756628018 0.832725609627 0.0580937313928
1.08384946549 0.730833345143 0.0664748192703
1.0901326508 0.744020386016 0.0654629722447
1.0964158361 0.765366423773 0.0633385251081
1.10269902141 0.775841611134 0.0626978480686
1.10898220672 0.626392942691 0.0773955128628
1.11526539202 0.587549677597 0.0824158814952
1.12154857733 0.785949067679 0.0620261282961
1.12783176264 0.71822392701 0.0674471428552
1.13411494795 0.631226737353 0.076627946276
1.14039813325 0.778032179509 0.0625635072583
1.14668131856 0.742641329738 0.0655745076599
1.15296450387 0.49129623463 0.098797542589
1.15924768917 0.497274093154 0.0974457560288
1.16553087448 0.58801001636 0.0824670888774
1.17181405979 0.65990754282 0.0740478165564
1.1780972451 0.721683406528 0.0675352558038
1.1843804304 0.563379120873 0.0869279717754
1.19066361571 0.502951640146 0.0964585684328
1.19694680102 0.646026972088 0.0756316458617
1.20322998632 0.665823662037 0.0732871066513
1.20951317163 0.685741185584 0.0717213678787
1.21579635694 0.712856517513 0.0683803330966
1.22207954225 0.44336263134 0.110189927892
1.22836272755 0.44150384638 0.110697529203
1.23464591286 0.381062981077 0.128285075687
1.24092909817 0.555601187895 0.0882436601663
1.24721228348 0.355695417066 0.137555533484
1.25349546878 0.531539877714 0.0922605748877
1.25977865409 0.331401042503 0.147854148466
1.2660618394 0.165836909428 0.295453451918
1.2723450247 0.238563691719 0.205252221097
1.27862821001 nan nan
1.28491139532 0.124542554644 0.395461914736
1.29119458063 0.353721418942 0.138504469387
1.29747776593 nan nan
1.30376095124 0.530944592185 0.0925286165344
1.31004413655 0.432743328546 0.114141771394
1.31632732185 0.346549725672 0.142042649712
1.32261050716 0.280111208881 0.176290150886
1.32889369247 0.231901005359 0.212705846675
1.33517687778 0.285097166148 0.172823113134
1.34146006308 0.424818622915 0.116012925492
1.34774324839 0.330957864587 0.149496823836
1.3540264337 0.427097356801 0.116071252295
1.360309619 0.197628855671 0.249917012795
1.36659280431 0.317797564327 0.156199680056
1.37287598962 0.293289604657 0.168844756224
1.37915917493 0.106115128383 0.468470606522
1.38544236023 0.22314978955 0.221802406017
1.39172554554 nan nan
1.39800873085 nan nan
1.40429191615 nan nan
1.41057510146 nan nan
1.41685828677 nan nan
1.42314147208 0.278965682444 0.178869327911
1.42942465738 nan nan
1.43570784269 nan nan
1.441991028 0.327533105509 0.152384572618
1.4482742133 nan nan
1.45455739861 0.322704226851 0.154987269567
1.46084058392 0.31255176057 0.160225283865
1.46712376923 nan nan
1.47340695453 0.124960565911 0.401666923106
1.47969013984 nan nan
1.48597332515 nan nan
1.49225651046 nan nan
1.49853969576 0.238099453934 0.211476757428
1.50482288107 0.0870351173041 0.57564064456
1.51110606638 nan nan
1.51738925168 nan nan
1.52367243699 nan nan
1.5299556223 nan nan
1.53623880761 0.157438976255 0.320476194356
1.54252199291 0.22650062332 0.223368213355
1.54880517822 0.143735641333 0.351790560667
1.55508836353 nan nan
1.56137154883 nan nan
1.56765473414 nan nan
1.57393791945 nan nan
1.58022110476 nan nan
1.58650429006 nan nan
1.59278747537 0.272996107979 0.18677217233
1.59907066068 nan nan
1.60535384598 nan nan
1.61163703129 nan nan
1.6179202166 nan nan
1.62420340191 nan nan
1.63048658721 0.154796615537 0.330508903626
1.63676977252 0.171457102483 0.298837378459
1.64305295783 nan nan
1.64933614313 0.20579292085 0.249521510558
1.65561932844 0.151106166091 0.340047530012
1.66190251375 nan nan
1.66818569906 0.0968839147474 0.530159197021
1.67446888436 nan nan
1.68075206967 0.0358373754647 1.44113213236
1.68703525498 nan nan
1.69331844028 0.114557448262 0.450534932225
1.69960162559 nan nan
1.7058848109 0.33122187746 0.155965547758
1.71216799621 0.392255392525 0.132255129992
1.71845118151 0.409898387063 0.126497811759
1.72473436682 0.270634035529 0.191564255537
1.73101755213 0.252971477119 0.205451877026
1.73730073744 nan nan
1.74358392274 0.57842034098 0.0903593045536
1.74986710805 0.719417651391 0.0726207778256
1.75615029336 0.041081167688 1.26849657829
1.76243347866 0.468974704023 0.11154957033
1.76871666397 0.404028987342 0.129393384429
1.77499984928 0.444161495677 0.11801460694
1.78128303459 0.468908541123 0.111682328529
1.78756621989 0.44129652458 0.119089847346
1.7938494052 0.517157087109 0.101674763901
1.80013259051 0.580682905779 0.0909768610807
1.80641577581 0.646538353069 0.0814602713122
1.81269896112 0.520825788236 0.101183213086
1.81898214643 0.49045815426 0.107539844161
1.82526533174 0.699244872909 0.0758593025278
1.83154851704 0.602354731629 0.0878064369482
1.83783170235 0.693993852173 0.0762516226669
1.84411488766 0.29440877839 0.179828872567
1.85039807296 0.69042470148 0.0771723582769
1.85668125827 0.66325984174 0.0802367556195
1.86296444358 0.423911735813 0.125505450188
1.86924762889 0.65924182761 0.0807901389174
1.87553081419 0.644133722685 0.0827903423595
1.8818139995 0.706828099197 0.0756017926789
1.88809718481 0.893132100659 0.0600716559027
1.89438037011 0.741428019282 0.0721523141526
1.90066355542 0.842174491212 0.063682549297
1.90694674073 0.725505376499 0.0740752101601
1.91322992604 0.841398216748 0.0641249501058
1.91951311134 0.833210528064 0.0646840671792
1.92579629665 0.860211149438 0.0627124736974
1.93207948196 0.775295025917 0.06946708077
1.93836266726 1.02650245479 0.0528976057003
1.94464585257 0.851257779614 0.0634009242568
1.95092903788 1.00357642345 0.0541362508609
1.95721222319 0.912454678492 0.0593485498532
1.96349540849 0.992420473021 0.0549826968737
1.9697785938 0.95332826042 0.0571218854515
1.97606177911 0.966762049181 0.0563516669858
1.98234496442 1.06216048923 0.0514623126011
1.98862814972 1.02218640019 0.0535078120156
1.99491133503 1.03165251594 0.0530559211675
2.00119452034 1.06498207696 0.0515765928939
2.00747770564 1.11823524021 0.0491569593136
2.01376089095 1.03515914773 0.0532156025901
2.02004407626 1.1373004964 0.0484029648009
2.02632726157 1.18894822347 0.0462692934212
2.03261044687 1.14129924885 0.0483986374034
2.03889363218 1.17722428645 0.04705950089
2.04517681749 1.22212784039 0.0453065298346
2.05146000279 1.21291657475 0.0456908027491
2.0577431881 1.16762867725 0.0475135624734
2.06402637341 1.28277299086 0.0433654500808
2.07030955872 1.2634859451 0.0440736653171
2.07659274402 1.33822382142 0.0416750629096
2.08287592933 1.32476239046 0.0422610542013
2.08915911464 1.40798091088 0.0397611199613
2.09544229994 1.35629992364 0.0412073566353
2.10172548525 1.31146460057 0.0429434760391
2.10800867056 1.43618839487 0.0391419472975
2.11429185587 1.4363110418 0.0391774984902
2.12057504117 1.43251682318 0.03939127347
2.12685822648 1.3912351245 0.0405180520506
2.13314141179 1.52542083312 0.037138345947
2.13942459709 1.51565727694 0.0373893290058
2.1457077824 1.4609563251 0.0389033713944
2.15199096771 1.51266928418 0.0375863901247
2.15827415302 1.52312796961 0.0373378879773
2.16455733832 1.55842321493 0.0366312437153
2.17084052363 1.58263644914 0.0360787729411
2.17712370894 1.62837854678 0.0352073437671
2.18340689424 1.64168039664 0.0348996972617
2.18969007955 1.68955253538 0.0339980412806
2.19597326486 1.66533672257 0.0344573171421
2.20225645017 1.68784517129 0.0341773633279
2.20853963547 1.7877722661 0.0323922358377
2.21482282078 1.76237327015 0.0328409996971
2.22110600609 1.74792055755 0.0331082724653
2.2273891914 1.81707080642 0.0320061825206
2.2336723767 1.79107422763 0.0324113287511
2.23995556201 1.80181499859 0.0323290214499
2.24623874732 1.88211428926 0.0309507100622
2.25252193262 1.8877191792 0.0309645115878
2.25880511793 1.89977924097 0.0308106544244
2.26508830324 1.89638849407 0.0308262378279
2.27137148855 1.95419684628 0.030094019357
2.27765467385 1.99316504757 0.0294196455921
2.28393785916 1.94459088108 0.0302739245011
2.29022104447 2.05633247869 0.0287377555677
2.29650422977 1.99673785394 0.0294789278535
2.30278741508 2.04487229961 0.0289700821394
2.30907060039 2.10724800107 0.0281707818996
2.3153537857 2.09429327101 0.028327476796
2.321636971 2.09241330351 0.0283815776015
2.32792015631 2.14590441505 0.0277777384008
2.33420334162 2.18810734519 0.0273500708837
2.34048652692 2.16822009284 0.0275369905097
2.34676971223 2.24093377143 0.0267586039346
2.35305289754 2.25361924549 0.0266173112002
2.35933608285 2.29405691873 0.0262336029117
2.36561926815 2.30117010278 0.0262325938517
2.37190245346 2.3316201808 0.0258387626036
2.37818563877 2.33939726908 0.025850680815
2.38446882407 2.33514080326 0.0258835133592
2.39075200938 2.39629094313 0.0253413945954
2.39703519469 2.43155102585 0.0250273240653
2.40331838 2.44662333131 0.0248555906538
2.4096015653 2.44815003681 0.0248987480045
2.41588475061 2.4835065725 0.0245929280559
2.42216793592 2.50837507226 0.0244036324598
2.42845112122 2.57744453997 0.0238615229853
2.43473430653 2.5728896307 0.0238947444202
2.44101749184 2.62136030909 0.0235290472333
2.44730067715 2.62961260418 0.0234375616884
2.45358386245 2.62842937937 0.0235379748159
2.45986704776 2.68449930581 0.0230524029442
2.46615023307 2.72790649063 0.0227484789741
2.47243341838 2.76143482876 0.0225255255539
2.47871660368 2.78501363856 0.0223703105165
2.48499978899 2.80399992181 0.0222017318305
2.4912829743 2.8232062397 0.022137804204
2.4975661596 2.84400845079 0.0220459862555
2.50384934491 2.88412667212 0.0217536399871
2.51013253022 2.91771139155 0.0215845879782
2.51641571553 2.97430259687 0.0212108719346
2.52269890083 2.99630263885 0.021053679164
2.52898208614 3.02452904932 0.0209869378055
2.53526527145 3.04659906912 0.0207932731704
2.54154845675 3.051815968 0.0208186472395
2.54783164206 3.11393525473 0.0204398336348
2.55411482737 3.12399828303 0.0204183380643
2.56039801268 3.1825443629 0.0201106930809
2.56668119798 3.15830401602 0.0202053420348
2.57296438329 3.19701651399 0.0200430282296
2.5792475686 3.25808755443 0.0197530979226
2.5855307539 3.27166097688 0.0196543780667
2.59181393921 3.3067236218 0.019485443077
2.59809712452 3.33150382289 0.019376860381
2.60438030983 3.35911258004 0.0192821446772
2.61066349513 3.45268336668 0.0187784772103
2.61694668044 3.44882822849 0.0188466398291
2.62322986575 3.44528441471 0.0188797036254
2.62951305105 3.47271985831 0.0187511300562
2.63579623636 3.51247891066 0.0185748038826
2.64207942167 3.55066750911 0.018391304863
2.64836260698 3.56300748768 0.0183531719534
2.65464579228 3.65527652552 0.0179617825098
2.66092897759 3.66005316385 0.0179489320439
2.6672121629 3.67154105207 0.0179469766552
2.6734953482 3.74482489124 0.0176230149318
2.67977853351 3.78123368272 0.0174936627239
2.68606171882 3.79878340219 0.0174576699373
2.69234490413 3.82152690818 0.0173661109166
2.69862808943 3.85148111164 0.0172557831717
2.70491127474 3.89136393823 0.0171249382515
2.71119446005 3.93962724602 0.016954603833
2.71747764536 3.95306062588 0.0169039879917
2.72376083066 4.001719681 0.016741686533
2.73004401597 4.0646506217 0.0165154646017
2.73632720128 4.09770150945 0.0164246708311
2.74261038658 4.10428348551 0.0164139238874
2.74889357189 4.12483610132 0.0163511863485
2.7551767572 4.19563320817 0.0161578260872
2.76145994251 4.22755588004 0.015987215315
2.76774312781 4.23123951548 0.016002888938
2.77402631312 4.31029281083 0.0157721265745
2.78030949843 4.31919214065 0.0157809163797
2.78659268373 4.38053105953 0.0155917625364
2.79287586904 4.37490766191 0.0156191591048
2.79915905435 4.44298009311 0.0153991626839
2.80544223966 4.45339793937 0.0153732012754
2.81172542496 4.48998105287 0.0152813095637
2.81800861027 4.52871703282 0.015217660114
2.82429179558 4.56832348581 0.0150388770182
2.83057498088 4.62269810301 0.0149301696678
2.83685816619 4.67906380473 0.0147815953019
2.8431413515 4.70835760127 0.0147147797093
2.84942453681 4.74024719011 0.0146430544834
2.85570772211 4.81590461648 0.0144584679071
2.86199090742 4.83783323429 0.0144219563371
2.86827409273 4.88664097747 0.0142907155021
2.87455727803 4.89882074547 0.0142536245897
2.88084046334 4.94391913231 0.0141409213405
2.88712364865 4.97492323506 0.0140896347407
2.89340683396 5.04491760013 0.0139481616563
2.89969001926 5.06609974829 0.0138816534476
2.90597320457 5.08085613401 0.0138558061149
2.91225638988 5.1165441875 0.0137751998007
2.91853957518 5.17070987129 0.0136559401422
2.92482276049 5.22207423567 0.0135258489881
2.9311059458 5.27348354538 0.0134233624127
2.93738913111 5.3249934223 0.013331623794
2.94367231641 5.36275543682 0.0132524013428
2.94995550172 5.38036013654 0.0132295365688
2.95623868703 5.45425421661 0.0131063006942
2.96252187234 5.47951750313 0.013022627279
2.96880505764 5.52446519808 0.0129545787748
2.97508824295 5.57323650787 0.0128539236863
2.98137142826 5.59496293857 0.0128132284699
2.98765461356 5.6835733311 0.012657783806
2.99393779887 5.69192397653 0.0126583997595
3.00022098418 5.73894527622 0.0125618278342
3.00650416949 5.78805676359 0.0124543446722
3.01278735479 5.81742881688 0.0124113900683
3.0190705401 5.87039299863 0.0123130403369
3.02535372541 5.93392673201 0.0122081382725
3.03163691071 5.96201478879 0.0121569279398
3.03792009602 6.00059456963 0.0120730549395
3.04420328133 6.04725610342 0.0120068983191
3.05048646664 6.09158726837 0.0119662787263
3.05676965194 6.11168243507 0.0119149035074
3.06305283725 6.16449221442 0.0118187333625
3.06933602256 6.21330230309 0.0117471872522
3.07561920786 6.25690144948 0.0116692010933
3.08190239317 6.30746154686 0.0116121516288
3.08818557848 6.35965096743 0.011516378619
3.09446876379 6.38977636239 0.0114673439978
3.10075194909 6.44899345171 0.0113661105514
3.1070351344 6.47521221029 0.0113263679061
3.11331831971 6.51213048606 0.0112638748289
3.11960150501 6.56018838978 0.0112159561366
3.12588469032 6.620845901 0.0111199407467
3.13216787563 6.64654323792 0.0110720794414
3.13845106094 6.71468026449 0.0109866723896
3.14473424624 6.76032637441 0.0109123954729
3.15101743155 6.81220277428 0.0108724228644
3.15730061686 6.82597234425 0.0108104708296
3.16358380216 6.88884465968 0.0107458759668
3.16986698747 6.94675670153 0.0106732025171
3.17615017278 6.9869746602 0.0105889137927
3.18243335809 7.03012357721 0.0105418715501
3.18871654339 7.06655456795 0.0104747400427
3.1949997287 7.11951139261 0.0104006549332
3.20128291401 7.18098817962 0.0103400955077
3.20756609932 7.20987723451 0.0103048522569
3.21384928462 7.26131070886 0.0102298732549
3.22013246993 7.27598119067 0.0102341706145
3.22641565524 7.31793928887 0.0102324730804
3.23269884054 7.34008839516 0.0102606096865
3.23898202585 7.36399224114 0.0102401995083
3.24526521116 7.39251321087 0.0102732754152
3.25154839647 7.41002439198 0.0102813499224
3.25783158177 7.4497539259 0.0102926437619
3.26411476708 7.47053111172 0.0103040070799
3.27039795239 7.48531033221 0.0103257876833
3.27668113769 7.52082563799 0.0103326992919
3.282964323 7.53719926132 0.0103524842155
3.28924750831 7.57199362352 0.0103536890917
3.29553069362 7.60298584115 0.0103627714681
3.30181387892 7.61747663805 0.0103698047581
3.30809706423 7.63209138062 0.010405248883
3.31438024954 7.67861305457 0.0104009900511
3.32066343484 7.67824658975 0.0104351158284
3.32694662015 7.73951576753 0.0104245316364
3.33322980546 7.75848231713 0.0104298327876
3.33951299077 7.7641157398 0.0104580179449
3.34579617607 7.79260598648 0.0104772187433
3.35207936138 7.82016742809 0.0104806179746
3.35836254669 7.84948636041 0.0105049049928
3.36464573199 7.87268776345 0.0105181038181
3.3709289173 7.90214119106 0.0105203914102
3.37721210261 7.92061849572 0.0105459374847
3.38349528792 7.95183165118 0.0105414495829
3.38977847322 7.96093697705 0.0105746494748
3.39606165853 8.00519839023 0.0105837308694
3.40234484384 8.03435224071 0.0105836240097
3.40862802914 8.05012818361 0.0106186955326
3.41491121445 8.10113768453 0.0105960433134
3.42119439976 8.11879862716 0.0106409681656
3.42747758507 8.14592415051 0.0106449216641
3.43376077037 8.1820007046 0.0106342915594
3.44004395568 8.22419012228 0.010662894903
3.44632714099 8.24299270092 0.010677951297
3.4526103263 8.26171764567 0.0106734752358
3.4588935116 8.28056248257 0.0107168526209
3.46517669691 8.3048759093 0.0107084824025
3.47145988222 8.36194432875 0.0107306219864
3.47774306752 8.35972563548 0.0107432209804
3.48402625283 8.39841195152 0.0107739180704
3.49030943814 8.42006917714 0.0107715812202
3.49659262345 8.44591346876 0.0107664728534
3.50287580875 8.47728157614 0.0108161025449
3.50915899406 8.50866136683 0.0108102890171
3.51544217937 8.55275930944 0.0108154217516
3.52172536467 8.58105361755 0.0108329217716
3.52800854998 8.6110204136 0.0108535180649
3.53429173529 8.60313603285 0.0108603916472
3.5405749206 8.66421603127 0.0108501163317
3.5468581059 8.68855925885 0.0108928339985
3.55314129121 8.71382045675 0.0108918960584
3.55942447652 8.75409298815 0.0109124356941
3.56570766182 8.7731562667 0.0109258463444
3.57199084713 8.79676233499 0.0109596614068
3.57827403244 8.8308434418 0.0109580215643
3.58455721775 8.86797833552 0.0109779176549
3.59084040305 8.88935786929 0.0109906918167
3.59712358836 8.92181300062 0.0110142024839
3.60340677367 8.94191704921 0.0110187024487
3.60968995897 8.97711880156 0.0110481452699
3.61597314428 8.99977609141 0.0110586383813
3.62225632959 9.05034196241 0.0110655099398
3.6285395149 9.06837931137 0.0110746250227
3.6348227002 9.121544469 0.0110723223452
3.64110588551 9.12471382695 0.011101892612
3.64738907082 9.16315956105 0.0111168324516
3.65367225612 9.18711538217 0.0111448091097
3.65995544143 9.23410155315 0.011137968477
3.66623862674 9.25362112919 0.0111675918939
3.67252181205 9.30580586952 0.0111855463981
3.67880499735 9.31002854189 0.0111963781396
3.68508818266 9.36017826862 0.0112152485034
3.69137136797 9.41916860797 0.0112250196884
3.69765455328 9.41852294996 0.011236857839
3.70393773858 9.46052158621 0.0112539224114
3.71022092389 9.48951782946 0.0112731933007
3.7165041092 9.51263326605 0.0113002136848
3.7227872945 9.55689488958 0.0112966238248
3.72907047981 9.57752968856 0.0113301951157
3.73535366512 9.61876518492 0.0113575570866
3.74163685043 9.66604767061 0.0113570692325
3.74792003573 9.68773432926 0.0113802263424
3.75420322104 9.7258576792 0.0113714837797
3.76048640635 9.7367325292 0.0114209892331
3.76676959165 9.78274660333 0.01141991171
3.77305277696 9.82074194968 0.0114389822107
3.77933596227 9.83895355002 0.0114266051338
3.78561914758 9.88225736149 0.0114830353493
3.79190233288 9.93325621517 0.0114626559154
3.79818551819 9.94432667413 0.0115171808458
3.8044687035 9.98926014592 0.0114923065023
3.8107518888 10.0122120185 0.0115532070529
3.81703507411 10.0498240031 0.0115651495287
3.82331825942 10.0977749816 0.0115714765417
3.82960144473 10.1075779925 0.011607070889
3.83588463003 10.1759202853 0.0116354205945
3.84216781534 10.1857514669 0.0116365185731
3.84845100065 10.2381112053 0.0116576274092
3.85473418595 10.2650332691 0.0116708091539
3.86101737126 10.3228789405 0.0117082495762
3.86730055657 10.3350540179 0.0117238115504
3.87358374188 10.3697977328 0.0117360974857
3.87986692718 10.4238734481 0.011766848696
3.88615011249 10.4610272647 0.0117662416924
3.8924332978 10.5006731041 0.0118045662897
3.8987164831 10.5256386337 0.0117999044444
3.90499966841 10.5484496817 0.0118405529029
3.91128285372 10.6260934768 0.0118732022918
3.91756603903 10.6388544158 0.0118785951994
3.92384922433 10.6529580375 0.0118979381433
3.93013240964 10.6947031841 0.0119203420633
3.93641559495 10.7340001591 0.0119571434817
3.94269878026 10.7660835627 0.0119576992838
3.94898196556 10.8437256048 0.0119889702807
3.95526515087 10.8532924359 0.0120130004002
3.96154833618 10.8731899754 0.0120574663217
3.96783152148 10.898233113 0.0120555209598
3.97411470679 10.9637751361 0.0120971421339
3.9803978921 10.9810030445 0.0121158943406
3.98668107741 11.0368601336 0.0121561108025
3.99296426271 11.0569632095 0.0121375019547
3.99924744802 11.0968485705 0.0121961202133
4.00553063333 11.148181292 0.0122180453602
4.01181381863 11.1774508999 0.0122421486151
4.01809700394 11.2029722539 0.0122621494896
4.02438018925 11.243414979 0.0122906397787
4.03066337456 11.2813475075 0.0123191155698
4.03694655986 11.3427408337 0.0123340796334
4.04322974517 11.3554267085 0.0123726776617
4.04951293048 11.3911267811 0.0124024973425
4.05579611578 11.4378911 0.0124258443334
4.06207930109 11.4648166561 0.0124502394499
4.0683624864 11.5460181932 0.0124634826797
4.07464567171 11.5359828453 0.0125339001139
4.08092885701 11.592086401 0.0125467947135
4.08721204232 11.5974242144 0.0125669327101
4.09349522763 11.6457170111 0.0126012901932
4.09977841293 11.6832777991 0.0126368399149
4.10606159824 11.7540612488 0.0126684099173
4.11234478355 11.7667632946 0.0126995522851
4.11862796886 11.8194050221 0.0127394959058
4.12491115416 11.878517541 0.0128042253296
4.13119433947 11.8923589949 0.0128017333352
4.13747752478 11.9226852751 0.0128448048311
4.14376071008 11.9700116417 0.0128758845393
4.15004389539 11.9954949487 0.0129098632305
4.1563270807 12.0603011683 0.0129564002254
4.16261026601 12.0780706572 0.0130010028987
4.16889345131 12.1020837962 0.0130351393763
4.17517663662 12.1312719754 0.0130718709792
4.18145982193 12.1836366663 0.0130975330119
4.18774300724 12.2586425006 0.0131596289
4.19402619254 12.2578430048 0.0131940832878
4.20030937785 12.2782753073 0.013213940676
4.20659256316 12.3126735671 0.0132582219366
4.21287574846 12.4043571025 0.0133528198925
4.21915893377 12.4127598845 0.0133415096171
4.22544211908 12.459806259 0.0134102045693
4.23172530439 12.4628401581 0.0134435085115
4.23800848969 12.5310778861 0.0135226904374
4.244291675 12.5303731245 0.0135549335131
4.25057486031 12.5660844419 0.0135649928006
4.25685804561 12.622642292 0.0136652495148
4.26314123092 12.6505109171 0.0137136372744
4.26942441623 12.7093647309 0.0137847991274
4.27570760154 12.7352894629 0.013815188578
4.28199078684 12.7561608462 0.0138566860648
4.28827397215 12.8042435412 0.0139261849271
4.29455715746 12.8428343575 0.0139719995445
4.30084034276 12.8821510579 0.0140391419857
4.30712352807 12.9154868106 0.0140896274245
4.31340671338 12.9380670514 0.0141438168111
4.31968989869 12.9897148086 0.0142464858128
4.32597308399 13.0371277486 0.0142654634248
4.3322562693 13.0681991061 0.0143717383649
4.33853945461 13.1167660072 0.0144530669904
4.34482263991 13.1275743439 0.0144740743199
4.35110582522 13.1491795415 0.0145950529275
4.35738901053 13.1982686586 0.0146269364878
4.36367219584 13.2199397305 0.0147115939498
4.36995538114 13.2479170525 0.0147864918861
4.37623856645 13.3017815044 0.0148897082394
4.38252175176 13.3393760809 0.0149751774355
4.38880493706 13.3732996162 0.0150223612034
4.39508812237 13.3689065689 0.0151479451562
4.40137130768 13.4174072736 0.0151975112444
4.40765449299 13.4255279901 0.0153054452288
4.41393767829 13.5054463892 0.0154146771632
4.4202208636 13.523464295 0.0155016567194
4.42650404891 13.5609526724 0.0156722398378
4.43278723422 13.5824089113 0.0156437906665
4.43907041952 13.6097183981 0.0158565680447
4.44535360483 13.6370283794 0.0158928023423
4.45163679014 13.686295529 0.0160757455573
4.45791997544 13.7340534132 0.016168818597
4.46420316075 13.7615926684 0.0162973612171
4.47048634606 13.7362236875 0.0164343681783
4.47676953137 13.7846622282 0.0165338419409
4.48305271667 13.796964685 0.016686716931
4.48933590198 13.8424152711 0.0168299153814
4.49561908729 13.8555582685 0.0169801607306
4.50190227259 13.9008035021 0.0171714694362
4.5081854579 13.932641256 0.017266104309
4.51446864321 13.9542599279 0.0174881298721
4.52075182852 13.9553568045 0.0176463685255
4.52703501382 13.9806353897 0.01784628395
4.53331819913 14.031239459 0.0180351766938
4.53960138444 14.0426033466 0.0182188134423
4.54588456974 14.0425333794 0.0184602443893
4.55216775505 14.1166073515 0.0186734344065
4.55845094036 14.1560939702 0.0188608334757
4.56473412567 14.1268206712 0.0190912245271
4.57101731097 14.1704150827 0.0192339483433
4.57730049628 14.2087595632 0.0194366208533
4.58358368159 14.1769837296 0.019607790547
4.58986686689 14.2564842135 0.019794100236
4.5961500522 14.2634755776 0.0200124617678
4.60243323751 14.3156076828 0.0202026714535
4.60871642282 14.3493558533 0.0203383858085
4.61499960812 14.4043515726 0.0205954699416
4.62128279343 14.3528130369 0.0207013658404
4.62756597874 14.437745562 0.0209514542945
4.63384916404 14.4471607933 0.021095348332
4.64013234935 14.4784004187 0.0212959621114
4.64641553466 14.4826419779 0.0214487831499
4.65269871997 14.5086648559 0.0216430129876
4.65898190527 14.5642667177 0.0218565563821
4.66526509058 14.6111994323 0.0220968251387
4.67154827589 14.63905584 0.0222166807722
4.6778314612 14.6481574723 0.0224441366341
4.6841146465 14.7016905679 0.0226645445768
4.69039783181 14.7069371609 0.0228551710587
4.69668101712 14.7109258789 0.0229755633451
4.70296420242 14.7793312576 0.0232859039529
4.70924738773 14.8389969176 0.0235156995317
4.71553057304 14.8407473246 0.0236545836871
4.72181375835 14.835579531 0.0238151450069
4.72809694365 14.9015750993 0.0241200042774
4.73438012896 14.9355430332 0.0242747256397
4.74066331427 14.9183507042 0.0244648222447
4.74694649957 14.9775206525 0.0247256837876
4.75322968488 15.0215722553 0.0249324750754
4.75951287019 15.0363828125 0.0251344073493
4.7657960555 15.1043071655 0.0254045452082
4.7720792408 15.1749577427 0.025607778426
4.77836242611 15.1606858755 0.0259014936844
4.78464561142 15.1579204415 0.0260770487524
4.79092879672 15.2245384448 0.026294609714
4.79721198203 15.2283905849 0.0265608101992
4.80349516734 15.2857254492 0.0268677277135
4.80977835265 15.3183290105 0.0270329869838
4.81606153795 15.3510585932 0.0273040402995
4.82234472326 15.3663578677 0.0275714477718
4.82862790857 15.4578063283 0.0278446184788
4.83491109387 15.4593957729 0.0279926446451
4.84119427918 15.4688736785 0.0283566747317
4.84747746449 15.4992348368 0.0286547495788
4.8537606498 15.5338456047 0.028846848857
4.8600438351 15.5675037746 0.0291175825819
4.86632702041 15.6003907312 0.0294701136478
4.87261020572 15.6505232279 0.0297382642429
4.87889339102 15.6591917267 0.0299523391016
4.88517657633 15.7243628627 0.0302643529043
4.89145976164 15.7430336152 0.0306825135248
4.89774294695 15.7700187046 0.0309470821858
4.90402613225 15.8317317137 0.0311858634864
4.91030931756 15.8391135585 0.0315716621896
4.91659250287 15.8594875539 0.0318356362163
4.92287568818 15.9060920946 0.0321913750817
4.92915887348 15.9378991882 0.0324686353114
4.93544205879 16.0096814186 0.0328401054018
4.9417252441 16.0201537978 0.0332746695444
4.9480084294 16.0057869419 0.0335320804324
4.95429161471 16.0602341728 0.0337869313987
4.96057480002 16.1096048571 0.0343078021253
4.96685798533 16.1783972573 0.0348523201284
4.97314117063 16.1126530497 0.0348227534329
4.97942435594 16.1964407673 0.0352875003719
4.98570754125 16.241096274 0.0358493193867
4.99199072655 16.2584804428 0.0362816664793
4.99827391186 16.3737222548 0.0365135706722
5.00455709717 16.3399218937 0.0369583424501
5.01084028248 16.3975175949 0.0375323558123
5.01712346778 16.4206568005 0.0379616514828
5.02340665309 16.4150108196 0.0381070801807
5.0296898384 16.4927807083 0.0388487952272
5.0359730237 16.4459574788 0.0391604424726
5.04225620901 16.4446583203 0.0395041214699
5.04853939432 16.5345611283 0.0401246680345
5.05482257963 16.5422139351 0.0404845222696
5.06110576493 16.6903148356 0.041421651845
5.06738895024 16.6017822942 0.041286837351
5.07367213555 16.7165660872 0.0421555807263
5.07995532085 16.714802267 0.042882188204
5.08623850616 16.8278916698 0.0434670339246
5.09252169147 16.8509282201 0.0438634218484
5.09880487678 16.8328416803 0.0443724807846
5.10508806208 16.7452903647 0.045007812822
5.11137124739 16.8398195007 0.0457068285691
5.1176544327 16.9251922416 0.0461729945499
5.123937618 17.0253021135 0.0471237069859
5.13022080331 16.941124719 0.0476443836665
5.13650398862 17.0458055082 0.0483544212969
5.14278717393 17.0945857198 0.0489806846972
5.14907035923 17.0869003312 0.0499069784658
5.15535354454 17.1691283911 0.0511544117688
5.16163672985 17.0670019053 0.0506591755783
5.16791991516 17.080156901 0.0517597208433
5.17420310046 17.2417105072 0.0530488324764
5.18048628577 17.1828861965 0.0539127645674
5.18676947108 17.2256992945 0.0542149881173
5.19305265638 17.1961695221 0.0553359111904
5.19933584169 17.2719512921 0.0565590958691
5.205619027 17.3387435052 0.0574794588704
5.21190221231 17.2403582472 0.0579000732707
5.21818539761 17.407577282 0.0596110151227
5.22446858292 17.2425302646 0.0606711873181
5.23075176823 17.3217650107 0.0608161714286
5.23703495353 17.6260814682 0.0628160339259
5.24331813884 17.4224418052 0.0642195106039
5.24960132415 17.4116485441 0.0654517711649
5.25588450946 17.4317547053 0.0652099836019
5.26216769476 17.6269531387 0.0674420841945
5.26845088007 17.7209764776 0.0701346290248
5.27473406538 17.6147575283 0.0709894097058
5.28101725068 17.7151568007 0.071336909159
5.28730043599 17.7425707446 0.0737136028896
5.2935836213 17.7409456201 0.0757418085255
5.29986680661 17.6231023889 0.0769633631991
5.30614999191 17.6346129134 0.0776883152403
5.31243317722 17.7758937858 0.0806173702774
5.31871636253 17.9056565262 0.0839621008738
5.32499954783 17.7012125115 0.0831723016738
5.33128273314 17.8838106754 0.0867377536678
5.33756591845 18.0825714079 0.0904984012827
5.34384910376 17.8677576382 0.0926936375336
5.35013228906 17.9783368362 0.0915931580728
5.35641547437 17.8672294223 0.0971060808313
5.36269865968 18.0262317511 0.101954152541
5.36898184498 18.0359235956 0.103616178097
5.37526503029 18.0196895719 0.102586621767
5.3815482156 18.3186892739 0.111816642107
5.38783140091 18.115505399 0.118298130954
5.39411458621 17.9401689862 0.114231411051
5.40039777152 17.8765070904 0.115952660599
5.40668095683 18.2115248125 0.127275885168
5.41296414214 18.2999355961 0.14110038907
5.41924732744 18.2202703278 0.130588623401
5.42553051275 17.9632678648 0.135175925137
5.43181369806 18.3246573739 0.15158907846
5.43809688336 18.3533713326 0.171027371597
5.44438006867 18.2165652586 0.151879789366
5.45066325398 18.5597318913 0.165575521716
5.45694643929 18.243904847 0.185795785145
5.46322962459 17.6733940599 0.204074793638
5.4695128099 18.3529239918 0.188195660404
5.47579599521 18.2704055778 0.202943120835
5.48207918051 18.2319303863 0.244770397817
5.48836236582 18.8231197123 0.272052408791
5.49464555113 18.2144126697 0.246298195552
5.50092873644 18.595639523 0.27534817942
5.50721192174 18.1531557544 0.398285079355
5.51349510705 18.5324279241 0.329989164035
5.51977829236 19.0946468665 0.376180940449
5.52606147766 18.3331229484 0.423552298274
5.53234466297 17.9701120144 0.670083757561
5.53862784828 19.9533968913 0.597898431355
5.54491103359 17.7067966917 0.675172977702
5.55119421889 17.0801186274 0.893582987062
5.5574774042 18.0422896068 1.80447829879
5.56376058951 16.1538348313 1.80093134876
5.57004377481 13.3991768001 4.9107239581
