0.00942477796077 2.75739961988 0.416245335061
0.0157079632679 2.73355089558 0.257361348872
0.0219911485751 2.80806035839 0.171962952308
0.0282743338823 2.88289080121 0.146937874089
0.0345575191895 2.97918818065 0.116687426676
0.0408407044967 2.82849936373 0.107772209199
0.0471238898038 2.95106677427 0.0903577104103
0.053407075111 2.89503918133 0.0841313381248
0.0596902604182 2.95626883198 0.0743295904255
0.0659734457254 2.95685338873 0.0702146390151
0.0722566310326 2.98942594958 0.0656202231313
0.0785398163397 2.98142276412 0.0616644203783
0.0848230016469 3.00901123408 0.0584445043019
0.0911061869541 3.00386762787 0.0587804061301
0.0973893722613 3.03156374812 0.054937290367
0.103672557568 3.09090404438 0.0552058594414
0.109955742876 3.06967518254 0.051631332896
0.116238928183 3.08070877834 0.0507186518766
0.12252211349 2.99534320716 0.0484142282033
0.128805298797 3.07263001853 0.0471631452644
0.135088484104 3.0811378923 0.0467340492273
0.141371669412 3.09333918424 0.0462839264556
0.147654854719 3.12403545085 0.0454249180246
0.153938040026 3.10698123346 0.0457622728447
0.160221225333 3.13511762226 0.044301489839
0.16650441064 3.11177119576 0.0451086816921
0.172787595947 3.14009592617 0.0433038817055
0.179070781255 3.11882382423 0.0440095326814
0.185353966562 3.15490389732 0.0423871949805
0.191637151869 3.12094139702 0.0429344583729
0.197920337176 3.1218189186 0.0417172084724
0.204203522483 3.08703622876 0.0427951020882
0.210486707791 3.17842998289 0.041946655621
0.216769893098 3.16235233597 0.0421195300641
0.223053078405 3.21179466355 0.0420543199978
0.229336263712 3.162680978 0.0419755736651
0.235619449019 3.20623392545 0.0417155810406
0.241902634326 3.18479453125 0.0410956235903
0.248185819634 3.21710963264 0.0413943806153
0.254469004941 3.21277628967 0.0414049033681
0.260752190248 3.17594813185 0.0411825760457
0.267035375555 3.1679094227 0.0414752183529
0.273318560862 3.21684398244 0.040498139587
0.279601746169 3.17841582381 0.0413755373388
0.285884931477 3.14317264892 0.0414146596472
0.292168116784 3.14292485168 0.042093845929
0.298451302091 3.13989454313 0.0414878098147
0.304734487398 3.14132058932 0.0413984667046
0.311017672705 3.14006613181 0.041512450757
0.317300858013 3.15702084006 0.0416998394162
0.32358404332 3.14357795214 0.041616012214
0.329867228627 3.08478026809 0.0427518423461
0.336150413934 3.09658057995 0.0416786874633
0.342433599241 3.11088646238 0.0425310495397
0.348716784548 3.16891016226 0.0414113937983
0.354999969856 3.13369735091 0.0421730730911
0.361283155163 3.05953222425 0.0426466022401
0.36756634047 3.0633546033 0.0428245106356
0.373849525777 3.06556903944 0.0427826156819
0.380132711084 3.04090717445 0.0426474581987
0.386415896392 3.08188864858 0.0427324142936
0.392699081699 3.07349866086 0.0427577916787
0.398982267006 3.124576424 0.0424694970724
0.405265452313 2.9967205808 0.0444405979376
0.41154863762 3.0585121708 0.0433000871366
0.417831822927 2.96569505076 0.0449326766194
0.424115008235 3.06034756382 0.043374200137
0.430398193542 3.00349838736 0.0440558210924
0.436681378849 2.97250033522 0.0443331756108
0.442964564156 3.0054830051 0.0441788396304
0.449247749463 2.98393792573 0.044797239347
0.455530934771 2.89324162273 0.0454762901278
0.461814120078 2.90889558697 0.045214510577
0.468097305385 2.99953690481 0.0447939502559
0.474380490692 3.01506549235 0.0443452023315
0.480663675999 2.92788948125 0.0455978336988
0.486946861306 2.87425761305 0.0460414857098
0.493230046614 2.8539242481 0.0465425430503
0.499513231921 2.85860981442 0.046890539744
0.505796417228 2.92241533866 0.0457487068685
0.512079602535 2.83117088148 0.0469566730592
0.518362787842 2.86613803131 0.0460281435085
0.524645973149 2.80861025089 0.0475138291189
0.530929158457 2.82337279238 0.0475105236041
0.537212343764 2.80482043258 0.0474143872916
0.543495529071 2.74540326088 0.0487094715201
0.549778714378 2.78563192297 0.047881444068
0.556061899685 2.84108110051 0.0476638650607
0.562345084993 2.72437685733 0.0485058608715
0.5686282703 2.74638595915 0.0486854876782
0.574911455607 2.70986079257 0.0497016613802
0.581194640914 2.74201634309 0.0492220223032
0.587477826221 2.68648081727 0.0498909021371
0.593761011528 2.67877857905 0.0502673675329
0.600044196836 2.56285132669 0.0521520908481
0.606327382143 2.57056899699 0.0521689966946
0.61261056745 2.62998182662 0.0511468521764
0.618893752757 2.59693778313 0.0516981838167
0.625176938064 2.54454457011 0.0527249967861
0.631460123372 2.54375349013 0.0525420213122
0.637743308679 2.62861227548 0.0508947113029
0.644026493986 2.51696339207 0.0531998931496
0.650309679293 2.60922427429 0.0516206049293
0.6565928646 2.54112694978 0.0530494805829
0.662876049907 2.48733364521 0.0538589370119
0.669159235215 2.53744672845 0.0534104993871
0.675442420522 2.46101152816 0.0545124598042
0.681725605829 2.44669434791 0.0554633383863
0.688008791136 2.4914234368 0.0536175890056
0.694291976443 2.45227453156 0.0551423393821
0.700575161751 2.43269814351 0.0553257364126
0.706858347058 2.38494131231 0.0564641541466
0.713141532365 2.48629561279 0.0540715913732
0.719424717672 2.26645421196 0.0596344743434
0.725707902979 2.38586596773 0.0567742177555
0.731991088286 2.32003020692 0.0582937932471
0.738274273594 2.24118863555 0.0601315652859
0.744557458901 2.35106445006 0.0576711122078
0.750840644208 2.34417232465 0.0577185068984
0.757123829515 2.26887311865 0.0595017040662
0.763407014822 2.35301763479 0.0578644162717
0.769690200129 2.2640046199 0.0598702417266
0.775973385437 2.19234249693 0.0615654213936
0.782256570744 2.28916908036 0.059277416142
0.788539756051 2.23010850981 0.0602033704413
0.794822941358 2.24940244501 0.0607870684942
0.801106126665 2.17589733957 0.0619204874225
0.807389311973 2.13316143085 0.0632718685082
0.81367249728 2.08188671408 0.0652052930779
0.819955682587 2.00830155731 0.0670603183199
0.826238867894 2.12071603933 0.0637762547555
0.832522053201 2.12796838399 0.0636527809637
0.838805238508 2.05682710961 0.0658125245815
0.845088423816 2.02333017814 0.067566139432
0.851371609123 2.09310019774 0.0647248195
0.85765479443 2.03921001083 0.0665549716562
0.863937979737 2.01129137575 0.0675571409496
0.870221165044 1.92792669232 0.0701344046919
0.876504350352 1.95338999499 0.0697160056758
0.882787535659 1.83871255048 0.0734318344447
0.889070720966 1.86266816451 0.0725204426694
0.895353906273 1.87408394422 0.0723547930729
0.90163709158 2.01695479624 0.0675007412222
0.907920276887 1.94078734153 0.07053945838
0.914203462195 1.85194669468 0.0729140104524
0.920486647502 1.87183862199 0.0727525915596
0.926769832809 1.79598743979 0.0757054163432
0.933053018116 1.72047069673 0.0789382238072
0.939336203423 1.75686170114 0.0771917591215
0.945619388731 1.66117523617 0.0821697104759
0.951902574038 1.66584379184 0.0815813623396
0.958185759345 1.72158231669 0.0789375746591
0.964468944652 1.66502460039 0.0815113960741
0.970752129959 1.71156845866 0.0794706276789
0.977035315266 1.69462591074 0.0804255421526
0.983318500574 1.4750307437 0.0918494660621
0.989601685881 1.53893138687 0.088019530928
0.995884871188 1.67844018101 0.0812142303041
1.0021680565 1.51223460212 0.0896999460632
1.0084512418 1.56930801048 0.0869097060465
1.01473442711 1.28290868523 0.105677337391
1.02101761242 1.60002005868 0.0852053833795
1.02730079772 1.30506930566 0.10417979056
1.03358398303 1.5011670152 0.0906854376842
1.03986716834 1.57017075859 0.0865281189638
1.04615035365 1.30873240897 0.103713283756
1.05243353895 1.41943922228 0.0956525846394
1.05871672426 1.30481711401 0.104787080673
1.06499990957 1.35969018626 0.100000616353
1.07128309487 1.41653310903 0.0966745945033
1.07756628018 1.60718464854 0.0851599847397
1.08384946549 1.30459403636 0.104712627646
1.0901326508 1.17503402525 0.116079599017
1.0964158361 1.20311941071 0.113273572302
1.10269902141 1.37285167544 0.0997122136676
1.10898220672 1.13622883837 0.119666669231
1.11526539202 1.40635288787 0.0975098036131
1.12154857733 1.24248759897 0.110010030361
1.12783176264 1.16960558537 0.116289002362
1.13411494795 1.27167047581 0.107102483828
1.14039813325 1.18032855088 0.11594782652
1.14668131856 1.04351417145 0.130383685331
1.15296450387 0.888724216029 0.153557668472
1.15924768917 1.08936276953 0.125748750816
1.16553087448 1.18413311781 0.115750725612
1.17181405979 1.0623430906 0.129219366686
1.1780972451 0.932671379527 0.146014175331
1.1843804304 0.907077528965 0.151278437708
1.19066361571 1.10413056773 0.123889817487
1.19694680102 0.922773420298 0.148525749777
1.20322998632 0.792348865336 0.172016064405
1.20951317163 1.09645154384 0.125648840477
1.21579635694 1.04743033182 0.130292026127
1.22207954225 0.810807563908 0.169043637154
1.22836272755 0.717354332152 0.190768317721
1.23464591286 0.764138960416 0.179651856155
1.24092909817 0.856626391045 0.159958746114
1.24721228348 0.657745250139 0.208284731947
1.25349546878 0.81414221172 0.168033198732
1.25977865409 0.842643890828 0.163183142326
1.2660618394 0.598868629011 0.229353999862
1.2723450247 0.548170220215 0.2501696218
1.27862821001 0.616029862916 0.222302653841
1.28491139532 0.608915369006 0.226571328796
1.29119458063 0.857938792991 0.159561629663
1.29747776593 0.586507656081 0.234556273911
1.30376095124 0.806102716156 0.170011254221
1.31004413655 0.279487113846 0.491499945701
1.31632732185 0.411065380905 0.33408709664
1.32261050716 0.573969480029 0.240424333189
1.32889369247 0.664763969956 0.206386869673
1.33517687778 0.586450144523 0.234028424895
1.34146006308 0.887782386572 0.15480910561
1.34774324839 0.692509691295 0.199085279908
1.3540264337 0.166407133142 0.824561977691
1.360309619 nan nan
1.36659280431 0.754824194877 0.182629790637
1.37287598962 0.716740184093 0.191934392859
1.37915917493 0.611659104409 0.22474363106
1.38544236023 nan nan
1.39172554554 0.372564791036 0.369783525684
1.39800873085 nan nan
1.40429191615 0.31179927379 0.44045627041
1.41057510146 nan nan
1.41685828677 nan nan
1.42314147208 0.379642578976 0.363267474305
1.42942465738 nan nan
1.43570784269 0.556634777311 0.247461065194
1.441991028 0.597906847186 0.230271809035
1.4482742133 nan nan
1.45455739861 0.123739198277 1.11027532092
1.46084058392 0.409156969122 0.336239462462
1.46712376923 0.296309725284 0.464128048781
1.47340695453 0.446230249492 0.30972049256
1.47969013984 nan nan
1.48597332515 0.2720379425 0.50633641774
1.49225651046 nan nan
1.49853969576 nan nan
1.50482288107 0.793444541651 0.174040890571
1.51110606638 nan nan
1.51738925168 0.363974377511 0.378064579876
1.52367243699 nan nan
1.5299556223 nan nan
1.53623880761 nan nan
1.54252199291 nan nan
1.54880517822 nan nan
1.55508836353 nan nan
1.56137154883 nan nan
1.56765473414 nan nan
1.57393791945 0.426126984911 0.323862728089
1.58022110476 nan nan
1.58650429006 nan nan
1.59278747537 nan nan
1.59907066068 nan nan
1.60535384598 0.205588790197 0.670471718023
1.61163703129 nan nan
1.6179202166 nan nan
1.62420340191 0.339971816256 0.405539759116
1.63048658721 0.704368498194 0.196217999582
1.63676977252 nan nan
1.64305295783 nan nan
1.64933614313 nan nan
1.65561932844 nan nan
1.66190251375 nan nan
1.66818569906 0.647256269664 0.212674423739
1.67446888436 nan nan
1.68075206967 nan nan
1.68703525498 0.265932043769 0.516187574028
1.69331844028 0.2610829618 0.527232276353
1.69960162559 0.645450110563 0.214163131681
1.7058848109 nan nan
1.71216799621 0.501813735812 0.275143684236
1.71845118151 0.71773817214 0.192393981152
1.72473436682 0.960531609988 0.143856081514
1.73101755213 0.658893313335 0.210067399024
1.73730073744 0.842149044813 0.163901618717
1.74358392274 0.732670005303 0.188433094759
1.74986710805 0.839177776758 0.164668801293
1.75615029336 0.769744277933 0.178844217592
1.76243347866 0.46810181744 0.29348913849
1.76871666397 0.659506032322 0.208921055781
1.77499984928 0.669465026546 0.206242099579
1.78128303459 1.05958173405 0.130250882296
1.78756621989 0.788518989521 0.175186489724
1.7938494052 0.617759763061 0.22288047315
1.80013259051 0.570907892346 0.241919358592
1.80641577581 0.942713564262 0.146274674132
1.81269896112 0.89521675082 0.154533564688
1.81898214643 1.17548149274 0.117457980765
1.82526533174 1.00476820696 0.137521570009
1.83154851704 0.864058069292 0.159608220618
1.83783170235 0.904169967093 0.152182016079
1.84411488766 1.17283305646 0.117725916243
1.85039807296 1.16190706017 0.119027980005
1.85668125827 1.19880834238 0.115357059866
1.86296444358 1.24596359026 0.111037591319
1.86924762889 1.13958481068 0.121378199907
1.87553081419 0.943182795521 0.146031499669
1.8818139995 1.24634599185 0.110901167844
1.88809718481 1.26608602895 0.109260264226
1.89438037011 1.19024110165 0.116104240311
1.90066355542 1.39598616939 0.0989220030231
1.90694674073 1.56324213232 0.0887476876944
1.91322992604 1.44147022499 0.0960593888136
1.91951311134 1.46765093579 0.094153830948
1.92579629665 1.39864291159 0.09888361203
1.93207948196 1.30459440022 0.105689816063
1.93836266726 1.40663727094 0.0988071250541
1.94464585257 1.45586488616 0.0946055848118
1.95092903788 1.4527681814 0.0953011699451
1.95721222319 1.53400240383 0.0900094482529
1.96349540849 1.58971249721 0.0871459047432
1.9697785938 1.71192383337 0.0810610040416
1.97606177911 1.86752612492 0.074315016348
1.98234496442 1.58778208021 0.08730293967
1.98862814972 1.55615817813 0.0890797449679
1.99491133503 1.7459815876 0.0794926671815
2.00119452034 1.58338495903 0.0874629848218
2.00747770564 1.60753264201 0.0860845512477
2.01376089095 1.72333683403 0.0805149135257
2.02004407626 1.77883282007 0.0778577494021
2.02632726157 1.85977789874 0.0745656289288
2.03261044687 1.80635557688 0.076759004293
2.03889363218 1.82826263415 0.0759376045571
2.04517681749 1.80689025176 0.0766671635032
2.05146000279 1.96661476487 0.0706981207919
2.0577431881 1.9622614893 0.0708510120519
2.06402637341 1.90252306673 0.0728971194067
2.07030955872 1.84689424331 0.0750688671492
2.07659274402 2.01863242876 0.0688948014587
2.08287592933 2.1010891706 0.0663719987357
2.08915911464 2.03578125794 0.068351938369
2.09544229994 2.16935440473 0.064216529525
2.10172548525 2.07192974362 0.0672017233942
2.10800867056 2.23700998152 0.0622603624363
2.11429185587 2.2901831485 0.0608358012766
2.12057504117 2.22544806913 0.0626080635236
2.12685822648 2.27428040122 0.0612528587432
2.13314141179 2.34606088249 0.0593579383118
2.13942459709 2.32336646494 0.0600820253126
2.1457077824 2.43043664085 0.0576389110318
2.15199096771 2.44208818186 0.0573620243875
2.15827415302 2.45338599249 0.0568368988246
2.16455733832 2.43453141948 0.0575348103632
2.17084052363 2.46398184438 0.0566482896677
2.17712370894 2.4580801633 0.0568573581172
2.18340689424 2.53159240828 0.0552775349582
2.18969007955 2.51486385408 0.0555306413914
2.19597326486 2.57935926666 0.0542953328942
2.20225645017 2.57218997713 0.0544478639426
2.20853963547 2.73352165649 0.0513284748315
2.21482282078 2.64338431929 0.0530343138989
2.22110600609 2.76848293805 0.0506601906708
2.2273891914 2.82393795392 0.0497481228357
2.2336723767 2.83976439309 0.0495024724976
2.23995556201 2.82934340729 0.0497894488992
2.24623874732 2.89000997036 0.0485795220909
2.25252193262 2.90128868366 0.0485389310854
2.25880511793 2.91697778637 0.0482200118214
2.26508830324 2.97620626898 0.0472061330424
2.27137148855 2.98462558898 0.0472985336438
2.27765467385 3.09388327457 0.0456143338979
2.28393785916 3.11697252321 0.0452767935563
2.29022104447 3.10295389574 0.0454972320201
2.29650422977 3.11868963721 0.0451921466815
2.30278741508 3.16866565433 0.044741162498
2.30907060039 3.23482838455 0.0436941916037
2.3153537857 3.22093059025 0.0439828055234
2.321636971 3.24958845913 0.043508371194
2.32792015631 3.39581023037 0.041790104188
2.33420334162 3.39799671882 0.0417414444713
2.34048652692 3.35062346052 0.0424015763726
2.34676971223 3.45380646546 0.0411502729321
2.35305289754 3.46911821195 0.0409167323039
2.35933608285 3.4939547403 0.0406392102513
2.36561926815 3.50538012052 0.0406388373155
2.37190245346 3.52097351366 0.0403649163839
2.37818563877 3.55253921916 0.0400302855594
2.38446882407 3.61876051775 0.0393657950707
2.39075200938 3.70936972306 0.0384900970737
2.39703519469 3.6910961869 0.0386471017845
2.40331838 3.67692147301 0.0386994421969
2.4096015653 3.7405467247 0.0381115452462
2.41588475061 3.79208375152 0.0376972544788
2.42216793592 3.81185106245 0.0375041835294
2.42845112122 3.90528350814 0.0367059532919
2.43473430653 3.92065119995 0.0365080426131
2.44101749184 3.93792735034 0.0363775796483
2.44730067715 3.98151727888 0.0358892440824
2.45358386245 4.01661749044 0.0357450116128
2.45986704776 4.06491064967 0.0353042522728
2.46615023307 4.15690578856 0.0345645074082
2.47243341838 4.1271089667 0.0348618497552
2.47871660368 4.17978894052 0.0344028944893
2.48499978899 4.23999579203 0.0340244456007
2.4912829743 4.27481646133 0.0337370283516
2.4975661596 4.34337386505 0.0332501455906
2.50384934491 4.34611188382 0.0331710744391
2.51013253022 4.38091466905 0.03304834055
2.51641571553 4.46395658435 0.0324528850803
2.52269890083 4.50276626123 0.0320903953133
2.52898208614 4.52791718384 0.032021152793
2.53526527145 4.56380726679 0.0317383515444
2.54154845675 4.63240091862 0.0313488073991
2.54783164206 4.67830774651 0.0310190398913
2.55411482737 4.70372412246 0.0309879893982
2.56039801268 4.77983643258 0.0305290631914
2.56668119798 4.752406409 0.0305542177464
2.57296438329 4.84973193816 0.0300772476513
2.5792475686 4.90983075333 0.0297266389016
2.5855307539 4.92863364105 0.029589269399
2.59181393921 4.96824148971 0.0294108276448
2.59809712452 5.05974645925 0.0289519037919
2.60438030983 5.03155860844 0.0290658845142
2.61066349513 5.10974841984 0.0285884543832
2.61694668044 5.14687118081 0.0285021240387
2.62322986575 5.20316930625 0.0282342524857
2.62951305105 5.21135249813 0.028099314926
2.63579623636 5.27643139101 0.0278234530001
2.64207942167 5.32988325254 0.0275925548044
2.64836260698 5.38399571986 0.0273208048622
2.65464579228 5.44313784843 0.0271040290608
2.66092897759 5.4334840787 0.0270514360612
2.6672121629 5.55052009747 0.0266202656319
2.6734953482 5.57483121408 0.026468730752
2.67977853351 5.6163929548 0.0263178378662
2.68606171882 5.63875802021 0.0262294186751
2.69234490413 5.77381542921 0.0256895898563
2.69862808943 5.75216081396 0.0257639142672
2.70491127474 5.80614459037 0.0255560686069
2.71119446005 5.83926017869 0.0253876450036
2.71747764536 5.87480439384 0.0252846868964
2.72376083066 5.94373608292 0.0249834837172
2.73004401597 6.01694846198 0.0246898348593
2.73632720128 6.05027581667 0.0246469500914
2.74261038658 6.10127895902 0.0244255439527
2.74889357189 6.15596660768 0.0241981204938
2.7551767572 6.23138417552 0.0239759233077
2.76145994251 6.22372746086 0.023938745383
2.76774312781 6.26474337846 0.0238319135413
2.77402631312 6.3569485244 0.0235530758424
2.78030949843 6.3863613044 0.0234473134353
2.78659268373 6.4903759704 0.0230971384674
2.79287586904 6.46600486435 0.0231448432373
2.79915905435 6.57640628224 0.0228134712645
2.80544223966 6.61523072693 0.0226862087571
2.81172542496 6.63026179656 0.022628927491
2.81800861027 6.74319062059 0.0223504566941
2.82429179558 6.79143805181 0.0221309360574
2.83057498088 6.85496787121 0.0219753342303
2.83685816619 6.88203520908 0.0219204595577
2.8431413515 6.93070563209 0.0217540770624
2.84942453681 7.008972686 0.021566469889
2.85570772211 7.0406435735 0.0214785417901
2.86199090742 7.10372357342 0.021313464336
2.86827409273 7.11247962972 0.0212558302128
2.87455727803 7.1978461267 0.0210081480618
2.88084046334 7.26142395132 0.0208852662639
2.88712364865 7.32331987452 0.02072328316
2.89340683396 7.36453998231 0.0206200439073
2.89969001926 7.40054291885 0.0205252169476
2.90597320457 7.47867483832 0.020327073425
2.91225638988 7.5256077371 0.0201970170885
2.91853957518 7.56885615169 0.020101286199
2.92482276049 7.63737194376 0.0199276718419
2.9311059458 7.70501261244 0.0197502078786
2.93738913111 7.77612236649 0.0196482896507
2.94367231641 7.78572656792 0.0195808168248
2.94995550172 7.83563549464 0.0194657548843
2.95623868703 7.92825120562 0.0192853748252
2.96252187234 7.99446177951 0.0191194862027
2.96880505764 8.06673973841 0.0189808660415
2.97508824295 8.07455317831 0.0189318955405
2.98137142826 8.1680754598 0.0187832192875
2.98765461356 8.18071763444 0.0187103160197
2.99393779887 8.27724892754 0.0185424107496
3.00022098418 8.33649836623 0.01844346749
3.00650416949 8.40642852399 0.0182685608897
3.01278735479 8.46220264588 0.0181714798697
3.0190705401 8.54839530478 0.0180297075594
3.02535372541 8.57321592158 0.0179551002473
3.03163691071 8.62256834367 0.0178449892432
3.03792009602 8.68911170617 0.0177005396263
3.04420328133 8.77097552519 0.0175913222621
3.05048646664 8.85099595621 0.0174398410175
3.05676965194 8.86724398337 0.0173999915691
3.06305283725 8.93660613282 0.0172493008281
3.06933602256 8.9954580529 0.0171791450946
3.07561920786 9.07623699873 0.017019475948
3.08190239317 9.14248661755 0.0169220984519
3.08818557848 9.18174151635 0.0168190486892
3.09446876379 9.24103103628 0.0167193873418
3.10075194909 9.33031057487 0.0165920221004
3.1070351344 9.39893853249 0.0164772876107
3.11331831971 9.42100042932 0.0164163197824
3.11960150501 9.52157458737 0.0163085810139
3.12588469032 9.54790544218 0.0162110947741
3.13216787563 9.62690787156 0.0161165103368
3.13845106094 9.72029281335 0.0159761387412
3.14473424624 9.76789079488 0.0158922171194
3.15101743155 9.84326285657 0.0158035099294
3.15730061686 9.89693809867 0.0156910692535
3.16358380216 9.961493803 0.0155874497516
3.16986698747 10.0054549695 0.0155239692734
3.17615017278 10.0766710858 0.0154005704384
3.18243335809 10.1610708008 0.0153092714294
3.18871654339 10.1929004654 0.0152334955464
3.1949997287 10.2633957535 0.0151388778817
3.20128291401 10.3342960635 0.0150449784534
3.20756609932 10.4044763105 0.0149508645217
3.21384928462 10.4795772809 0.0148205699435
3.22013246993 10.5282940881 0.0148160963474
3.22641565524 10.5500129224 0.0148197544559
3.23269884054 10.5699089573 0.0148949843736
3.23898202585 10.6076310151 0.0148789472357
3.24526521116 10.6136365399 0.014911794588
3.25154839647 10.6487311436 0.0149350417024
3.25783158177 10.7370653572 0.0148985382082
3.26411476708 10.7474106285 0.0149396881106
3.27039795239 10.8233224027 0.0149339725142
3.27668113769 10.8384722872 0.0149495909337
3.282964323 10.8530029565 0.0149943492995
3.28924750831 10.8871084338 0.0150037205827
3.29553069362 10.906330047 0.0150269076189
3.30181387892 10.9684317005 0.0150194096559
3.30809706423 10.9688249376 0.0150871905705
3.31438024954 11.0218638321 0.0150518552102
3.32066343484 11.0904152946 0.0150701252912
3.32694662015 11.0871500987 0.0151057945972
3.33322980546 11.162566491 0.0150763841556
3.33951299077 11.1593953085 0.0151032217284
3.34579617607 11.2152429427 0.0151110242032
3.35207936138 11.2553909656 0.0151391830597
3.35836254669 11.2864422882 0.0151518385257
3.36464573199 11.2843242651 0.0151959525561
3.3709289173 11.3059400142 0.0151854407791
3.37721210261 11.3709210291 0.015202340143
3.38349528792 11.4078402835 0.0151967999831
3.38977847322 11.4486422499 0.0152269125661
3.39606165853 11.4916295328 0.0152328540955
3.40234484384 11.5037392575 0.0152528923562
3.40862802914 11.5607280588 0.015275292409
3.41491121445 11.5662294405 0.0152489616923
3.42119439976 11.6160898961 0.0153125726432
3.42747758507 11.6182633816 0.0153211581637
3.43376077037 11.6845170536 0.0153289231169
3.44004395568 11.6895274839 0.0153531150117
3.44632714099 11.7647001109 0.0153441765665
3.4526103263 11.7982626058 0.0153625619987
3.4588935116 11.8305293382 0.015402855231
3.46517669691 11.8380754979 0.0153790873838
3.47145988222 11.9018891215 0.0154064827648
3.47774306752 11.9331307924 0.0154036580659
3.48402625283 11.9762671364 0.0154321723877
3.49030943814 12.0269788327 0.0154436494701
3.49659262345 12.0344810333 0.0154319941629
3.50287580875 12.0882587987 0.0154990599211
3.50915899406 12.1179057225 0.0154826004284
3.51544217937 12.1547524273 0.0154882225524
3.52172536467 12.1707011208 0.0155244819941
3.52800854998 12.2206652811 0.0155255876545
3.53429173529 12.2537376047 0.015535381198
3.5405749206 12.3069839187 0.015556112678
3.5468581059 12.3466953658 0.0155691859626
3.55314129121 12.3624422038 0.0155582385861
3.55942447652 12.4141226102 0.0156080053086
3.56570766182 12.4611859938 0.0156028542918
3.57199084713 12.449372234 0.0156367478071
3.57827403244 12.5167873581 0.015647737757
3.58455721775 12.5492086576 0.0156552962897
3.59084040305 12.5751985959 0.0156872372719
3.59712358836 12.6354880232 0.0156762661195
3.60340677367 12.6722362112 0.0156945721439
3.60968995897 12.7156860417 0.0157263447717
3.61597314428 12.7635800452 0.0157243270513
3.62225632959 12.7872485952 0.015765821129
3.6285395149 12.8397199453 0.015754997722
3.6348227002 12.8695669689 0.0157827036959
3.64110588551 12.9245414414 0.0157716495104
3.64738907082 12.9273735671 0.0158117429823
3.65367225612 13.0081177032 0.0158285723361
3.65995544143 12.9855511419 0.0158569361258
3.66623862674 13.0683331264 0.0158557463341
3.67252181205 13.0924700878 0.0158873991222
3.67880499735 13.1441935732 0.0158801756169
3.68508818266 13.1935798422 0.0159055396386
3.69137136797 13.2079570454 0.0159331611018
3.69765455328 13.2603895168 0.0159479196605
3.70393773858 13.324540994 0.0159507729566
3.71022092389 13.3329811002 0.0159849632238
3.7165041092 13.3912181826 0.0159952082818
3.7227872945 13.4357408056 0.0160238307154
3.72907047981 13.515609809 0.0160155339921
3.73535366512 13.5128662678 0.0160523110895
3.74163685043 13.5446418544 0.0160686635169
3.74792003573 13.603137952 0.0160876103782
3.75420322104 13.6747769567 0.0160751567242
3.76048640635 13.6739930971 0.01613196468
3.76676959165 13.7102965965 0.0161553246875
3.77305277696 13.7451538878 0.0161737270377
3.77933596227 13.789276612 0.0161675062499
3.78561914758 13.8843719115 0.0162207147733
3.79190233288 13.9227826375 0.0162138752699
3.79818551819 13.9445115096 0.0162503952681
3.8044687035 13.9742863487 0.0162596095066
3.8107518888 14.0284307293 0.0162698475261
3.81703507411 14.1015941551 0.0162998281636
3.82331825942 14.106443421 0.0163172687192
3.82960144473 14.182160514 0.016343583232
3.83588463003 14.1932943522 0.0163769394429
3.84216781534 14.2734028825 0.0163815165116
3.84845100065 14.3022905345 0.0164187453056
3.85473418595 14.3368164041 0.0164312569446
3.86101737126 14.3819334315 0.016467127816
3.86730055657 14.4161242421 0.0165061089002
3.87358374188 14.5018985693 0.0164970743015
3.87986692718 14.5272966029 0.016524234358
3.88615011249 14.5816571695 0.0165376211853
3.8924332978 14.632427843 0.0165904918807
3.8987164831 14.6955966654 0.0165756594133
3.90499966841 14.7202045407 0.0166314812489
3.91128285372 14.7734204654 0.0166791975397
3.91756603903 14.8323015455 0.0166641603984
3.92384922433 14.850971861 0.0167287219309
3.93013240964 14.8899749449 0.0167219837709
3.93641559495 14.9312876371 0.016778459805
3.94269878026 14.981782151 0.0167851189465
3.94898196556 15.0667063515 0.0168131759278
3.95526515087 15.1036605102 0.016856615708
3.96154833618 15.1477051564 0.0168835235762
3.96783152148 15.2023992469 0.0168971827629
3.97411470679 15.2419569294 0.0169469525829
3.9803978921 15.2781639231 0.0169579625131
3.98668107741 15.3314759951 0.0170200489353
3.99296426271 15.3690854799 0.0170240684534
3.99924744802 15.425703585 0.0170743615734
4.00553063333 15.4997575202 0.0171093794479
4.01181381863 15.5284665532 0.0171350589533
4.01809700394 15.5881648268 0.0171782335612
4.02438018925 15.6270224147 0.0172127652055
4.03066337456 15.684519523 0.0172431938955
4.03694655986 15.7287922291 0.0172643438536
4.04322974517 15.7885286743 0.017302588585
4.04951293048 15.8244128681 0.0173589974533
4.05579611578 15.8721288178 0.0173712396571
4.06207930109 15.9592843395 0.0174311335564
4.0683624864 15.9675366765 0.0174245478128
4.07464567171 16.0442615361 0.0175229564245
4.08092885701 16.0874600108 0.0175271831009
4.08721204232 16.1612717109 0.0175639965209
4.09349522763 16.1825297888 0.0176133577675
4.09977841293 16.2531451903 0.0176692945688
4.10606159824 16.2829379606 0.017706850075
4.11234478355 16.3218513962 0.0177478261242
4.11862796886 16.3811462687 0.0177704409756
4.12491115416 16.4047419322 0.0178618407358
4.13119433947 16.4913680601 0.01787492514
4.13747752478 16.5433281078 0.0179411088294
4.14376071008 16.5756547241 0.017957561198
4.15004389539 16.5816590832 0.0180124051476
4.1563270807 16.699066745 0.0180779490735
4.16261026601 16.7394059334 0.0181189629014
4.16889345131 16.7688985607 0.0181737408699
4.17517663662 16.8071065176 0.0182211422784
4.18145982193 16.8894082931 0.0182627959905
4.18774300724 16.9580410045 0.0183084449745
4.19402619254 16.9885867575 0.0184098086938
4.20030937785 17.0087293702 0.0184688588113
4.20659256316 17.0883667999 0.0184705987866
4.21287574846 17.1123525965 0.0186027119003
4.21915893377 17.1778413583 0.018606805139
4.22544211908 17.2178931809 0.0186906586969
4.23172530439 17.2895054912 0.0187399452721
4.23800848969 17.3578162327 0.018861748394
4.244291675 17.388319909 0.0188912097097
4.25057486031 17.4169305353 0.0189116167669
4.25685804561 17.4777736103 0.019049914837
4.26314123092 17.5499963058 0.0190983738409
4.26942441623 17.55533493 0.0191493472403
4.27570760154 17.6286241283 0.0192364211714
4.28199078684 17.6648815971 0.0193005454606
4.28827397215 17.7541894809 0.0194042866265
4.29455715746 17.750233046 0.0194614498725
4.30084034276 17.8322762269 0.0195613446041
4.30712352807 17.851526386 0.019619230518
4.31340671338 17.9410068525 0.0197057045257
4.31968989869 17.9740858593 0.019856002456
4.32597308399 18.0049090612 0.0198447109129
4.3322562693 18.052895287 0.019970510837
4.33853945461 18.1060804846 0.0200912039745
4.34482263991 18.1504104839 0.0201552352319
4.35110582522 18.1728897066 0.0203042525943
4.35738901053 18.2936082798 0.020364141762
4.36367219584 18.3129199574 0.0205027573584
4.36995538114 18.3026474423 0.0205609096191
4.37623856645 18.4101410743 0.0207297684409
4.38252175176 18.3813814823 0.0208134401068
4.38880493706 18.5011499273 0.020913141613
4.39508812237 18.5117856972 0.0210839826453
4.40137130768 18.5401078315 0.0211492202854
4.40765449299 18.598369669 0.0212986684185
4.41393767829 18.6561042622 0.021437316856
4.4202208636 18.7335914201 0.0215639885452
4.42650404891 18.8013316661 0.021801812693
4.43278723422 18.7633037812 0.0217763920607
4.43907041952 18.7638957678 0.0220398547965
4.44535360483 18.8641504619 0.0221158911061
4.45163679014 18.9430848337 0.022354934585
4.45791997544 18.9789432154 0.0224782893517
4.46420316075 18.9769209944 0.0226188681813
4.47048634606 18.9812265803 0.0228752334567
4.47676953137 19.065350818 0.0229791699171
4.48305271667 19.0981926054 0.0231936582922
4.48933590198 19.1415001239 0.023401582767
4.49561908729 19.1720105752 0.0236045111375
4.50190227259 19.1806733333 0.0238531979193
4.5081854579 19.2943021256 0.0239990001907
4.51446864321 19.2493159099 0.0242738573789
4.52075182852 19.28261858 0.0245037919439
4.52703501382 19.3508618966 0.0248053384581
4.53331819913 19.352245684 0.0250041476275
4.53960138444 19.3937023573 0.025295718481
4.54588456974 19.3576460117 0.0255815025228
4.55216775505 19.4431000592 0.0258923179911
4.55845094036 19.4314571902 0.0261022757608
4.56473412567 19.4574684184 0.0264254242117
4.57101731097 19.5180948368 0.0266739920535
4.57730049628 19.5296056733 0.0268988390674
4.58358368159 19.5559571439 0.0271502746465
4.58986686689 19.6413026712 0.0274450056071
4.5961500522 19.6617761766 0.027674408929
4.60243323751 19.6960670338 0.0279375279035
4.60871642282 19.6727496681 0.0281077513095
4.61499960812 19.7621133551 0.0284707759261
4.62128279343 19.7233428855 0.0286018832023
4.62756597874 19.8047233354 0.0288917969837
4.63384916404 19.8470221123 0.0291688968876
4.64013234935 19.9276795585 0.0295049078469
4.64641553466 19.9431127934 0.0297348409673
4.65269871997 19.9302956417 0.0298983443005
4.65898190527 20.0715268095 0.0302477383305
4.66526509058 20.0801073669 0.0305478860068
4.67154827589 20.0615108422 0.0306993879346
4.6778314612 20.1395702397 0.0310329395989
4.6841146465 20.1935333303 0.0313096930474
4.69039783181 20.1418616513 0.0315021525751
4.69668101712 20.1548418124 0.0316732864329
4.70296420242 20.2622432109 0.0321933455288
4.70924738773 20.2819949163 0.0323722385905
4.71553057304 20.341975564 0.0325901783987
4.72181375835 20.422304573 0.0329448867657
4.72809694365 20.4528784269 0.0332148747558
4.73438012896 20.5295466957 0.0335559640185
4.74066331427 20.5753183102 0.0338564784218
4.74694649957 20.5476130014 0.0340746564482
4.75322968488 20.6490565179 0.0343914121884
4.75951287019 20.6406086314 0.034691863971
4.7657960555 20.6897454072 0.0350495718047
4.7720792408 20.7112479532 0.0352640739148
4.77836242611 20.7823996427 0.0356581149229
4.78464561142 20.8650941579 0.0360723315891
4.79092879672 20.828450917 0.0361614205307
4.79721198203 20.8689168579 0.036629301126
4.80349516734 20.9670555985 0.037044131162
4.80977835265 20.9631047083 0.0372495577426
4.81606153795 21.0112900373 0.0375862612012
4.82234472326 21.033996001 0.0379213335402
4.82862790857 21.0772022563 0.038304088508
4.83491109387 21.1396494362 0.0385253025858
4.84119427918 21.1078122877 0.038970686568
4.84747746449 21.1810674013 0.0394415887765
4.8537606498 21.2660293466 0.0397324655056
4.8600438351 21.2736288632 0.0400618339389
4.86632702041 21.4376947614 0.0406972776008
4.87261020572 21.3602277336 0.0408679632659
4.87889339102 21.4445694486 0.0412681514505
4.88517657633 21.5518254855 0.0417755840968
4.89145976164 21.5699872035 0.0422786282537
4.89774294695 21.5460678036 0.0425116447559
4.90402613225 21.6013067348 0.0429230003133
4.91030931756 21.6435390404 0.0433834163969
4.91659250287 21.6842887243 0.0438556756873
4.92287568818 21.7276549982 0.044309373479
4.92915887348 21.8139953715 0.0447991808904
4.93544205879 21.8707497862 0.0451689254402
4.9417252441 21.8611312457 0.0456690844981
4.9480084294 21.9287362332 0.0461708649863
4.95429161471 21.9141034154 0.0464139128404
4.96057480002 22.0248612923 0.0471948742217
4.96685798533 22.0417070201 0.0477898234033
4.97314117063 22.162334798 0.0480990260204
4.97942435594 22.0414206593 0.0485121675026
4.98570754125 22.1600169639 0.049330105318
4.99199072655 22.187321426 0.0497857725618
4.99827391186 22.290854385 0.0501586609638
5.00455709717 22.3599019559 0.0509351294309
5.01084028248 22.4167744043 0.0515324387353
5.01712346778 22.5321073603 0.05235072207
5.02340665309 22.4824809747 0.0524360888491
5.0296898384 22.5588249261 0.0534133683191
5.0359730237 22.6558508355 0.0541572891393
5.04225620901 22.6083946289 0.0545456240204
5.04853939432 22.6940625451 0.055298771767
5.05482257963 22.7302764513 0.0558252602335
5.06110576493 22.8790254008 0.0571701690429
5.06738895024 22.7383722411 0.057030741158
5.07367213555 22.9430157745 0.0582234844213
5.07995532085 22.8047473459 0.0589043405615
5.08623850616 22.8694515538 0.0596726159743
5.09252169147 23.1479463019 0.0605437543548
5.09880487678 22.9465550427 0.0609800705993
5.10508806208 23.144798779 0.0624529785114
5.11137124739 23.1479647947 0.0629693489277
5.1176544327 23.1150342136 0.0634580198383
5.123937618 23.2241596336 0.0648527491653
5.13022080331 23.3519262147 0.0659950560859
5.13650398862 23.2210924789 0.066399303734
5.14278717393 23.2457681394 0.0672110100738
5.14907035923 23.2622749388 0.0685771219955
5.15535354454 23.4224613936 0.0702226612243
5.16163672985 23.471884078 0.0702135196405
5.16791991516 23.457545945 0.071404449057
5.17420310046 23.7068561043 0.0731537983556
5.18048628577 23.6567281514 0.0745674590631
5.18676947108 23.6908268947 0.0750244433317
5.19305265638 23.8289918608 0.0769306596013
5.19933584169 23.8227826115 0.0782663557558
5.205619027 23.6760470976 0.0789199620772
5.21190221231 23.939271488 0.0805275748939
5.21818539761 23.8594505864 0.0820428829582
5.22446858292 23.8863575468 0.084071744487
5.23075176823 23.853239022 0.0840072756516
5.23703495353 24.0049512578 0.0861593731896
5.24331813884 23.9105589785 0.0882872127457
5.24960132415 24.0904173915 0.0908797212297
5.25588450946 24.1079586698 0.0907220742271
5.26216769476 24.1100345762 0.0929199021818
5.26845088007 24.2785030988 0.0964759526163
5.27473406538 24.1052221538 0.0978101732574
5.28101725068 24.2464724726 0.0984626867919
5.28730043599 24.2944081146 0.101735055224
5.2935836213 24.6537589443 0.105501112841
5.29986680661 24.2511738681 0.106099120644
5.30614999191 24.2491060971 0.107533342777
5.31243317722 24.4559769588 0.111601037103
5.31871636253 24.5674612172 0.115907216618
5.32499954783 24.5770172346 0.115762737535
5.33128273314 24.5334972538 0.119406407741
5.33756591845 24.7632012979 0.124990783548
5.34384910376 24.6962372245 0.1287965198
5.35013228906 24.9177568725 0.127438131242
5.35641547437 24.9929780062 0.13562439224
5.36269865968 24.6502868043 0.139859436823
5.36898184498 24.8362173569 0.143183604439
5.37526503029 24.8852679552 0.142173235845
5.3815482156 24.6885834708 0.152360677455
5.38783140091 24.8528978191 0.162994703657
5.39411458621 25.3560901748 0.161970787404
5.40039777152 25.0355780682 0.162440389398
5.40668095683 25.0175413186 0.176746977665
5.41296414214 25.1481981133 0.194683680347
5.41924732744 25.1157015459 0.180075130117
5.42553051275 25.2610309624 0.1895787795
5.43181369806 25.0722108195 0.208609762439
5.43809688336 25.5169678076 0.238600315496
5.44438006867 25.1072632269 0.21029550797
5.45066325398 25.5047058514 0.229270521984
5.45694643929 25.4628733946 0.258560803116
5.46322962459 25.6741473273 0.294165621011
5.4695128099 25.2829819187 0.26109550029
5.47579599521 25.7186080659 0.28628231931
5.48207918051 25.3704930318 0.341778402412
5.48836236582 25.9677978091 0.376873662347
5.49464555113 25.4095460134 0.344556121854
5.50092873644 25.7033079466 0.381782597366
5.50721192174 25.0077807635 0.552885522505
5.51349510705 25.6846757889 0.458825046289
5.51977829236 25.2805536859 0.503107892651
5.52606147766 25.0948929638 0.57721362989
5.53234466297 25.4636024798 0.936596103756
5.53862784828 25.0859262243 0.75969905153
5.54491103359 26.767292783 1.00602918663
5.55119421889 27.1751657752 1.40380229233
5.5574774042 23.0487584709 2.34853207063
5.56376058951 24.8051260729 2.67082143326
5.57004377481 22.791251651 6.87011748569
