0.00942477796077 15881.5 4406.8
0.0157079632679 18110.0 3153.85
0.0219911485751 16334.3 1838.59
0.0282743338823 13693.0 1266.61
0.0345575191895 11124.6 777.498
0.0408407044967 9103.85 594.356
0.0471238898038 8039.35 418.9
0.053407075111 7085.22 340.852
0.0596902604182 6627.89 274.338
0.0659734457254 6058.51 232.79
0.0722566310326 5647.18 198.316
0.0785398163397 4828.77 154.095
0.0848230016469 4254.21 123.904
0.0911061869541 3668.03 103.177
0.0973893722613 3395.49 86.7997
0.103672557568 3038.57 74.9197
0.109955742876 2837.83 64.2192
0.116238928183 2686.47 58.4943
0.12252211349 2496.97 50.9834
0.128805298797 2430.13 47.4863
0.135088484104 2231.48 41.7417
0.141371669412 2045.01 36.4597
0.147654854719 1906.07 32.312
0.153938040026 1775.81 29.3762
0.160221225333 1670.75 26.0037
0.16650441064 1519.81 23.0848
0.172787595947 1487.2 21.4509
0.179070781255 1417.07 20.2904
0.185353966562 1353.32 18.215
0.191637151869 1298.56 17.3305
0.197920337176 1234.45 15.542
0.204203522483 1156.37 14.3769
0.210486707791 1109.79 13.236
0.216769893098 1058.99 12.3579
0.223053078405 1004.07 11.3596
0.229336263712 967.189 10.6641
0.235619449019 935.539 10.0666
0.241902634326 914.759 9.5562
0.248185819634 861.78 8.76224
0.254469004941 839.282 8.3876
0.260752190248 808.408 7.81559
0.267035375555 779.475 7.40245
0.273318560862 767.021 7.06257
0.279601746169 728.914 6.60662
0.285884931477 708.36 6.27301
0.292168116784 677.593 5.91677
0.298451302091 661.981 5.60847
0.304734487398 650.175 5.42161
0.311017672705 625.648 5.08697
0.317300858013 608.437 4.88231
0.32358404332 588.246 4.58513
0.329867228627 566.502 4.37724
0.336150413934 564.23 4.24259
0.342433599241 544.408 4.07511
0.348716784548 535.296 3.87943
0.354999969856 518.816 3.72677
0.361283155163 508.082 3.58936
0.36756634047 490.193 3.38173
0.373849525777 483.751 3.30321
0.380132711084 474.754 3.16685
0.386415896392 462.314 3.05358
0.392699081699 456.114 2.96858
0.398982267006 440.205 2.78974
0.405265452313 428.354 2.7198
0.41154863762 418.492 2.57279
0.417831822927 409.532 2.51886
0.424115008235 406.471 2.44258
0.430398193542 398.343 2.35883
0.436681378849 392.517 2.29772
0.442964564156 384.483 2.22242
0.449247749463 374.724 2.13565
0.455530934771 369.803 2.07744
0.461814120078 361.022 1.98526
0.468097305385 356.762 1.95946
0.474380490692 349.984 1.88095
0.480663675999 344.499 1.84115
0.486946861306 339.775 1.7879
0.493230046614 333.108 1.73297
0.499513231921 324.822 1.66845
0.505796417228 324.861 1.65035
0.512079602535 317.562 1.58941
0.518362787842 316.58 1.56035
0.524645973149 308.401 1.51125
0.530929158457 303.352 1.47122
0.537212343764 300.259 1.43118
0.543495529071 293.013 1.38728
0.549778714378 291.299 1.36024
0.556061899685 287.453 1.33794
0.562345084993 284.253 1.29172
0.5686282703 280.168 1.26867
0.574911455607 273.692 1.22713
0.581194640914 270.258 1.19743
0.587477826221 267.768 1.17446
0.593761011528 263.852 1.1467
0.600044196836 259.896 1.11574
0.606327382143 257.533 1.09929
0.61261056745 252.936 1.06273
0.618893752757 251.163 1.04753
0.625176938064 248.045 1.02416
0.631460123372 247.122 1.0124
0.637743308679 244.437 0.986975
0.644026493986 240.795 0.968445
0.650309679293 237.621 0.942855
0.6565928646 234.305 0.923665
0.662876049907 232.522 0.907381
0.669159235215 228.476 0.884812
0.675442420522 226.781 0.866807
0.681725605829 223.749 0.853856
0.688008791136 223.644 0.839379
0.694291976443 220.052 0.825123
0.700575161751 216.937 0.799586
0.706858347058 215.693 0.792452
0.713141532365 214.346 0.778694
0.719424717672 208.802 0.753163
0.725707902979 208.359 0.74484
0.731991088286 205.852 0.731092
0.738274273594 204.111 0.717554
0.744557458901 203.025 0.710366
0.750840644208 201.255 0.697147
0.757123829515 199.092 0.683404
0.763407014822 196.191 0.668326
0.769690200129 195.561 0.661843
0.775973385437 192.782 0.64513
0.782256570744 192.053 0.639746
0.788539756051 191.013 0.629167
0.794822941358 188.02 0.62036
0.801106126665 187.007 0.607274
0.807389311973 185.427 0.599596
0.81367249728 182.038 0.582695
0.819955682587 181.793 0.578888
0.826238867894 180.504 0.57009
0.832522053201 178.747 0.55994
0.838805238508 176.907 0.549513
0.845088423816 174.609 0.542573
0.851371609123 174.359 0.534798
0.85765479443 172.416 0.525211
0.863937979737 171.36 0.519261
0.870221165044 170.077 0.51115
0.876504350352 168.228 0.503099
0.882787535659 167.237 0.495201
0.889070720966 166.092 0.489841
0.895353906273 164.659 0.482274
0.90163709158 163.712 0.474912
0.907920276887 161.597 0.467593
0.914203462195 161.345 0.46125
0.920486647502 159.944 0.456967
0.926769832809 158.118 0.447116
0.933053018116 156.997 0.441947
0.939336203423 155.711 0.434616
0.945619388731 154.462 0.430632
0.951902574038 153.282 0.423009
0.958185759345 152.911 0.420334
0.964468944652 151.177 0.410756
0.970752129959 150.785 0.409052
0.977035315266 149.471 0.402728
0.983318500574 148.436 0.397943
0.989601685881 147.253 0.391828
0.995884871188 146.328 0.386725
1.0021680565 145.384 0.382276
1.0084512418 144.121 0.377545
1.01473442711 142.75 0.370131
1.02101761242 142.353 0.367615
1.02730079772 140.944 0.362366
1.03358398303 140.607 0.358809
1.03986716834 140.426 0.356296
1.04615035365 139.052 0.351565
1.05243353895 138.104 0.346344
1.05871672426 136.561 0.341758
1.06499990957 136.147 0.337261
1.07128309487 134.545 0.332343
1.07756628018 134.598 0.330263
1.08384946549 132.983 0.324945
1.0901326508 132.015 0.32074
1.0964158361 131.762 0.318131
1.10269902141 130.568 0.31348
1.10898220672 130.312 0.311827
1.11526539202 129.353 0.307973
1.12154857733 128.511 0.303842
1.12783176264 128.142 0.300917
1.13411494795 127.493 0.298133
1.14039813325 126.394 0.294738
1.14668131856 125.619 0.290707
1.15296450387 124.106 0.285356
1.15924768917 124.132 0.284969
1.16553087448 123.369 0.281104
1.17181405979 122.358 0.277897
1.1780972451 121.847 0.274326
1.1843804304 120.869 0.272564
1.19066361571 120.629 0.269314
1.19694680102 119.833 0.267164
1.20322998632 118.995 0.262573
1.20951317163 118.286 0.261331
1.21579635694 118.302 0.258835
1.22207954225 116.951 0.255412
1.22836272755 116.021 0.251551
1.23464591286 115.433 0.2494
1.24092909817 115.461 0.248952
1.24721228348 114.201 0.24429
1.25349546878 113.947 0.242663
1.25977865409 113.107 0.23998
1.2660618394 112.252 0.23684
1.2723450247 112.138 0.235857
1.27862821001 111.234 0.232208
1.28491139532 110.363 0.230314
1.29119458063 110.347 0.22802
1.29747776593 109.471 0.226255
1.30376095124 109.607 0.225037
1.31004413655 108.374 0.221821
1.31632732185 107.874 0.219436
1.32261050716 107.127 0.217244
1.32889369247 107.149 0.216256
1.33517687778 106.581 0.214116
1.34146006308 105.901 0.211315
1.34774324839 105.363 0.210131
1.3540264337 104.777 0.207857
1.360309619 104.339 0.205926
1.36659280431 103.679 0.203979
1.37287598962 103.198 0.201768
1.37915917493 102.745 0.200548
1.38544236023 102.493 0.198927
1.39172554554 101.552 0.196141
1.39800873085 100.941 0.194476
1.40429191615 100.857 0.193134
1.41057510146 99.9765 0.19107
1.41685828677 99.8896 0.189671
1.42314147208 99.5103 0.188755
1.42942465738 98.7335 0.185939
1.43570784269 98.613 0.185272
1.441991028 98.0785 0.183198
1.4482742133 97.4849 0.181982
1.45455739861 97.235 0.180237
1.46084058392 96.7774 0.178865
1.46712376923 96.19 0.176884
1.47340695453 95.6043 0.175514
1.47969013984 95.3532 0.174093
1.48597332515 94.9055 0.172703
1.49225651046 94.4607 0.171271
1.49853969576 94.125 0.170214
1.50482288107 93.7604 0.168295
1.51110606638 93.2323 0.167135
1.51738925168 92.7623 0.165398
1.52367243699 92.3981 0.164275
1.5299556223 91.6508 0.162209
1.53623880761 91.5385 0.161444
1.54252199291 91.386 0.160749
1.54880517822 90.9465 0.159387
1.55508836353 90.3834 0.157378
1.56137154883 89.9552 0.1567
1.56765473414 89.4285 0.15487
1.57393791945 89.2907 0.154062
1.58022110476 88.6605 0.152332
1.58650429006 88.5686 0.151835
1.59278747537 88.2783 0.150775
1.59907066068 87.6986 0.14892
1.60535384598 87.5927 0.148376
1.61163703129 87.2625 0.147435
1.6179202166 86.7062 0.145881
1.62420340191 86.3205 0.144702
1.63048658721 86.0648 0.143786
1.63676977252 85.5331 0.142389
1.64305295783 85.0961 0.141186
1.64933614313 84.9797 0.140634
1.65561932844 84.3151 0.138735
1.66190251375 83.8902 0.137904
1.66818569906 83.8553 0.136942
1.67446888436 83.2518 0.136062
1.68075206967 83.1976 0.13517
1.68703525498 82.9791 0.13419
1.69331844028 82.6025 0.133225
1.69960162559 82.2912 0.132673
1.7058848109 81.9286 0.131041
1.71216799621 81.5986 0.130514
1.71845118151 81.2453 0.129207
1.72473436682 81.1812 0.128991
1.73101755213 80.4502 0.12728
1.73730073744 80.368 0.126549
1.74358392274 80.0721 0.12606
1.74986710805 79.8295 0.124983
1.75615029336 79.4445 0.123984
1.76243347866 79.1434 0.123193
1.76871666397 78.7882 0.122167
1.77499984928 78.5025 0.121466
1.78128303459 78.2226 0.120396
1.78756621989 77.9347 0.119909
1.7938494052 77.4539 0.11842
1.80013259051 77.2176 0.11815
1.80641577581 77.0742 0.117158
1.81269896112 76.7119 0.116541
1.81898214643 76.4181 0.115454
1.82526533174 76.0195 0.114647
1.83154851704 75.8741 0.114035
1.83783170235 75.7904 0.113538
1.84411488766 75.2063 0.112221
1.85039807296 75.0088 0.111811
1.85668125827 74.6206 0.110739
1.86296444358 74.4412 0.110289
1.86924762889 74.1716 0.109369
1.87553081419 73.9144 0.108725
1.8818139995 73.747 0.108202
1.88809718481 73.469 0.107473
1.89438037011 73.1999 0.106807
1.90066355542 72.9282 0.105816
1.90694674073 72.6011 0.105294
1.91322992604 72.2664 0.104541
1.91951311134 72.0728 0.103726
1.92579629665 71.9495 0.103442
1.93207948196 71.4723 0.102218
1.93836266726 71.3072 0.10211
1.94464585257 71.2885 0.101365
1.95092903788 70.7895 0.100558
1.95721222319 70.7475 0.100062
1.96349540849 70.2496 0.0992321
1.9697785938 70.1457 0.0987642
1.97606177911 69.8899 0.0980032
1.98234496442 69.4233 0.0972109
1.98862814972 69.3359 0.0968442
1.99491133503 69.0725 0.0961483
2.00119452034 68.8653 0.0956185
2.00747770564 68.6634 0.0950379
2.01376089095 68.3983 0.0945066
2.02004407626 68.276 0.0939297
2.02632726157 67.9925 0.0932231
2.03261044687 67.6925 0.0926633
2.03889363218 67.5047 0.0922886
2.04517681749 67.2786 0.0915106
2.05146000279 67.0765 0.09104
2.0577431881 66.7513 0.0903651
2.06402637341 66.632 0.0899908
2.07030955872 66.324 0.0892591
2.07659274402 66.0798 0.0887403
2.08287592933 65.8374 0.0883119
2.08915911464 65.7393 0.0878919
2.09544229994 65.4942 0.0871137
2.10172548525 65.0451 0.0866005
2.10800867056 65.1354 0.0862377
2.11429185587 64.9193 0.0858247
2.12057504117 64.6377 0.0852335
2.12685822648 64.4813 0.0847519
2.13314141179 64.3217 0.0843199
2.13942459709 63.9468 0.0836032
2.1457077824 63.6191 0.0830272
2.15199096771 63.5801 0.0828382
2.15827415302 63.3425 0.0820693
2.16455733832 63.1126 0.0818306
2.17084052363 62.8641 0.0810636
2.17712370894 62.7345 0.0809172
2.18340689424 62.5311 0.0803751
2.18969007955 62.3116 0.0798155
2.19597326486 62.1838 0.0794547
2.20225645017 61.8107 0.078877
2.20853963547 61.7718 0.0785728
2.21482282078 61.4235 0.0779499
2.22110600609 61.2953 0.0775163
2.2273891914 61.2038 0.0773666
2.2336723767 60.8776 0.0765646
2.23995556201 60.6987 0.0763345
2.24623874732 60.6685 0.0759807
2.25252193262 60.4066 0.0755495
2.25880511793 60.2441 0.0751697
2.26508830324 60.044 0.0746162
2.27137148855 59.8061 0.0743116
2.27765467385 59.6733 0.0737927
2.28393785916 59.4258 0.0734056
2.29022104447 59.3069 0.0731042
2.29650422977 59.1297 0.0725639
2.30278741508 58.8898 0.072355
2.30907060039 58.6456 0.071651
2.3153537857 58.5409 0.0714965
2.321636971 58.356 0.0709452
2.32792015631 58.3009 0.0708723
2.33420334162 58.0073 0.0703357
2.34048652692 57.8222 0.0698731
2.34676971223 57.6694 0.0695276
2.35305289754 57.6643 0.06935
2.35933608285 57.3673 0.0688696
2.36561926815 57.1479 0.0685431
2.37190245346 56.9199 0.0679268
2.37818563877 56.8848 0.0678714
2.38446882407 56.669 0.0673682
2.39075200938 56.5837 0.0671773
2.39703519469 56.3533 0.0667576
2.40331838 56.2357 0.0663971
2.4096015653 56.0317 0.0659996
2.41588475061 55.8951 0.0657292
2.42216793592 55.6361 0.0652228
2.42845112122 55.5736 0.06516
2.43473430653 55.3374 0.0645876
2.44101749184 55.3078 0.0644897
2.44730067715 55.1205 0.0640036
2.45358386245 55.0404 0.0639289
2.45986704776 54.8174 0.0633995
2.46615023307 54.7351 0.0632143
2.47243341838 54.5272 0.0628486
2.47871660368 54.4285 0.062618
2.48499978899 54.2543 0.0622092
2.4912829743 54.1276 0.0619419
2.4975661596 54.0186 0.0617441
2.50384934491 53.8285 0.0613079
2.51013253022 53.5191 0.0608777
2.51641571553 53.5424 0.0607801
2.52269890083 53.5078 0.0605006
2.52898208614 53.285 0.0602656
2.53526527145 53.1325 0.0598603
2.54154845675 52.9646 0.0595999
2.54783164206 52.927 0.0593716
2.55411482737 52.7407 0.0591465
2.56039801268 52.5732 0.0587629
2.56668119798 52.4759 0.0584515
2.57296438329 52.3709 0.0583108
2.5792475686 52.2788 0.0580621
2.5855307539 52.1106 0.0576978
2.59181393921 52.0558 0.0575844
2.59809712452 51.9626 0.0573236
2.60438030983 51.7693 0.0570532
2.61066349513 51.7127 0.0567301
2.61694668044 51.5503 0.0565665
2.62322986575 51.2989 0.0561703
2.62951305105 51.2643 0.0559156
2.63579623636 51.1734 0.0557788
2.64207942167 51.1238 0.0555546
2.64836260698 51.0544 0.0553805
2.65464579228 50.8108 0.0549789
2.66092897759 50.8136 0.054879
2.6672121629 50.6037 0.0546037
2.6734953482 50.5024 0.054262
2.67977853351 50.4559 0.0541863
2.68606171882 50.2442 0.0538176
2.69234490413 50.2591 0.0537629
2.69862808943 50.0554 0.053421
2.70491127474 49.9752 0.0532525
2.71119446005 49.8757 0.0529984
2.71747764536 49.6858 0.0526972
2.72376083066 49.7055 0.0525773
2.73004401597 49.636 0.0523657
2.73632720128 49.5321 0.0522734
2.74261038658 49.441 0.0520049
2.74889357189 49.3797 0.0517724
2.7551767572 49.2208 0.0516035
2.76145994251 49.2723 0.0514471
2.76774312781 49.0851 0.0512214
2.77402631312 49.0092 0.0510014
2.78030949843 48.9369 0.0508519
2.78659268373 48.8673 0.0506766
2.79287586904 48.7939 0.050495
2.79915905435 48.6756 0.0502159
2.80544223966 48.6853 0.0501846
2.81172542496 48.5657 0.049889
2.81800861027 48.4565 0.0498527
2.82429179558 48.458 0.0495322
2.83057498088 48.3197 0.0493818
2.83685816619 48.2115 0.0491776
2.8431413515 48.2529 0.049121
2.84942453681 48.1092 0.048871
2.85570772211 48.0757 0.048736
2.86199090742 47.9743 0.0485549
2.86827409273 47.9473 0.0484086
2.87455727803 48.007 0.0483429
2.88084046334 47.7932 0.048086
2.88712364865 47.8067 0.0479566
2.89340683396 47.7753 0.0478823
2.89969001926 47.6688 0.0476434
2.90597320457 47.6323 0.0475338
2.91225638988 47.5861 0.0473267
2.91853957518 47.5343 0.0472509
2.92482276049 47.5574 0.0471237
2.9311059458 47.4948 0.0469761
2.93738913111 47.4908 0.0469039
2.94367231641 47.4083 0.0467078
2.94995550172 47.3715 0.0465626
2.95623868703 47.3095 0.0464716
2.96252187234 47.2264 0.0462226
2.96880505764 47.2949 0.0462397
2.97508824295 47.2225 0.0460696
2.98137142826 47.1524 0.045905
2.98765461356 47.142 0.0457847
2.99393779887 47.1944 0.0457686
3.00022098418 47.143 0.0456398
3.00650416949 47.191 0.045558
3.01278735479 47.13 0.0454004
3.0190705401 47.1043 0.0453122
3.02535372541 47.048 0.04512
3.03163691071 47.1833 0.0451956
3.03792009602 47.1493 0.045008
3.04420328133 47.0809 0.0449212
3.05048646664 47.1024 0.0448324
3.05676965194 47.0619 0.0447199
3.06305283725 47.1135 0.0446245
3.06933602256 47.1247 0.0445888
3.07561920786 47.0929 0.0444108
3.08190239317 47.1217 0.0444306
3.08818557848 47.1894 0.0443199
3.09446876379 47.1769 0.0442778
3.10075194909 47.2102 0.0441425
3.1070351344 47.2534 0.0441737
3.11331831971 47.1853 0.0439626
3.11960150501 47.2558 0.0439937
3.12588469032 47.2761 0.0438501
3.13216787563 47.4058 0.0439208
3.13845106094 47.4171 0.0438268
3.14473424624 47.4461 0.0437394
3.15101743155 47.4009 0.0436739
3.15730061686 47.4617 0.0435841
3.16358380216 47.55 0.043569
3.16986698747 47.6133 0.0435662
3.17615017278 47.6502 0.0434386
3.18243335809 47.7775 0.0435474
3.18871654339 47.7167 0.0433291
3.1949997287 47.8296 0.0433755
3.20128291401 47.8524 0.0432922
3.20756609932 47.985 0.0433709
3.21384928462 47.9822 0.0431915
3.22013246993 48.0356 0.0432648
3.22641565524 47.89 0.0431698
3.23269884054 47.7028 0.0431108
3.23898202585 47.6455 0.0430559
3.24526521116 47.6003 0.0431036
3.25154839647 47.5631 0.0431031
3.25783158177 47.4196 0.0430367
3.26411476708 47.239 0.0429262
3.27039795239 47.2176 0.0429876
3.27668113769 47.1457 0.0429248
3.282964323 47.0299 0.0429189
3.28924750831 46.9271 0.0428786
3.29553069362 46.8958 0.0429011
3.30181387892 46.7727 0.0428233
3.30809706423 46.727 0.0428973
3.31438024954 46.5385 0.0427415
3.32066343484 46.5384 0.0428232
3.32694662015 46.4562 0.0427997
3.33322980546 46.4046 0.0427769
3.33951299077 46.3603 0.0428098
3.34579617607 46.2144 0.042754
3.35207936138 46.2268 0.0428051
3.35836254669 46.1124 0.0427895
3.36464573199 46.0705 0.0427995
3.3709289173 45.9215 0.0426944
3.37721210261 45.9086 0.0427964
3.38349528792 45.8229 0.0427109
3.38977847322 45.665 0.0426785
3.39606165853 45.6671 0.0427495
3.40234484384 45.6073 0.0427355
3.40862802914 45.5686 0.0427936
3.41491121445 45.4894 0.0426948
3.42119439976 45.4238 0.0428107
3.42747758507 45.3355 0.0427095
3.43376077037 45.3125 0.0427787
3.44004395568 45.2966 0.0428271
3.44632714099 45.2179 0.0428293
3.4526103263 45.172 0.0428075
3.4588935116 45.1177 0.0428954
3.46517669691 45.0666 0.0428463
3.47145988222 45.0084 0.0428994
3.47774306752 44.9754 0.0428954
3.48402625283 44.8697 0.0429078
3.49030943814 44.8739 0.0429917
3.49659262345 44.8461 0.0429487
3.50287580875 44.7939 0.0430627
3.50915899406 44.7693 0.0430678
3.51544217937 44.7778 0.043133
3.52172536467 44.6337 0.0430887
3.52800854998 44.6382 0.0431569
3.53429173529 44.5761 0.0431678
3.5405749206 44.5583 0.0431843
3.5468581059 44.6107 0.0433796
3.55314129121 44.4579 0.0431946
3.55942447652 44.4275 0.0433594
3.56570766182 44.396 0.0433511
3.57199084713 44.3255 0.0433789
3.57827403244 44.3625 0.04345
3.58455721775 44.3515 0.0435527
3.59084040305 44.2125 0.0435084
3.59712358836 44.242 0.0435867
3.60340677367 44.2038 0.04361
3.60968995897 44.1603 0.0437096
3.61597314428 44.1435 0.0436851
3.62225632959 44.1004 0.0437965
3.6285395149 44.128 0.0438648
3.6348227002 44.027 0.04385
3.64110588551 44.0418 0.0439137
3.64738907082 44.0302 0.0440118
3.65367225612 44.0572 0.0441575
3.65995544143 43.9268 0.0440724
3.66623862674 43.9589 0.0441801
3.67252181205 43.8825 0.0442473
3.67880499735 43.9544 0.044346
3.68508818266 43.9028 0.0444134
3.69137136797 43.8804 0.0444692
3.69765455328 43.9007 0.0445653
3.70393773858 43.858 0.0446267
3.71022092389 43.8153 0.04466
3.7165041092 43.8471 0.0447833
3.7227872945 43.8973 0.0449292
3.72907047981 43.8684 0.0449811
3.73535366512 43.7592 0.0449961
3.74163685043 43.8334 0.0451334
3.74792003573 43.8656 0.0452651
3.75420322104 43.7958 0.0452569
3.76048640635 43.7928 0.0454012
3.76676959165 43.8053 0.0455107
3.77305277696 43.8415 0.0456534
3.77933596227 43.8373 0.0456381
3.78561914758 43.7726 0.0458119
3.79190233288 43.8351 0.0458856
3.79818551819 43.8019 0.0459982
3.8044687035 43.7747 0.0460614
3.8107518888 43.8306 0.0462503
3.81703507411 43.7614 0.0462561
3.82331825942 43.8198 0.046411
3.82960144473 43.7618 0.0464717
3.83588463003 43.8313 0.0466811
3.84216781534 43.8089 0.046701
3.84845100065 43.9136 0.0469768
3.85473418595 43.909 0.0470497
3.86101737126 43.9393 0.0472169
3.86730055657 43.8862 0.0472855
3.87358374188 43.9741 0.0474456
3.87986692718 43.9558 0.0475932
3.88615011249 44.0078 0.0476916
3.8924332978 44.0039 0.0478941
3.8987164831 44.0844 0.0480243
3.90499966841 44.0281 0.0481075
3.91128285372 44.043 0.0483232
3.91756603903 43.9855 0.0483075
3.92384922433 44.0363 0.04853
3.93013240964 44.0914 0.0486801
3.93641559495 44.1687 0.0489601
3.94269878026 44.2004 0.0490168
3.94898196556 44.2306 0.0492181
3.95526515087 44.2201 0.0493757
3.96154833618 44.3057 0.049615
3.96783152148 44.3361 0.049724
3.97411470679 44.2934 0.0498922
3.9803978921 44.4154 0.0501086
3.98668107741 44.466 0.0503666
3.99296426271 44.5018 0.0504439
3.99924744802 44.5499 0.0507431
4.00553063333 44.57 0.0508659
4.01181381863 44.7568 0.0512175
4.01809700394 44.7897 0.0514025
4.02438018925 44.7409 0.0515294
4.03066337456 44.8271 0.0517954
4.03694655986 44.8865 0.05196
4.04322974517 44.9186 0.0521662
4.04951293048 44.985 0.0524529
4.05579611578 45.0031 0.0526176
4.06207930109 45.0663 0.0529072
4.0683624864 45.1925 0.0530838
4.07464567171 45.1978 0.0534229
4.08092885701 45.3922 0.0536992
4.08721204232 45.4305 0.0539142
4.09349522763 45.4479 0.0542025
4.09977841293 45.5381 0.0544481
4.10606159824 45.6095 0.0547028
4.11234478355 45.6731 0.0549959
4.11862796886 45.8023 0.0552783
4.12491115416 45.8415 0.055647
4.13119433947 45.9132 0.0558141
4.13747752478 46.0772 0.0562456
4.14376071008 46.1602 0.0565151
4.15004389539 46.1712 0.0567674
4.1563270807 46.1971 0.05703
4.16261026601 46.2993 0.0573276
4.16889345131 46.4059 0.0577108
4.17517663662 46.5452 0.0580819
4.18145982193 46.5414 0.0582866
4.18774300724 46.7452 0.0587553
4.19402619254 46.8181 0.0591542
4.20030937785 46.9136 0.0594945
4.20659256316 46.9428 0.0596786
4.21287574846 47.1606 0.0603528
4.21915893377 47.276 0.0606025
4.22544211908 47.2613 0.0608865
4.23172530439 47.3969 0.0613237
4.23800848969 47.4805 0.0617556
4.244291675 47.5364 0.0620569
4.25057486031 47.7498 0.0624954
4.25685804561 47.8241 0.0630146
4.26314123092 47.9893 0.063473
4.26942441623 48.1489 0.0639594
4.27570760154 48.1715 0.064309
4.28199078684 48.4433 0.0649402
4.28827397215 48.4632 0.0653163
4.29455715746 48.6557 0.065806
4.30084034276 48.7158 0.0662853
4.30712352807 48.7785 0.0667017
4.31340671338 49.0208 0.0673382
4.31968989869 49.0566 0.0678465
4.32597308399 49.3073 0.0683388
4.3322562693 49.3354 0.0688646
4.33853945461 49.5431 0.0695184
4.34482263991 49.5655 0.0698665
4.35110582522 49.5995 0.0704919
4.35738901053 49.8548 0.0710357
4.36367219584 49.8873 0.0715942
4.36995538114 50.2036 0.0723911
4.37623856645 50.2568 0.0730102
4.38252175176 50.2571 0.0734801
4.38880493706 50.4751 0.0740509
4.39508812237 50.6047 0.0749252
4.40137130768 50.7994 0.0755201
4.40765449299 50.8282 0.0761497
4.41393767829 50.9213 0.0767269
4.4202208636 51.0776 0.0774501
4.42650404891 51.0148 0.0781334
4.43278723422 51.3851 0.0788302
4.43907041952 51.2751 0.0796256
4.44535360483 51.5786 0.0803772
4.45163679014 51.6433 0.081264
4.45791997544 51.607 0.081735
4.46420316075 51.7773 0.0825963
4.47048634606 51.6054 0.0832097
4.47676953137 51.9185 0.0841584
4.48305271667 51.8349 0.0847881
4.48933590198 51.9172 0.0856643
4.49561908729 51.8873 0.086412
4.50190227259 52.0209 0.0874619
4.5081854579 52.1733 0.088201
4.51446864321 51.8588 0.0887691
4.52075182852 52.0751 0.0899109
4.52703501382 51.9017 0.0904949
4.53331819913 51.9494 0.0914292
4.53960138444 51.7007 0.0920264
4.54588456974 51.7458 0.0931267
4.55216775505 51.665 0.0938645
4.55845094036 51.6712 0.094757
4.56473412567 51.5511 0.0956785
4.57101731097 51.5499 0.0964658
4.57730049628 51.5421 0.0972654
4.58358368159 51.3554 0.0979287
4.58986686689 51.444 0.0989645
4.5961500522 51.5017 0.0999571
4.60243323751 51.5006 0.100865
4.60871642282 51.6354 0.101891
4.61499960812 51.7381 0.103193
4.62128279343 51.5519 0.103561
4.62756597874 51.8575 0.10514
4.63384916404 51.8912 0.106126
4.64013234935 51.9086 0.107219
4.64641553466 51.9598 0.108079
4.65269871997 52.2184 0.109485
4.65898190527 52.0978 0.110377
4.66526509058 52.1355 0.111398
4.67154827589 52.1718 0.112337
4.6778314612 52.3461 0.113663
4.6841146465 52.3701 0.11496
4.69039783181 52.3878 0.115849
4.69668101712 52.5322 0.117038
4.70296420242 52.6301 0.118624
4.70924738773 52.5786 0.119556
4.71553057304 52.7764 0.120717
4.72181375835 53.0228 0.122481
4.72809694365 53.0898 0.123781
4.73438012896 53.572 0.125917
4.74066331427 53.3601 0.126356
4.74694649957 53.5611 0.128249
4.75322968488 53.6851 0.129531
4.75951287019 53.6672 0.130724
4.7657960555 53.8233 0.132332
4.7720792408 54.0395 0.133891
4.77836242611 54.1553 0.135556
4.78464561142 54.3036 0.137194
4.79092879672 54.3892 0.138278
4.79721198203 54.8083 0.140941
4.80349516734 54.8072 0.142493
4.80977835265 54.9946 0.143845
4.81606153795 55.135 0.145685
4.82234472326 55.1926 0.147335
4.82862790857 55.4869 0.149702
4.83491109387 55.6226 0.150757
4.84119427918 55.6997 0.153011
4.84747746449 56.3906 0.156371
4.8537606498 56.1469 0.157072
4.8600438351 56.3079 0.15882
4.86632702041 56.5967 0.161651
4.87261020572 57.083 0.164298
4.87889339102 57.1594 0.166073
4.88517657633 57.1514 0.167726
4.89145976164 57.3145 0.170364
4.89774294695 57.6929 0.172988
4.90402613225 57.4999 0.173958
4.91030931756 58.1092 0.177705
4.91659250287 58.8662 0.181753
4.92287568818 58.8247 0.183637
4.92915887348 58.9304 0.185707
4.93544205879 58.9446 0.187494
4.9417252441 59.135 0.190898
4.9480084294 59.5112 0.193943
4.95429161471 60.0263 0.196912
4.96057480002 59.8397 0.199304
4.96685798533 60.154 0.203055
4.97314117063 61.0755 0.206934
4.97942435594 60.8543 0.208737
4.98570754125 61.08 0.212766
4.99199072655 61.2663 0.216101
4.99827391186 61.5955 0.218192
5.00455709717 62.1216 0.223379
5.01084028248 62.2089 0.226847
5.01712346778 62.7661 0.23176
5.02340665309 63.2089 0.234312
5.0296898384 63.4058 0.239102
5.0359730237 63.5913 0.243106
5.04225620901 64.5299 0.248832
5.04853939432 63.9849 0.250344
5.05482257963 64.8148 0.256357
5.06110576493 65.2616 0.263189
5.06738895024 65.5776 0.264845
5.07367213555 65.6361 0.269919
5.07995532085 66.1094 0.276354
5.08623850616 66.8326 0.282613
5.09252169147 67.4007 0.287533
5.09880487678 67.4116 0.291772
5.10508806208 68.2666 0.300996
5.11137124739 68.4566 0.305521
5.1176544327 69.0723 0.310958
5.123937618 69.3505 0.318078
5.13022080331 70.0637 0.326394
5.13650398862 69.7832 0.329182
5.14278717393 71.1432 0.33893
5.14907035923 70.9092 0.346095
5.15535354454 71.8376 0.357401
5.16163672985 72.5917 0.361068
5.16791991516 72.8094 0.369661
5.17420310046 72.7171 0.37696
5.18048628577 73.6032 0.388874
5.18676947108 74.0182 0.39306
5.19305265638 74.438 0.404557
5.19933584169 74.8345 0.414862
5.205619027 75.4054 0.423951
5.21190221231 76.4796 0.43545
5.21818539761 77.5206 0.45154
5.22446858292 78.4865 0.468881
5.23075176823 78.6522 0.470992
5.23703495353 79.1226 0.483898
5.24331813884 79.9036 0.503803
5.24960132415 80.878 0.522006
5.25588450946 80.8259 0.520355
5.26216769476 81.5305 0.538538
5.26845088007 82.8109 0.566998
5.27473406538 83.4019 0.581957
5.28101725068 84.0084 0.587969
5.28730043599 84.3488 0.60967
5.2935836213 85.5482 0.636321
5.29986680661 85.8634 0.652306
5.30614999191 86.5459 0.666189
5.31243317722 87.4169 0.693295
5.31871636253 88.929 0.732083
5.32499954783 88.8285 0.732292
5.33128273314 90.3028 0.76964
5.33756591845 90.3082 0.800764
5.34384910376 91.1556 0.836367
5.35013228906 91.9022 0.82967
5.35641547437 93.2374 0.893567
5.36269865968 95.0224 0.952588
5.36898184498 95.7925 0.977302
5.37526503029 99.0007 0.999994
5.3815482156 98.1828 1.07111
5.38783140091 99.0765 1.15301
5.39411458621 98.7567 1.12554
5.40039777152 100.408 1.16334
5.40668095683 99.316 1.25296
5.41296414214 101.411 1.40681
5.41924732744 104.912 1.34995
5.42553051275 104.438 1.41236
5.43181369806 108.314 1.61754
5.43809688336 107.487 1.8128
5.44438006867 110.236 1.65953
5.45066325398 110.836 1.79884
5.45694643929 114.68 2.11452
5.46322962459 114.556 2.38359
5.4695128099 113.993 2.12961
5.47579599521 111.598 2.26072
5.48207918051 115.126 2.81655
5.48836236582 118.071 3.13023
5.49464555113 116.902 2.88958
5.50092873644 121.696 3.30819
5.50721192174 117.963 4.75039
5.51349510705 122.523 4.02259
5.51977829236 124.318 4.53567
5.52606147766 132.531 5.58588
5.53234466297 137.482 9.29742
5.53862784828 140.462 7.75273
5.54491103359 125.572 8.80963
5.55119421889 115.062 11.002
5.5574774042 103.393 19.2954
5.56376058951 138.468 27.5761
5.57004377481 92.7812 53.5761
