0.00942477796077 45117.1445312
0.0157079632679 47671.203125
0.0219911485751 42254.5234375
0.0282743338823 34975.484375
0.0345575191895 29222.8847656
0.0408407044967 22305.3144531
0.0471238898038 20110.1601562
0.053407075111 17303.640625
0.0596902604182 16708.8632812
0.0659734457254 14930.6806641
0.0722566310326 14136.4658203
0.0785398163397 12111.0205078
0.0848230016469 10475.546875
0.0911061869541 9149.34277344
0.0973893722613 8396.84667969
0.103672557568 7783.69775391
0.109955742876 7273.83691406
0.116238928183 6903.33105469
0.12252211349 6306.86328125
0.128805298797 6279.13720703
0.135088484104 5754.03613281
0.141371669412 5297.67871094
0.147654854719 5004.34619141
0.153938040026 4659.9375
0.160221225333 4412.21386719
0.16650441064 4024.15478516
0.172787595947 4005.26953125
0.179070781255 3822.80810547
0.185353966562 3637.88818359
0.191637151869 3527.77636719
0.197920337176 3343.99047852
0.204203522483 3148.60205078
0.210486707791 3068.26123047
0.216769893098 2941.00585938
0.223053078405 2818.72753906
0.229336263712 2729.66040039
0.235619449019 2666.72851562
0.241902634326 2627.48876953
0.248185819634 2504.29467773
0.254469004941 2430.25415039
0.260752190248 2339.5949707
0.267035375555 2258.07299805
0.273318560862 2244.62280273
0.279601746169 2162.17529297
0.285884931477 2090.82250977
0.292168116784 2027.38098145
0.298451302091 1987.4987793
0.304734487398 1959.5736084
0.311017672705 1897.11230469
0.317300858013 1841.47949219
0.32358404332 1791.31103516
0.329867228627 1727.51696777
0.336150413934 1734.74279785
0.342433599241 1681.16516113
0.348716784548 1663.98120117
0.354999969856 1645.98583984
0.361283155163 1588.0012207
0.36756634047 1545.41345215
0.373849525777 1540.36938477
0.380132711084 1518.58154297
0.386415896392 1482.921875
0.392699081699 1461.87597656
0.398982267006 1436.14782715
0.405265452313 1387.8671875
0.41154863762 1376.99987793
0.417831822927 1348.96411133
0.424115008235 1345.53625488
0.430398193542 1320.6973877
0.436681378849 1297.68884277
0.442964564156 1287.6887207
0.449247749463 1249.890625
0.455530934771 1235.9979248
0.461814120078 1228.42675781
0.468097305385 1222.14978027
0.474380490692 1201.78967285
0.480663675999 1184.09570312
0.486946861306 1171.13012695
0.493230046614 1151.14941406
0.499513231921 1137.22167969
0.505796417228 1127.25427246
0.512079602535 1111.06408691
0.518362787842 1107.33862305
0.524645973149 1087.25036621
0.530929158457 1074.25317383
0.537212343764 1066.73266602
0.543495529071 1045.72351074
0.549778714378 1045.06140137
0.556061899685 1035.69226074
0.562345084993 1024.11315918
0.5686282703 1009.79785156
0.574911455607 999.720214844
0.581194640914 988.54901123
0.587477826221 985.667724609
0.593761011528 967.663818359
0.600044196836 954.112548828
0.606327382143 952.34967041
0.61261056745 942.077453613
0.618893752757 936.980102539
0.625176938064 925.785705566
0.631460123372 932.486999512
0.637743308679 922.529663086
0.644026493986 912.121520996
0.650309679293 905.574768066
0.6565928646 893.389343262
0.662876049907 891.188110352
0.669159235215 886.834472656
0.675442420522 875.748657227
0.681725605829 867.636535645
0.688008791136 868.99005127
0.694291976443 858.045898438
0.700575161751 848.644592285
0.706858347058 844.344299316
0.713141532365 848.042907715
0.719424717672 824.965209961
0.725707902979 826.18548584
0.731991088286 820.561889648
0.738274273594 807.108398438
0.744557458901 812.641052246
0.750840644208 804.583740234
0.757123829515 797.049194336
0.763407014822 794.916381836
0.769690200129 790.587463379
0.775973385437 784.303283691
0.782256570744 780.565246582
0.788539756051 778.414428711
0.794822941358 773.139648438
0.801106126665 769.3046875
0.807389311973 764.631286621
0.81367249728 753.020019531
0.819955682587 754.478515625
0.826238867894 751.775634766
0.832522053201 747.294372559
0.838805238508 741.845153809
0.845088423816 736.53326416
0.851371609123 737.361877441
0.85765479443 730.767822266
0.863937979737 725.728820801
0.870221165044 722.763061523
0.876504350352 718.788696289
0.882787535659 713.544128418
0.889070720966 713.471801758
0.895353906273 709.154968262
0.90163709158 706.010620117
0.907920276887 701.166015625
0.914203462195 699.312255859
0.920486647502 699.096801758
0.926769832809 690.682067871
0.933053018116 687.295166016
0.939336203423 688.11138916
0.945619388731 680.574645996
0.951902574038 679.148071289
0.958185759345 679.387145996
0.964468944652 671.858276367
0.970752129959 673.51763916
0.977035315266 669.775817871
0.983318500574 663.137634277
0.989601685881 664.379516602
0.995884871188 662.278381348
1.0021680565 658.672973633
1.0084512418 653.295837402
1.01473442711 646.73046875
1.02101761242 650.074462891
1.02730079772 644.733886719
1.03358398303 645.242492676
1.03986716834 644.232543945
1.04615035365 639.148498535
1.05243353895 639.740539551
1.05871672426 632.639526367
1.06499990957 630.86920166
1.07128309487 627.069396973
1.07756628018 630.651916504
1.08384946549 626.178283691
1.0901326508 619.928833008
1.0964158361 618.856994629
1.10269902141 616.691833496
1.10898220672 617.045227051
1.11526539202 615.698059082
1.12154857733 612.025390625
1.12783176264 612.366210938
1.13411494795 609.367858887
1.14039813325 606.565795898
1.14668131856 603.334960938
1.15296450387 598.815246582
1.15924768917 597.525085449
1.16553087448 596.176818848
1.17181405979 594.135803223
1.1780972451 593.303466797
1.1843804304 592.467407227
1.19066361571 590.249450684
1.19694680102 586.521179199
1.20322998632 585.363830566
1.20951317163 582.2734375
1.21579635694 584.878662109
1.22207954225 579.816223145
1.22836272755 578.368896484
1.23464591286 574.131652832
1.24092909817 576.599914551
1.24721228348 573.198669434
1.25349546878 573.863525391
1.25977865409 568.757568359
1.2660618394 568.138000488
1.2723450247 566.369934082
1.27862821001 567.003723145
1.28491139532 561.190551758
1.29119458063 563.700561523
1.29747776593 560.024230957
1.30376095124 560.593811035
1.31004413655 556.318481445
1.31632732185 553.137207031
1.32261050716 553.022766113
1.32889369247 553.546691895
1.33517687778 552.278808594
1.34146006308 552.034301758
1.34774324839 548.744567871
1.3540264337 546.388549805
1.360309619 545.299926758
1.36659280431 546.463623047
1.37287598962 541.608703613
1.37915917493 542.348205566
1.38544236023 540.183166504
1.39172554554 537.140808105
1.39800873085 534.875
1.40429191615 535.21685791
1.41057510146 532.093139648
1.41685828677 532.147521973
1.42314147208 530.852416992
1.42942465738 529.421630859
1.43570784269 531.119995117
1.441991028 528.09185791
1.4482742133 526.111633301
1.45455739861 524.6796875
1.46084058392 525.195922852
1.46712376923 522.72869873
1.47340695453 520.051208496
1.47969013984 519.110656738
1.48597332515 518.826965332
1.49225651046 514.137390137
1.49853969576 515.330993652
1.50482288107 515.713256836
1.51110606638 513.480957031
1.51738925168 512.792663574
1.52367243699 509.657592773
1.5299556223 507.067169189
1.53623880761 507.578521729
1.54252199291 506.963439941
1.54880517822 506.960693359
1.55508836353 504.351806641
1.56137154883 502.485351562
1.56765473414 502.295349121
1.57393791945 502.647979736
1.58022110476 497.549407959
1.58650429006 498.853179932
1.59278747537 497.731658936
1.59907066068 496.615478516
1.60535384598 495.771362305
1.61163703129 494.957702637
1.6179202166 492.816650391
1.62420340191 491.5652771
1.63048658721 491.888885498
1.63676977252 488.754211426
1.64305295783 486.583526611
1.64933614313 487.278717041
1.65561932844 486.420562744
1.66190251375 483.523712158
1.66818569906 486.355072021
1.67446888436 480.489349365
1.68075206967 483.0234375
1.68703525498 481.967224121
1.69331844028 479.893859863
1.69960162559 480.453521729
1.7058848109 477.037414551
1.71216799621 477.053222656
1.71845118151 476.133758545
1.72473436682 476.643798828
1.73101755213 472.538421631
1.73730073744 473.73449707
1.74358392274 473.61807251
1.74986710805 471.255645752
1.75615029336 470.658966064
1.76243347866 469.406219482
1.76871666397 468.86907959
1.77499984928 466.459411621
1.78128303459 467.364135742
1.78756621989 465.276000977
1.7938494052 463.69317627
1.80013259051 462.903656006
1.80641577581 462.326538086
1.81269896112 460.880401611
1.81898214643 460.349060059
1.82526533174 459.799560547
1.83154851704 457.48046875
1.83783170235 458.219238281
1.84411488766 457.940795898
1.85039807296 456.801940918
1.85668125827 454.873718262
1.86296444358 454.725341797
1.86924762889 452.201049805
1.87553081419 451.166442871
1.8818139995 452.295806885
1.88809718481 450.041809082
1.89438037011 448.913696289
1.90066355542 448.891204834
1.90694674073 448.752410889
1.91322992604 447.415740967
1.91951311134 445.98727417
1.92579629665 445.6277771
1.93207948196 444.181030273
1.93836266726 442.375
1.94464585257 443.044036865
1.95092903788 441.737854004
1.95721222319 441.965911865
1.96349540849 439.848876953
1.9697785938 438.751495361
1.97606177911 440.014923096
1.98234496442 436.430084229
1.98862814972 435.31451416
1.99491133503 435.76751709
2.00119452034 434.903167725
2.00747770564 432.838439941
2.01376089095 433.282867432
2.02004407626 432.152709961
2.02632726157 431.080780029
2.03261044687 430.736175537
2.03889363218 430.980407715
2.04517681749 429.775512695
2.05146000279 428.493438721
2.0577431881 426.948516846
2.06402637341 426.822570801
2.07030955872 425.815612793
2.07659274402 425.50378418
2.08287592933 424.973999023
2.08915911464 422.636474609
2.09544229994 423.025360107
2.10172548525 422.091552734
2.10800867056 422.242370605
2.11429185587 420.893127441
2.12057504117 420.054138184
2.12685822648 419.653930664
2.13314141179 419.741088867
2.13942459709 418.10546875
2.1457077824 416.344970703
2.15199096771 417.05947876
2.15827415302 416.234313965
2.16455733832 414.416992188
2.17084052363 414.148254395
2.17712370894 414.508880615
2.18340689424 413.41796875
2.18969007955 412.657562256
2.19597326486 411.56817627
2.20225645017 410.965362549
2.20853963547 410.966125488
2.21482282078 409.035491943
2.22110600609 408.323028564
2.2273891914 409.121154785
2.2336723767 407.999420166
2.23995556201 406.077545166
2.24623874732 406.865203857
2.25252193262 404.71585083
2.25880511793 405.182678223
2.26508830324 404.133331299
2.27137148855 402.978546143
2.27765467385 403.131347656
2.28393785916 402.450164795
2.29022104447 401.468048096
2.29650422977 401.011169434
2.30278741508 399.833648682
2.30907060039 400.207946777
2.3153537857 398.865936279
2.321636971 397.91885376
2.32792015631 398.448547363
2.33420334162 397.661560059
2.34048652692 394.711975098
2.34676971223 395.484161377
2.35305289754 395.200927734
2.35933608285 395.213195801
2.36561926815 392.860168457
2.37190245346 392.748565674
2.37818563877 392.701446533
2.38446882407 391.958526611
2.39075200938 391.086578369
2.39703519469 390.781890869
2.40331838 390.075592041
2.4096015653 389.38659668
2.41588475061 388.718353271
2.42216793592 387.381866455
2.42845112122 388.00378418
2.43473430653 387.559173584
2.44101749184 386.854827881
2.44730067715 386.719512939
2.45358386245 386.224914551
2.45986704776 385.35723877
2.46615023307 385.320831299
2.47243341838 383.433105469
2.47871660368 383.513977051
2.48499978899 382.296173096
2.4912829743 382.652709961
2.4975661596 382.365966797
2.50384934491 382.593048096
2.51013253022 379.933959961
2.51641571553 380.995147705
2.52269890083 380.824951172
2.52898208614 380.39163208
2.53526527145 379.222473145
2.54154845675 379.351959229
2.54783164206 379.051269531
2.55411482737 377.637420654
2.56039801268 376.924346924
2.56668119798 377.304260254
2.57296438329 377.147613525
2.5792475686 377.095703125
2.5855307539 376.714599609
2.59181393921 375.067871094
2.59809712452 374.712524414
2.60438030983 374.577514648
2.61066349513 374.863250732
2.61694668044 373.759490967
2.62322986575 373.463317871
2.62951305105 372.62979126
2.63579623636 372.754638672
2.64207942167 372.014434814
2.64836260698 372.904632568
2.65464579228 370.84463501
2.66092897759 371.719970703
2.6672121629 371.320617676
2.6734953482 371.149414062
2.67977853351 370.321746826
2.68606171882 369.493591309
2.69234490413 370.85925293
2.69862808943 368.621704102
2.70491127474 369.083190918
2.71119446005 368.820068359
2.71747764536 367.66784668
2.72376083066 368.558929443
2.73004401597 368.717437744
2.73632720128 367.419250488
2.74261038658 368.005523682
2.74889357189 367.690795898
2.7551767572 367.400665283
2.76145994251 366.808074951
2.76774312781 366.89453125
2.77402631312 366.612365723
2.78030949843 365.597412109
2.78659268373 366.801177979
2.79287586904 366.447174072
2.79915905435 366.075042725
2.80544223966 366.048522949
2.81172542496 364.866241455
2.81800861027 365.90814209
2.82429179558 366.2109375
2.83057498088 365.869476318
2.83685816619 365.009399414
2.8431413515 365.451446533
2.84942453681 365.436340332
2.85570772211 364.345489502
2.86199090742 364.904724121
2.86827409273 364.855133057
2.87455727803 365.06161499
2.88084046334 364.936004639
2.88712364865 363.942993164
2.89340683396 364.492767334
2.89969001926 364.438293457
2.90597320457 364.591430664
2.91225638988 364.969207764
2.91853957518 365.561462402
2.92482276049 364.942199707
2.9311059458 365.363708496
2.93738913111 364.98727417
2.94367231641 364.476745605
2.94995550172 364.338989258
2.95623868703 365.111877441
2.96252187234 365.154602051
2.96880505764 366.346099854
2.97508824295 365.075958252
2.98137142826 365.899505615
2.98765461356 366.025787354
2.99393779887 366.44708252
3.00022098418 365.964813232
3.00650416949 367.033355713
3.01278735479 367.233947754
3.0190705401 367.541290283
3.02535372541 366.376190186
3.03163691071 367.415039062
3.03792009602 367.765899658
3.04420328133 368.631958008
3.05048646664 369.329315186
3.05676965194 368.52532959
3.06305283725 369.320037842
3.06933602256 369.613708496
3.07561920786 370.539520264
3.08190239317 370.570556641
3.08818557848 370.263549805
3.09446876379 371.981231689
3.10075194909 371.269226074
3.1070351344 373.718261719
3.11331831971 373.082702637
3.11960150501 373.391265869
3.12588469032 373.719421387
3.13216787563 373.420684814
3.13845106094 375.52444458
3.14473424624 375.716644287
3.15101743155 375.492126465
3.15730061686 377.1144104
3.16358380216 377.686065674
3.16986698747 378.177490234
3.17615017278 378.506500244
3.18243335809 379.996520996
3.18871654339 379.506744385
3.1949997287 381.013458252
3.20128291401 381.577819824
3.20756609932 382.394439697
3.21384928462 383.434417725
3.22013246993 383.765625
3.22641565524 384.144287109
3.23269884054 382.587097168
3.23898202585 381.729492188
3.24526521116 381.251525879
3.25154839647 381.34866333
3.25783158177 381.942840576
3.26411476708 381.397186279
3.27039795239 381.316986084
3.27668113769 380.347808838
3.282964323 380.174194336
3.28924750831 379.684143066
3.29553069362 380.341674805
3.30181387892 379.751831055
3.30809706423 378.410858154
3.31438024954 379.101989746
3.32066343484 378.369506836
3.32694662015 378.00982666
3.33322980546 377.938079834
3.33951299077 378.250640869
3.34579617607 377.816345215
3.35207936138 376.435272217
3.35836254669 376.774963379
3.36464573199 376.125366211
3.3709289173 376.119842529
3.37721210261 375.758544922
3.38349528792 375.490905762
3.38977847322 375.505401611
3.39606165853 375.742553711
3.40234484384 374.482330322
3.40862802914 374.499420166
3.41491121445 374.543945312
3.42119439976 374.698547363
3.42747758507 373.444213867
3.43376077037 374.22177124
3.44004395568 373.230438232
3.44632714099 373.524230957
3.4526103263 373.074951172
3.4588935116 373.648132324
3.46517669691 372.820953369
3.47145988222 371.888671875
3.47774306752 372.806213379
3.48402625283 372.019805908
3.49030943814 372.793945312
3.49659262345 372.524230957
3.50287580875 371.695465088
3.50915899406 371.407714844
3.51544217937 371.475769043
3.52172536467 370.591430664
3.52800854998 370.733062744
3.53429173529 370.902435303
3.5405749206 371.03994751
3.5468581059 370.987091064
3.55314129121 370.765136719
3.55942447652 370.348907471
3.56570766182 370.863647461
3.57199084713 370.298278809
3.57827403244 369.796203613
3.58455721775 370.052856445
3.59084040305 369.648590088
3.59712358836 370.449645996
3.60340677367 369.908203125
3.60968995897 369.813232422
3.61597314428 368.997894287
3.62225632959 369.515655518
3.6285395149 370.955718994
3.6348227002 369.378509521
3.64110588551 370.211853027
3.64738907082 369.095825195
3.65367225612 368.854003906
3.65995544143 368.347991943
3.66623862674 369.796813965
3.67252181205 370.136474609
3.67880499735 369.835784912
3.68508818266 370.152618408
3.69137136797 369.555969238
3.69765455328 368.867034912
3.70393773858 369.81060791
3.71022092389 369.806274414
3.7165041092 369.317901611
3.7227872945 370.178405762
3.72907047981 369.917144775
3.73535366512 369.66116333
3.74163685043 369.272827148
3.74792003573 370.452972412
3.75420322104 370.551361084
3.76048640635 369.982055664
3.76676959165 370.341522217
3.77305277696 369.653533936
3.77933596227 370.340118408
3.78561914758 370.525665283
3.79190233288 370.327880859
3.79818551819 371.004089355
3.8044687035 371.520111084
3.8107518888 371.74319458
3.81703507411 371.694824219
3.82331825942 371.483917236
3.82960144473 372.245758057
3.83588463003 372.801452637
3.84216781534 372.427703857
3.84845100065 373.298034668
3.85473418595 372.610290527
3.86101737126 373.381011963
3.86730055657 372.557342529
3.87358374188 373.547943115
3.87986692718 373.814147949
3.88615011249 374.216125488
3.8924332978 374.740936279
3.8987164831 375.02130127
3.90499966841 375.011322021
3.91128285372 375.466064453
3.91756603903 376.31237793
3.92384922433 375.808135986
3.93013240964 377.098571777
3.93641559495 376.971221924
3.94269878026 377.384185791
3.94898196556 378.38571167
3.95526515087 378.088348389
3.96154833618 378.895385742
3.96783152148 379.187164307
3.97411470679 379.37890625
3.9803978921 381.117675781
3.98668107741 379.815307617
3.99296426271 381.191131592
3.99924744802 380.712615967
4.00553063333 382.386871338
4.01181381863 382.614715576
4.01809700394 382.070343018
4.02438018925 382.373901367
4.03066337456 384.130187988
4.03694655986 385.087158203
4.04322974517 383.704559326
4.04951293048 385.316589355
4.05579611578 386.803894043
4.06207930109 386.970001221
4.0683624864 387.288391113
4.07464567171 388.563415527
4.08092885701 388.912475586
4.08721204232 389.932739258
4.09349522763 391.028961182
4.09977841293 391.364349365
4.10606159824 392.013092041
4.11234478355 392.609008789
4.11862796886 393.367279053
4.12491115416 393.488647461
4.13119433947 393.89755249
4.13747752478 395.449920654
4.14376071008 397.393035889
4.15004389539 396.523925781
4.1563270807 398.183380127
4.16261026601 398.395477295
4.16889345131 399.197357178
4.17517663662 400.1690979
4.18145982193 401.982299805
4.18774300724 402.76852417
4.19402619254 402.933898926
4.20030937785 403.488128662
4.20659256316 405.492797852
4.21287574846 405.957550049
4.21915893377 407.677032471
4.22544211908 407.796875
4.23172530439 410.051452637
4.23800848969 409.806182861
4.244291675 410.503875732
4.25057486031 413.654327393
4.25685804561 412.71395874
4.26314123092 414.699249268
4.26942441623 417.096923828
4.27570760154 416.188720703
4.28199078684 418.926208496
4.28827397215 418.078125
4.29455715746 419.090393066
4.30084034276 420.997161865
4.30712352807 421.835357666
4.31340671338 424.126708984
4.31968989869 422.467956543
4.32597308399 426.48348999
4.3322562693 427.25378418
4.33853945461 428.1875
4.34482263991 428.527435303
4.35110582522 429.93536377
4.35738901053 430.572296143
4.36367219584 430.260375977
4.36995538114 433.279144287
4.37623856645 433.751556396
4.38252175176 434.896575928
4.38880493706 437.124755859
4.39508812237 437.199523926
4.40137130768 439.325439453
4.40765449299 439.66204834
4.41393767829 440.656555176
4.4202208636 442.457427979
4.42650404891 440.991271973
4.43278723422 444.42791748
4.43907041952 445.482086182
4.44535360483 446.941558838
4.45163679014 447.386352539
4.45791997544 447.118835449
4.46420316075 449.334289551
4.47048634606 446.861541748
4.47676953137 451.580474854
4.48305271667 450.751739502
4.48933590198 451.07925415
4.49561908729 452.096710205
4.50190227259 449.636535645
4.5081854579 452.318145752
4.51446864321 451.467712402
4.52075182852 450.575134277
4.52703501382 449.830383301
4.53331819913 450.545593262
4.53960138444 448.115753174
4.54588456974 448.172363281
4.55216775505 448.918457031
4.55845094036 450.092926025
4.56473412567 447.091369629
4.57101731097 446.605804443
4.57730049628 446.961517334
4.58358368159 447.338226318
4.58986686689 449.750671387
4.5961500522 447.552307129
4.60243323751 449.694671631
4.60871642282 449.717834473
4.61499960812 449.316497803
4.62128279343 449.783630371
4.62756597874 450.57635498
4.63384916404 449.394989014
4.64013234935 451.816711426
4.64641553466 448.672485352
4.65269871997 451.345672607
4.65898190527 452.869750977
4.66526509058 451.20916748
4.67154827589 455.364532471
4.6778314612 451.401611328
4.6841146465 455.495117188
4.69039783181 455.950012207
4.69668101712 455.186706543
4.70296420242 452.713806152
4.70924738773 457.41027832
4.71553057304 459.839263916
4.72181375835 459.375457764
4.72809694365 462.264282227
4.73438012896 460.497131348
4.74066331427 462.976959229
4.74694649957 469.0284729
4.75322968488 466.655548096
4.75951287019 464.235534668
4.7657960555 466.869934082
4.7720792408 468.829925537
4.77836242611 468.928131104
4.78464561142 465.349884033
4.79092879672 470.577728271
4.79721198203 471.999389648
4.80349516734 474.417266846
4.80977835265 473.404296875
4.81606153795 479.871582031
4.82234472326 480.9765625
4.82862790857 479.38873291
4.83491109387 482.594268799
4.84119427918 482.833526611
4.84747746449 480.887756348
4.8537606498 484.235717773
4.8600438351 490.716949463
4.86632702041 485.734222412
4.87261020572 489.870330811
4.87889339102 491.427276611
4.88517657633 493.40423584
4.89145976164 494.256866455
4.89774294695 495.740905762
4.90402613225 498.493530273
4.91030931756 506.531585693
4.91659250287 504.932769775
4.92287568818 504.958343506
4.92915887348 505.16217041
4.93544205879 506.961730957
4.9417252441 515.647033691
4.9480084294 512.947875977
4.95429161471 516.565612793
4.96057480002 517.53314209
4.96685798533 520.011962891
4.97314117063 525.460388184
4.97942435594 517.769958496
4.98570754125 523.22869873
4.99199072655 529.836730957
4.99827391186 533.720336914
5.00455709717 538.579589844
5.01084028248 536.336425781
5.01712346778 543.629333496
5.02340665309 541.849365234
5.0296898384 548.057434082
5.0359730237 551.537414551
5.04225620901 546.91796875
5.04853939432 549.942871094
5.05482257963 558.643371582
5.06110576493 561.779785156
5.06738895024 560.10345459
5.07367213555 564.84564209
5.07995532085 567.501831055
5.08623850616 575.204772949
5.09252169147 573.954345703
5.09880487678 588.124328613
5.10508806208 580.263122559
5.11137124739 582.623352051
5.1176544327 592.92956543
5.123937618 587.655822754
5.13022080331 597.426757812
5.13650398862 591.142883301
5.14278717393 598.844116211
5.14907035923 608.896606445
5.15535354454 608.552734375
5.16163672985 618.104064941
5.16791991516 615.995910645
5.17420310046 638.456054688
5.18048628577 627.329223633
5.18676947108 628.607849121
5.19305265638 639.855651855
5.19933584169 628.684631348
5.205619027 652.70098877
5.21190221231 656.736022949
5.21818539761 662.462158203
5.22446858292 674.164672852
5.23075176823 665.938598633
5.23703495353 681.340759277
5.24331813884 687.220153809
5.24960132415 689.590820312
5.25588450946 694.69744873
5.26216769476 695.523010254
5.26845088007 720.092346191
5.27473406538 707.30847168
5.28101725068 727.075256348
5.28730043599 721.222839355
5.2935836213 723.248291016
5.29986680661 750.528564453
5.30614999191 729.107543945
5.31243317722 746.845397949
5.31871636253 751.833007812
5.32499954783 756.045227051
5.33128273314 795.41583252
5.33756591845 800.848571777
5.34384910376 777.177001953
5.35013228906 779.325744629
5.35641547437 778.069152832
5.36269865968 812.029296875
5.36898184498 817.695983887
5.37526503029 809.483764648
5.3815482156 851.148376465
5.38783140091 876.07598877
5.39411458621 852.094909668
5.40039777152 875.711181641
5.40668095683 871.420654297
5.41296414214 901.172485352
5.41924732744 903.13067627
5.42553051275 928.767272949
5.43181369806 934.13293457
5.43809688336 940.737976074
5.44438006867 919.178161621
5.45066325398 929.289367676
5.45694643929 975.996032715
5.46322962459 915.639160156
5.4695128099 956.593994141
5.47579599521 943.944946289
5.48207918051 1003.07531738
5.48836236582 1025.11779785
5.49464555113 979.854125977
5.50092873644 984.986877441
5.50721192174 1101.32409668
5.51349510705 974.356567383
5.51977829236 1056.20996094
5.52606147766 1169.18261719
5.53234466297 1156.26879883
5.53862784828 1012.43939209
5.54491103359 1050.80053711
5.55119421889 1176.98376465
5.5574774042 686.822631836
5.56376058951 1147.57214355
5.57004377481 3273.39379883
