0.00942477796077 41930.1289062
0.0157079632679 43763.40625
0.0219911485751 38509.8554688
0.0282743338823 33381.5546875
0.0345575191895 26985.3242188
0.0408407044967 19601.3476562
0.0471238898038 18713.984375
0.053407075111 15754.8271484
0.0596902604182 15276.7207031
0.0659734457254 13968.5292969
0.0722566310326 12947.4658203
0.0785398163397 11300.1289062
0.0848230016469 9534.43652344
0.0911061869541 8306.06542969
0.0973893722613 7835.64794922
0.103672557568 7158.48291016
0.109955742876 6762.12255859
0.116238928183 6377.85888672
0.12252211349 5808.47949219
0.128805298797 5745.70800781
0.135088484104 5230.89941406
0.141371669412 4841.97998047
0.147654854719 4561.35107422
0.153938040026 4297.36230469
0.160221225333 3969.98168945
0.16650441064 3775.35400391
0.172787595947 3656.12109375
0.179070781255 3545.55395508
0.185353966562 3345.51293945
0.191637151869 3268.23486328
0.197920337176 3073.98388672
0.204203522483 2900.78491211
0.210486707791 2820.61352539
0.216769893098 2704.74511719
0.223053078405 2546.05981445
0.229336263712 2481.65649414
0.235619449019 2466.52172852
0.241902634326 2396.88110352
0.248185819634 2282.39038086
0.254469004941 2236.68041992
0.260752190248 2134.59960938
0.267035375555 2087.50537109
0.273318560862 2040.95593262
0.279601746169 1958.73730469
0.285884931477 1881.51574707
0.292168116784 1830.03686523
0.298451302091 1804.96740723
0.304734487398 1778.70202637
0.311017672705 1710.43859863
0.317300858013 1689.88439941
0.32358404332 1629.66442871
0.329867228627 1601.64794922
0.336150413934 1582.66601562
0.342433599241 1534.08752441
0.348716784548 1501.79064941
0.354999969856 1482.35583496
0.361283155163 1439.53259277
0.36756634047 1394.10864258
0.373849525777 1397.0847168
0.380132711084 1368.98706055
0.386415896392 1348.0513916
0.392699081699 1322.6776123
0.398982267006 1302.63659668
0.405265452313 1264.3302002
0.41154863762 1250.74926758
0.417831822927 1205.7265625
0.424115008235 1223.17773438
0.430398193542 1196.07580566
0.436681378849 1169.55114746
0.442964564156 1155.73693848
0.449247749463 1124.04223633
0.455530934771 1115.75549316
0.461814120078 1100.20202637
0.468097305385 1091.72253418
0.474380490692 1088.4777832
0.480663675999 1071.35534668
0.486946861306 1051.45068359
0.493230046614 1028.12683105
0.499513231921 1028.9744873
0.505796417228 1009.26092529
0.512079602535 998.357666016
0.518362787842 987.189208984
0.524645973149 977.19342041
0.530929158457 961.732421875
0.537212343764 953.546569824
0.543495529071 941.485900879
0.549778714378 924.64666748
0.556061899685 921.878051758
0.562345084993 921.175537109
0.5686282703 905.419494629
0.574911455607 890.434692383
0.581194640914 881.827575684
0.587477826221 873.560852051
0.593761011528 866.954956055
0.600044196836 853.280944824
0.606327382143 852.391601562
0.61261056745 845.18371582
0.618893752757 842.305358887
0.625176938064 824.028503418
0.631460123372 825.987182617
0.637743308679 817.043701172
0.644026493986 807.795715332
0.650309679293 801.672851562
0.6565928646 801.138671875
0.662876049907 795.686889648
0.669159235215 784.002868652
0.675442420522 771.294494629
0.681725605829 766.657226562
0.688008791136 764.729980469
0.694291976443 760.263183594
0.700575161751 756.789672852
0.706858347058 746.003112793
0.713141532365 746.33581543
0.719424717672 738.154968262
0.725707902979 726.236206055
0.731991088286 729.57824707
0.738274273594 715.199035645
0.744557458901 720.492492676
0.750840644208 708.816040039
0.757123829515 708.340026855
0.763407014822 701.516967773
0.769690200129 701.400512695
0.775973385437 695.299194336
0.782256570744 687.972839355
0.788539756051 689.006347656
0.794822941358 685.117980957
0.801106126665 674.594665527
0.807389311973 673.61920166
0.81367249728 666.231506348
0.819955682587 663.743530273
0.826238867894 665.746032715
0.832522053201 655.97857666
0.838805238508 655.635681152
0.845088423816 648.508117676
0.851371609123 650.091491699
0.85765479443 644.053894043
0.863937979737 636.524597168
0.870221165044 638.332946777
0.876504350352 629.592651367
0.882787535659 634.312072754
0.889070720966 628.7421875
0.895353906273 622.72076416
0.90163709158 619.413024902
0.907920276887 614.815612793
0.914203462195 617.364501953
0.920486647502 612.125732422
0.926769832809 610.744018555
0.933053018116 607.344604492
0.939336203423 603.278381348
0.945619388731 597.813903809
0.951902574038 596.575317383
0.958185759345 599.230773926
0.964468944652 592.194641113
0.970752129959 589.016967773
0.977035315266 588.652404785
0.983318500574 585.284240723
0.989601685881 583.815246582
0.995884871188 581.567260742
1.0021680565 578.895690918
1.0084512418 576.240844727
1.01473442711 568.897583008
1.02101761242 571.977844238
1.02730079772 566.908447266
1.03358398303 562.080078125
1.03986716834 566.50567627
1.04615035365 558.164428711
1.05243353895 560.904724121
1.05871672426 554.606567383
1.06499990957 556.01361084
1.07128309487 552.737915039
1.07756628018 551.773681641
1.08384946549 550.297973633
1.0901326508 549.797424316
1.0964158361 542.396118164
1.10269902141 544.002319336
1.10898220672 542.207458496
1.11526539202 539.814086914
1.12154857733 535.248596191
1.12783176264 534.493347168
1.13411494795 536.028625488
1.14039813325 534.549499512
1.14668131856 526.642456055
1.15296450387 526.381774902
1.15924768917 524.322631836
1.16553087448 521.385375977
1.17181405979 520.353942871
1.1780972451 522.46887207
1.1843804304 518.526367188
1.19066361571 515.440063477
1.19694680102 514.110107422
1.20322998632 514.698547363
1.20951317163 514.477478027
1.21579635694 508.421905518
1.22207954225 509.908935547
1.22836272755 508.073760986
1.23464591286 504.477325439
1.24092909817 504.113708496
1.24721228348 504.436523438
1.25349546878 499.73727417
1.25977865409 499.881713867
1.2660618394 497.903778076
1.2723450247 495.937744141
1.27862821001 495.582244873
1.28491139532 494.951690674
1.29119458063 492.881774902
1.29747776593 490.672271729
1.30376095124 488.755126953
1.31004413655 487.492126465
1.31632732185 488.112335205
1.32261050716 482.935272217
1.32889369247 481.652832031
1.33517687778 481.996887207
1.34146006308 479.948944092
1.34774324839 478.866973877
1.3540264337 479.124359131
1.360309619 478.008087158
1.36659280431 478.454864502
1.37287598962 473.292999268
1.37915917493 473.231140137
1.38544236023 470.595703125
1.39172554554 469.376312256
1.39800873085 468.464141846
1.40429191615 467.28527832
1.41057510146 463.280426025
1.41685828677 465.743041992
1.42314147208 462.967132568
1.42942465738 463.035430908
1.43570784269 460.785186768
1.441991028 462.628509521
1.4482742133 459.264160156
1.45455739861 457.124694824
1.46084058392 457.541107178
1.46712376923 456.531921387
1.47340695453 454.272338867
1.47969013984 452.389556885
1.48597332515 453.534210205
1.49225651046 451.912750244
1.49853969576 450.708435059
1.50482288107 447.828033447
1.51110606638 447.190032959
1.51738925168 447.129180908
1.52367243699 446.153533936
1.5299556223 444.741821289
1.53623880761 442.538726807
1.54252199291 443.189453125
1.54880517822 440.194854736
1.55508836353 440.805786133
1.56137154883 439.659301758
1.56765473414 438.014251709
1.57393791945 437.408813477
1.58022110476 435.291900635
1.58650429006 434.673980713
1.59278747537 434.737121582
1.59907066068 432.857696533
1.60535384598 432.052032471
1.61163703129 430.519744873
1.6179202166 431.503631592
1.62420340191 427.19934082
1.63048658721 429.007843018
1.63676977252 427.079711914
1.64305295783 426.587463379
1.64933614313 425.251678467
1.65561932844 424.489501953
1.66190251375 424.756072998
1.66818569906 423.921264648
1.67446888436 422.399627686
1.68075206967 420.836181641
1.68703525498 420.696990967
1.69331844028 419.158752441
1.69960162559 417.653442383
1.7058848109 417.770355225
1.71216799621 417.446044922
1.71845118151 416.243713379
1.72473436682 415.782714844
1.73101755213 413.072387695
1.73730073744 414.342346191
1.74358392274 410.940063477
1.74986710805 411.538635254
1.75615029336 411.356872559
1.76243347866 409.161346436
1.76871666397 409.946166992
1.77499984928 407.140594482
1.78128303459 407.290405273
1.78756621989 407.614990234
1.7938494052 405.255065918
1.80013259051 403.90335083
1.80641577581 403.613464355
1.81269896112 403.935272217
1.81898214643 403.327362061
1.82526533174 401.396514893
1.83154851704 400.337158203
1.83783170235 401.108337402
1.84411488766 398.071624756
1.85039807296 398.25692749
1.85668125827 398.247406006
1.86296444358 396.636535645
1.86924762889 396.473876953
1.87553081419 395.99621582
1.8818139995 396.777191162
1.88809718481 394.165771484
1.89438037011 394.440490723
1.90066355542 393.149139404
1.90694674073 392.185943604
1.91322992604 391.955871582
1.91951311134 391.682128906
1.92579629665 390.511688232
1.93207948196 389.277679443
1.93836266726 389.547790527
1.94464585257 388.60534668
1.95092903788 387.962371826
1.95721222319 386.700592041
1.96349540849 384.156188965
1.9697785938 385.060028076
1.97606177911 383.757354736
1.98234496442 384.364624023
1.98862814972 384.259857178
1.99491133503 382.219085693
2.00119452034 382.480255127
2.00747770564 381.631835938
2.01376089095 382.25378418
2.02004407626 379.410614014
2.02632726157 378.418182373
2.03261044687 378.370025635
2.03889363218 377.376098633
2.04517681749 375.505279541
2.05146000279 375.341888428
2.0577431881 376.583190918
2.06402637341 375.38369751
2.07030955872 374.446289062
2.07659274402 373.356201172
2.08287592933 373.407073975
2.08915911464 371.390563965
2.09544229994 372.27633667
2.10172548525 371.659423828
2.10800867056 371.032318115
2.11429185587 368.396972656
2.12057504117 368.405609131
2.12685822648 369.28817749
2.13314141179 368.235473633
2.13942459709 366.917633057
2.1457077824 366.951904297
2.15199096771 366.316955566
2.15827415302 366.418670654
2.16455733832 364.402069092
2.17084052363 364.341339111
2.17712370894 364.491271973
2.18340689424 363.514587402
2.18969007955 363.561523438
2.19597326486 362.68737793
2.20225645017 360.838195801
2.20853963547 361.864532471
2.21482282078 360.939025879
2.22110600609 360.41116333
2.2273891914 358.978820801
2.2336723767 358.13494873
2.23995556201 358.272857666
2.24623874732 357.452941895
2.25252193262 358.858947754
2.25880511793 356.749145508
2.26508830324 357.21182251
2.27137148855 356.010437012
2.27765467385 355.906707764
2.28393785916 355.324249268
2.29022104447 354.376037598
2.29650422977 353.736022949
2.30278741508 353.98425293
2.30907060039 353.005767822
2.3153537857 353.327728271
2.321636971 351.338562012
2.32792015631 350.735931396
2.33420334162 350.540985107
2.34048652692 350.465667725
2.34676971223 349.02923584
2.35305289754 349.672637939
2.35933608285 348.336364746
2.36561926815 347.125305176
2.37190245346 347.788787842
2.37818563877 347.278167725
2.38446882407 346.419525146
2.39075200938 346.334228516
2.39703519469 346.384368896
2.40331838 346.644836426
2.4096015653 344.921112061
2.41588475061 345.258300781
2.42216793592 344.054901123
2.42845112122 344.411376953
2.43473430653 343.232818604
2.44101749184 343.13293457
2.44730067715 342.166656494
2.45358386245 340.763092041
2.45986704776 342.75
2.46615023307 341.894683838
2.47243341838 339.322357178
2.47871660368 340.322387695
2.48499978899 341.064666748
2.4912829743 339.140075684
2.4975661596 340.798614502
2.50384934491 338.714599609
2.51013253022 337.800750732
2.51641571553 338.621459961
2.52269890083 337.751617432
2.52898208614 337.211914062
2.53526527145 337.779815674
2.54154845675 336.729980469
2.54783164206 336.357147217
2.55411482737 335.822021484
2.56039801268 335.107086182
2.56668119798 334.959869385
2.57296438329 333.896881104
2.5792475686 335.697387695
2.5855307539 333.933654785
2.59181393921 334.781433105
2.59809712452 334.266265869
2.60438030983 333.753631592
2.61066349513 332.66583252
2.61694668044 332.894378662
2.62322986575 332.723327637
2.62951305105 331.587127686
2.63579623636 332.45602417
2.64207942167 331.45715332
2.64836260698 330.991119385
2.65464579228 331.449066162
2.66092897759 331.391967773
2.6672121629 330.479644775
2.6734953482 330.526611328
2.67977853351 330.64553833
2.68606171882 330.279602051
2.69234490413 329.475585938
2.69862808943 329.475799561
2.70491127474 329.974731445
2.71119446005 329.45098877
2.71747764536 329.134521484
2.72376083066 328.718566895
2.73004401597 328.417358398
2.73632720128 328.062744141
2.74261038658 327.887023926
2.74889357189 327.953155518
2.7551767572 328.289733887
2.76145994251 327.451019287
2.76774312781 327.491577148
2.77402631312 326.915405273
2.78030949843 327.698150635
2.78659268373 327.721099854
2.79287586904 327.509429932
2.79915905435 326.919403076
2.80544223966 327.111724854
2.81172542496 326.732818604
2.81800861027 325.974365234
2.82429179558 326.283721924
2.83057498088 327.083984375
2.83685816619 326.120391846
2.8431413515 326.421783447
2.84942453681 325.808837891
2.85570772211 325.816802979
2.86199090742 326.875061035
2.86827409273 326.878723145
2.87455727803 326.387542725
2.88084046334 326.864929199
2.88712364865 327.067047119
2.89340683396 326.844604492
2.89969001926 327.266601562
2.90597320457 326.815612793
2.91225638988 326.300262451
2.91853957518 327.720458984
2.92482276049 326.277923584
2.9311059458 326.118530273
2.93738913111 327.746643066
2.94367231641 327.41494751
2.94995550172 327.992431641
2.95623868703 327.622802734
2.96252187234 328.010559082
2.96880505764 327.416442871
2.97508824295 327.980316162
2.98137142826 326.938873291
2.98765461356 328.335174561
2.99393779887 328.24130249
3.00022098418 329.251525879
3.00650416949 328.881469727
3.01278735479 329.786193848
3.0190705401 329.887695312
3.02535372541 330.218353271
3.03163691071 331.488708496
3.03792009602 330.292114258
3.04420328133 330.81149292
3.05048646664 331.545562744
3.05676965194 331.427215576
3.06305283725 331.771850586
3.06933602256 331.658905029
3.07561920786 332.90423584
3.08190239317 333.30279541
3.08818557848 333.501434326
3.09446876379 333.341369629
3.10075194909 334.484191895
3.1070351344 334.638458252
3.11331831971 335.868743896
3.11960150501 336.539855957
3.12588469032 337.227783203
3.13216787563 336.945709229
3.13845106094 337.840362549
3.14473424624 338.62387085
3.15101743155 339.416290283
3.15730061686 339.68359375
3.16358380216 340.440216064
3.16986698747 341.043670654
3.17615017278 340.434783936
3.18243335809 342.030303955
3.18871654339 341.981445312
3.1949997287 343.887390137
3.20128291401 343.96194458
3.20756609932 344.773101807
3.21384928462 345.109313965
3.22013246993 345.789978027
3.22641565524 345.644317627
3.23269884054 346.687408447
3.23898202585 344.772003174
3.24526521116 344.773162842
3.25154839647 344.931976318
3.25783158177 344.761413574
3.26411476708 343.228973389
3.27039795239 343.688781738
3.27668113769 343.279296875
3.282964323 342.930786133
3.28924750831 342.435424805
3.29553069362 342.458465576
3.30181387892 342.240142822
3.30809706423 342.527191162
3.31438024954 341.659637451
3.32066343484 341.172210693
3.32694662015 340.637329102
3.33322980546 340.411682129
3.33951299077 340.54788208
3.34579617607 340.7371521
3.35207936138 340.760437012
3.35836254669 339.169586182
3.36464573199 340.254425049
3.3709289173 339.844329834
3.37721210261 339.679229736
3.38349528792 339.577026367
3.38977847322 338.594451904
3.39606165853 338.225616455
3.40234484384 338.466522217
3.40862802914 338.59262085
3.41491121445 338.210113525
3.42119439976 338.67276001
3.42747758507 338.135681152
3.43376077037 338.093353271
3.44004395568 339.052276611
3.44632714099 337.830749512
3.4526103263 337.233734131
3.4588935116 338.035522461
3.46517669691 338.089263916
3.47145988222 336.446014404
3.47774306752 337.325012207
3.48402625283 337.181396484
3.49030943814 336.554931641
3.49659262345 336.445343018
3.50287580875 337.268585205
3.50915899406 336.10824585
3.51544217937 336.622833252
3.52172536467 336.553283691
3.52800854998 336.012207031
3.53429173529 335.362182617
3.5405749206 337.175109863
3.5468581059 335.398986816
3.55314129121 335.210601807
3.55942447652 335.559814453
3.56570766182 335.36807251
3.57199084713 335.317993164
3.57827403244 336.017303467
3.58455721775 334.796722412
3.59084040305 335.336334229
3.59712358836 335.336364746
3.60340677367 334.077392578
3.60968995897 335.237915039
3.61597314428 335.02722168
3.62225632959 335.011749268
3.6285395149 335.241607666
3.6348227002 334.136413574
3.64110588551 335.557891846
3.64738907082 334.498413086
3.65367225612 334.827636719
3.65995544143 334.132507324
3.66623862674 335.45135498
3.67252181205 335.890228271
3.67880499735 335.542480469
3.68508818266 335.210235596
3.69137136797 335.561035156
3.69765455328 335.823730469
3.70393773858 334.622619629
3.71022092389 335.514373779
3.7165041092 334.052581787
3.7227872945 335.67300415
3.72907047981 335.771026611
3.73535366512 334.01763916
3.74163685043 336.185577393
3.74792003573 336.484100342
3.75420322104 336.264221191
3.76048640635 336.136260986
3.76676959165 337.645507812
3.77305277696 336.903625488
3.77933596227 337.301971436
3.78561914758 336.561553955
3.79190233288 338.051239014
3.79818551819 336.596832275
3.8044687035 336.38369751
3.8107518888 338.480377197
3.81703507411 337.655090332
3.82331825942 338.261688232
3.82960144473 337.697143555
3.83588463003 337.864257812
3.84216781534 339.242095947
3.84845100065 338.100616455
3.85473418595 338.50668335
3.86101737126 338.919219971
3.86730055657 338.959899902
3.87358374188 339.491821289
3.87986692718 339.762390137
3.88615011249 340.830780029
3.8924332978 339.671966553
3.8987164831 340.542816162
3.90499966841 339.756256104
3.91128285372 341.019470215
3.91756603903 341.193817139
3.92384922433 342.342376709
3.93013240964 341.141387939
3.93641559495 342.097930908
3.94269878026 342.389923096
3.94898196556 343.613677979
3.95526515087 344.564117432
3.96154833618 343.65713501
3.96783152148 343.943481445
3.97411470679 345.262939453
3.9803978921 345.171051025
3.98668107741 345.353637695
3.99296426271 347.031555176
3.99924744802 346.752471924
4.00553063333 347.525177002
4.01181381863 349.111022949
4.01809700394 347.900756836
4.02438018925 348.129272461
4.03066337456 349.189575195
4.03694655986 350.773590088
4.04322974517 350.769317627
4.04951293048 351.184356689
4.05579611578 353.870025635
4.06207930109 351.187316895
4.0683624864 353.431793213
4.07464567171 354.867156982
4.08092885701 354.742645264
4.08721204232 355.051361084
4.09349522763 355.843414307
4.09977841293 355.543182373
4.10606159824 356.677978516
4.11234478355 358.57321167
4.11862796886 359.130218506
4.12491115416 360.804992676
4.13119433947 359.896362305
4.13747752478 360.730072021
4.14376071008 362.398681641
4.15004389539 362.417510986
4.1563270807 363.546630859
4.16261026601 363.936309814
4.16889345131 364.506500244
4.17517663662 366.572174072
4.18145982193 365.849975586
4.18774300724 366.39553833
4.19402619254 368.398498535
4.20030937785 369.279968262
4.20659256316 369.944702148
4.21287574846 370.935516357
4.21915893377 371.647613525
4.22544211908 373.899597168
4.23172530439 375.109222412
4.23800848969 374.508026123
4.244291675 377.312835693
4.25057486031 376.788146973
4.25685804561 378.706359863
4.26314123092 378.48638916
4.26942441623 380.433990479
4.27570760154 381.565856934
4.28199078684 382.760955811
4.28827397215 382.843170166
4.29455715746 382.614959717
4.30084034276 384.141082764
4.30712352807 385.533447266
4.31340671338 387.08605957
4.31968989869 385.770874023
4.32597308399 388.058074951
4.3322562693 390.438690186
4.33853945461 390.269287109
4.34482263991 390.289886475
4.35110582522 389.880981445
4.35738901053 395.138702393
4.36367219584 395.05456543
4.36995538114 394.877380371
4.37623856645 396.930480957
4.38252175176 397.966766357
4.38880493706 397.30279541
4.39508812237 401.193359375
4.40137130768 400.836883545
4.40765449299 401.55090332
4.41393767829 402.121002197
4.4202208636 406.564422607
4.42650404891 405.533050537
4.43278723422 406.257995605
4.43907041952 407.227264404
4.44535360483 407.923034668
4.45163679014 409.897338867
4.45791997544 408.68548584
4.46420316075 408.481567383
4.47048634606 410.254089355
4.47676953137 413.175140381
4.48305271667 409.493499756
4.48933590198 412.058441162
4.49561908729 411.033782959
4.50190227259 412.511108398
4.5081854579 412.113525391
4.51446864321 411.265136719
4.52075182852 415.014923096
4.52703501382 413.035369873
4.53331819913 410.682098389
4.53960138444 412.065368652
4.54588456974 410.525482178
4.55216775505 407.34185791
4.55845094036 412.281860352
4.56473412567 409.974578857
4.57101731097 406.689880371
4.57730049628 404.845550537
4.58358368159 408.600524902
4.58986686689 407.879852295
4.5961500522 408.459259033
4.60243323751 407.625335693
4.60871642282 411.978363037
4.61499960812 412.743103027
4.62128279343 409.681610107
4.62756597874 409.050872803
4.63384916404 409.825500488
4.64013234935 411.505554199
4.64641553466 412.333526611
4.65269871997 413.470367432
4.65898190527 412.755767822
4.66526509058 411.627746582
4.67154827589 414.470703125
4.6778314612 416.006622314
4.6841146465 415.875396729
4.69039783181 418.426483154
4.69668101712 417.777252197
4.70296420242 414.476104736
4.70924738773 416.734222412
4.71553057304 417.494689941
4.72181375835 419.156158447
4.72809694365 421.706726074
4.73438012896 424.344818115
4.74066331427 421.371520996
4.74694649957 423.343475342
4.75322968488 424.491516113
4.75951287019 422.477050781
4.7657960555 423.445281982
4.7720792408 421.929199219
4.77836242611 429.443084717
4.78464561142 425.873779297
4.79092879672 432.219207764
4.79721198203 430.495574951
4.80349516734 428.531341553
4.80977835265 436.251312256
4.81606153795 432.613861084
4.82234472326 438.10244751
4.82862790857 437.784179688
4.83491109387 436.860900879
4.84119427918 442.964447021
4.84747746449 438.048736572
4.8537606498 440.323120117
4.8600438351 448.238250732
4.86632702041 446.405090332
4.87261020572 442.804321289
4.87889339102 448.950836182
4.88517657633 452.189483643
4.89145976164 456.326049805
4.89774294695 456.594696045
4.90402613225 454.407531738
4.91030931756 452.75894165
4.91659250287 458.218292236
4.92287568818 462.343109131
4.92915887348 460.340911865
4.93544205879 468.379425049
4.9417252441 466.342590332
4.9480084294 466.786560059
4.95429161471 468.391143799
4.96057480002 469.237426758
4.96685798533 472.291778564
4.97314117063 475.421234131
4.97942435594 477.359222412
4.98570754125 484.252197266
4.99199072655 489.750915527
4.99827391186 489.649993896
5.00455709717 488.321228027
5.01084028248 489.034332275
5.01712346778 489.118988037
5.02340665309 492.195159912
5.0296898384 494.697601318
5.0359730237 515.738891602
5.04225620901 509.932525635
5.04853939432 509.060791016
5.05482257963 510.266204834
5.06110576493 510.548034668
5.06738895024 513.059936523
5.07367213555 518.684875488
5.07995532085 523.015075684
5.08623850616 524.174926758
5.09252169147 532.85369873
5.09880487678 533.778625488
5.10508806208 537.894958496
5.11137124739 537.678527832
5.1176544327 553.36315918
5.123937618 547.453369141
5.13022080331 549.018188477
5.13650398862 547.146240234
5.14278717393 562.683044434
5.14907035923 568.10345459
5.15535354454 558.172119141
5.16163672985 574.124816895
5.16791991516 573.466430664
5.17420310046 567.748474121
5.18048628577 585.697753906
5.18676947108 577.884338379
5.19305265638 571.49029541
5.19933584169 605.967956543
5.205619027 591.417053223
5.21190221231 616.889099121
5.21818539761 615.319519043
5.22446858292 601.734985352
5.23075176823 613.258666992
5.23703495353 632.770690918
5.24331813884 633.944152832
5.24960132415 619.185852051
5.25588450946 659.904052734
5.26216769476 640.176635742
5.26845088007 654.060119629
5.27473406538 648.742370605
5.28101725068 666.366699219
5.28730043599 676.470397949
5.2935836213 662.598754883
5.29986680661 692.451782227
5.30614999191 703.405212402
5.31243317722 695.662841797
5.31871636253 696.75793457
5.32499954783 709.639587402
5.33128273314 684.653381348
5.33756591845 732.787475586
5.34384910376 720.187927246
5.35013228906 715.366210938
5.35641547437 729.521911621
5.36269865968 743.372680664
5.36898184498 717.750244141
5.37526503029 761.37322998
5.3815482156 787.581787109
5.38783140091 800.557983398
5.39411458621 842.624816895
5.40039777152 781.897644043
5.40668095683 778.43548584
5.41296414214 753.131225586
5.41924732744 836.133239746
5.42553051275 804.742736816
5.43181369806 815.41619873
5.43809688336 839.333435059
5.44438006867 840.230285645
5.45066325398 812.421203613
5.45694643929 841.845214844
5.46322962459 864.858459473
5.4695128099 928.739929199
5.47579599521 944.736083984
5.48207918051 808.408996582
5.48836236582 878.430541992
5.49464555113 1025.87536621
5.50092873644 916.326477051
5.50721192174 1092.40356445
5.51349510705 953.479614258
5.51977829236 984.444885254
5.52606147766 1197.29223633
5.53234466297 857.41986084
5.53862784828 1165.2298584
5.54491103359 1104.78234863
5.55119421889 874.182556152
5.5574774042 1184.97106934
5.56376058951 2038.2121582
5.57004377481 2155.41088867
