0.00942477796077 32881.984375
0.0157079632679 37650.3867188
0.0219911485751 23746.3066406
0.0282743338823 24883.9648438
0.0345575191895 24084.4589844
0.0408407044967 19538.7871094
0.0471238898038 17849.8203125
0.053407075111 13966.5244141
0.0596902604182 13172.2294922
0.0659734457254 11798.9023438
0.0722566310326 12184.4755859
0.0785398163397 10108.4824219
0.0848230016469 8792.65234375
0.0911061869541 7193.81787109
0.0973893722613 7126.35644531
0.103672557568 6521.06884766
0.109955742876 5954.34082031
0.116238928183 5966.91845703
0.12252211349 5088.14697266
0.128805298797 4948.8828125
0.135088484104 4732.91796875
0.141371669412 4291.63378906
0.147654854719 4077.80493164
0.153938040026 4083.16015625
0.160221225333 3616.04199219
0.16650441064 3349.2578125
0.172787595947 3055.31225586
0.179070781255 3065.44360352
0.185353966562 3039.36254883
0.191637151869 2710.7331543
0.197920337176 2960.40869141
0.204203522483 2465.22436523
0.210486707791 2535.50854492
0.216769893098 2563.08325195
0.223053078405 2266.9309082
0.229336263712 2232.13110352
0.235619449019 2270.60205078
0.241902634326 2225.38183594
0.248185819634 2040.54394531
0.254469004941 1937.96398926
0.260752190248 1917.74328613
0.267035375555 1801.52709961
0.273318560862 1891.8260498
0.279601746169 1718.98547363
0.285884931477 1723.57727051
0.292168116784 1587.77539062
0.298451302091 1676.57226562
0.304734487398 1636.29602051
0.311017672705 1546.64160156
0.317300858013 1615.7791748
0.32358404332 1452.21520996
0.329867228627 1390.37268066
0.336150413934 1371.58251953
0.342433599241 1382.77636719
0.348716784548 1289.66638184
0.354999969856 1267.93310547
0.361283155163 1334.61328125
0.36756634047 1326.43518066
0.373849525777 1204.17700195
0.380132711084 1273.23327637
0.386415896392 1243.14953613
0.392699081699 1204.8651123
0.398982267006 1135.96740723
0.405265452313 1137.83349609
0.41154863762 1168.87426758
0.417831822927 1097.59228516
0.424115008235 1051.30810547
0.430398193542 1077.73999023
0.436681378849 1044.05395508
0.442964564156 980.0546875
0.449247749463 963.267211914
0.455530934771 980.817260742
0.461814120078 959.871704102
0.468097305385 931.281677246
0.474380490692 947.234130859
0.480663675999 953.174133301
0.486946861306 933.331115723
0.493230046614 913.855407715
0.499513231921 880.838317871
0.505796417228 867.765014648
0.512079602535 869.019592285
0.518362787842 878.094726562
0.524645973149 871.462402344
0.530929158457 818.295349121
0.537212343764 853.762145996
0.543495529071 833.704467773
0.549778714378 804.957946777
0.556061899685 811.024658203
0.562345084993 807.991943359
0.5686282703 796.726135254
0.574911455607 791.036071777
0.581194640914 765.094787598
0.587477826221 789.269226074
0.593761011528 787.988708496
0.600044196836 739.444580078
0.606327382143 737.580810547
0.61261056745 731.521240234
0.618893752757 761.162963867
0.625176938064 730.195617676
0.631460123372 735.959533691
0.637743308679 693.464233398
0.644026493986 702.7734375
0.650309679293 704.730651855
0.6565928646 692.455871582
0.662876049907 691.279846191
0.669159235215 691.030517578
0.675442420522 674.92199707
0.681725605829 666.309570312
0.688008791136 666.841308594
0.694291976443 657.692810059
0.700575161751 663.153686523
0.706858347058 649.791992188
0.713141532365 645.054748535
0.719424717672 638.292297363
0.725707902979 617.311828613
0.731991088286 629.31817627
0.738274273594 618.807861328
0.744557458901 625.599243164
0.750840644208 604.499206543
0.757123829515 606.824829102
0.763407014822 600.709960938
0.769690200129 612.113464355
0.775973385437 593.127624512
0.782256570744 603.647521973
0.788539756051 594.00201416
0.794822941358 584.284667969
0.801106126665 580.283203125
0.807389311973 580.871398926
0.81367249728 577.527893066
0.819955682587 568.515808105
0.826238867894 569.947387695
0.832522053201 550.34564209
0.838805238508 555.466430664
0.845088423816 556.207824707
0.851371609123 543.91973877
0.85765479443 545.82611084
0.863937979737 542.733886719
0.870221165044 550.520507812
0.876504350352 539.492675781
0.882787535659 535.070800781
0.889070720966 538.481323242
0.895353906273 526.293823242
0.90163709158 525.773742676
0.907920276887 526.607055664
0.914203462195 521.951782227
0.920486647502 521.828430176
0.926769832809 516.992004395
0.933053018116 509.317840576
0.939336203423 507.974517822
0.945619388731 517.68963623
0.951902574038 513.742492676
0.958185759345 509.359375
0.964468944652 507.97869873
0.970752129959 497.05859375
0.977035315266 505.113342285
0.983318500574 492.146270752
0.989601685881 491.485198975
0.995884871188 490.40512085
1.0021680565 490.508789062
1.0084512418 487.592224121
1.01473442711 486.767242432
1.02101761242 481.457550049
1.02730079772 474.457550049
1.03358398303 474.327301025
1.03986716834 472.43762207
1.04615035365 475.377868652
1.05243353895 472.200653076
1.05871672426 470.726959229
1.06499990957 466.043792725
1.07128309487 471.113098145
1.07756628018 459.217987061
1.08384946549 457.615356445
1.0901326508 456.51184082
1.0964158361 456.508850098
1.10269902141 456.579864502
1.10898220672 457.200561523
1.11526539202 450.771362305
1.12154857733 453.473968506
1.12783176264 451.689331055
1.13411494795 442.540405273
1.14039813325 442.141815186
1.14668131856 440.166992188
1.15296450387 436.488037109
1.15924768917 438.765594482
1.16553087448 437.41293335
1.17181405979 436.818145752
1.1780972451 434.206451416
1.1843804304 428.99911499
1.19066361571 431.485809326
1.19694680102 432.642089844
1.20322998632 427.555236816
1.20951317163 430.262542725
1.21579635694 423.217163086
1.22207954225 426.274047852
1.22836272755 425.980651855
1.23464591286 422.513824463
1.24092909817 422.033752441
1.24721228348 424.267425537
1.25349546878 418.660247803
1.25977865409 416.076538086
1.2660618394 421.11819458
1.2723450247 414.971496582
1.27862821001 407.550842285
1.28491139532 409.263977051
1.29119458063 413.845275879
1.29747776593 410.646606445
1.30376095124 407.637573242
1.31004413655 406.841339111
1.31632732185 406.435424805
1.32261050716 405.621185303
1.32889369247 402.343505859
1.33517687778 401.735076904
1.34146006308 399.530822754
1.34774324839 399.247619629
1.3540264337 401.583740234
1.360309619 396.093811035
1.36659280431 394.879577637
1.37287598962 394.603302002
1.37915917493 394.508728027
1.38544236023 390.566680908
1.39172554554 387.389526367
1.39800873085 389.4324646
1.40429191615 387.930908203
1.41057510146 391.415771484
1.41685828677 385.226074219
1.42314147208 387.352172852
1.42942465738 382.438903809
1.43570784269 382.40032959
1.441991028 382.154724121
1.4482742133 381.286865234
1.45455739861 380.247528076
1.46084058392 378.57913208
1.46712376923 375.087371826
1.47340695453 377.301361084
1.47969013984 375.804229736
1.48597332515 377.114349365
1.49225651046 373.028839111
1.49853969576 377.171630859
1.50482288107 370.582366943
1.51110606638 367.996337891
1.51738925168 369.596221924
1.52367243699 367.4815979
1.5299556223 363.723083496
1.53623880761 366.669067383
1.54252199291 361.337982178
1.54880517822 365.249908447
1.55508836353 365.062408447
1.56137154883 362.528381348
1.56765473414 360.133544922
1.57393791945 357.242767334
1.58022110476 358.727264404
1.58650429006 357.04208374
1.59278747537 355.908569336
1.59907066068 357.342346191
1.60535384598 357.459716797
1.61163703129 354.901519775
1.6179202166 351.612945557
1.62420340191 354.091766357
1.63048658721 354.589569092
1.63676977252 351.876159668
1.64305295783 351.786956787
1.64933614313 352.277801514
1.65561932844 352.062286377
1.66190251375 348.813964844
1.66818569906 350.676116943
1.67446888436 351.060882568
1.68075206967 347.249053955
1.68703525498 345.763397217
1.69331844028 347.325469971
1.69960162559 346.85067749
1.7058848109 345.323272705
1.71216799621 342.96585083
1.71845118151 343.348999023
1.72473436682 338.595031738
1.73101755213 339.053161621
1.73730073744 339.467254639
1.74358392274 340.190795898
1.74986710805 340.156890869
1.75615029336 336.598114014
1.76243347866 335.429992676
1.76871666397 337.768859863
1.77499984928 335.489532471
1.78128303459 332.622192383
1.78756621989 334.547210693
1.7938494052 331.497772217
1.80013259051 330.485229492
1.80641577581 334.889465332
1.81269896112 330.138214111
1.81898214643 331.144165039
1.82526533174 328.16305542
1.83154851704 328.553833008
1.83783170235 329.67175293
1.84411488766 327.774353027
1.85039807296 328.668487549
1.85668125827 330.181976318
1.86296444358 327.231750488
1.86924762889 325.475189209
1.87553081419 325.158538818
1.8818139995 324.507232666
1.88809718481 322.484436035
1.89438037011 324.936065674
1.90066355542 327.529937744
1.90694674073 324.606079102
1.91322992604 320.293640137
1.91951311134 322.250823975
1.92579629665 322.337799072
1.93207948196 322.311340332
1.93836266726 322.194030762
1.94464585257 318.365966797
1.95092903788 319.704650879
1.95721222319 320.057983398
1.96349540849 318.954223633
1.9697785938 317.298583984
1.97606177911 317.638763428
1.98234496442 318.455200195
1.98862814972 313.835571289
1.99491133503 317.242980957
2.00119452034 312.834411621
2.00747770564 316.27243042
2.01376089095 313.1171875
2.02004407626 311.271087646
2.02632726157 312.886688232
2.03261044687 314.56149292
2.03889363218 310.054290771
2.04517681749 310.347045898
2.05146000279 310.505828857
2.0577431881 310.765289307
2.06402637341 309.629211426
2.07030955872 309.450927734
2.07659274402 309.063537598
2.08287592933 306.536804199
2.08915911464 306.165435791
2.09544229994 307.296112061
2.10172548525 306.388214111
2.10800867056 307.761871338
2.11429185587 305.057098389
2.12057504117 307.476135254
2.12685822648 304.811706543
2.13314141179 304.297698975
2.13942459709 302.567687988
2.1457077824 304.124908447
2.15199096771 304.139099121
2.15827415302 300.193359375
2.16455733832 301.069091797
2.17084052363 302.791748047
2.17712370894 301.78024292
2.18340689424 300.357971191
2.18969007955 304.037536621
2.19597326486 299.600708008
2.20225645017 302.152618408
2.20853963547 297.817016602
2.21482282078 300.536193848
2.22110600609 299.86706543
2.2273891914 299.245635986
2.2336723767 296.372131348
2.23995556201 298.649841309
2.24623874732 297.698974609
2.25252193262 299.469909668
2.25880511793 297.619750977
2.26508830324 295.325561523
2.27137148855 293.662200928
2.27765467385 296.400970459
2.28393785916 295.799102783
2.29022104447 294.585327148
2.29650422977 293.054962158
2.30278741508 295.612487793
2.30907060039 293.282562256
2.3153537857 294.051574707
2.321636971 292.306976318
2.32792015631 294.16708374
2.33420334162 292.65020752
2.34048652692 290.084625244
2.34676971223 291.334472656
2.35305289754 291.792297363
2.35933608285 290.35458374
2.36561926815 292.012573242
2.37190245346 288.526306152
2.37818563877 288.554290771
2.38446882407 289.184539795
2.39075200938 289.154205322
2.39703519469 289.08782959
2.40331838 286.54901123
2.4096015653 287.894775391
2.41588475061 288.135803223
2.42216793592 286.887329102
2.42845112122 285.750671387
2.43473430653 285.849304199
2.44101749184 285.295074463
2.44730067715 286.195648193
2.45358386245 284.05645752
2.45986704776 285.879821777
2.46615023307 284.410400391
2.47243341838 285.354858398
2.47871660368 284.872619629
2.48499978899 284.805480957
2.4912829743 282.379302979
2.4975661596 285.702056885
2.50384934491 286.600830078
2.51013253022 284.57208252
2.51641571553 282.583892822
2.52269890083 283.14743042
2.52898208614 281.998260498
2.53526527145 281.995819092
2.54154845675 281.520019531
2.54783164206 281.6512146
2.55411482737 279.432312012
2.56039801268 282.73034668
2.56668119798 281.871307373
2.57296438329 281.968170166
2.5792475686 280.7449646
2.5855307539 277.730255127
2.59181393921 281.600585938
2.59809712452 280.687255859
2.60438030983 279.278381348
2.61066349513 278.729125977
2.61694668044 278.888916016
2.62322986575 278.505981445
2.62951305105 279.905700684
2.63579623636 280.446716309
2.64207942167 279.097167969
2.64836260698 278.825744629
2.65464579228 279.993865967
2.66092897759 279.070251465
2.6672121629 277.782867432
2.6734953482 276.860107422
2.67977853351 277.497619629
2.68606171882 278.031463623
2.69234490413 278.882324219
2.69862808943 277.136901855
2.70491127474 276.976623535
2.71119446005 277.921264648
2.71747764536 280.555633545
2.72376083066 277.42199707
2.73004401597 278.026000977
2.73632720128 279.438934326
2.74261038658 277.107330322
2.74889357189 279.337402344
2.7551767572 275.140716553
2.76145994251 278.187072754
2.76774312781 278.577941895
2.77402631312 273.470916748
2.78030949843 275.88269043
2.78659268373 279.248199463
2.79287586904 274.664581299
2.79915905435 280.667236328
2.80544223966 277.035552979
2.81172542496 277.466094971
2.81800861027 276.849060059
2.82429179558 275.024414062
2.83057498088 277.168365479
2.83685816619 276.125366211
2.8431413515 278.432739258
2.84942453681 278.958343506
2.85570772211 276.370056152
2.86199090742 278.225097656
2.86827409273 278.988769531
2.87455727803 279.999450684
2.88084046334 279.737548828
2.88712364865 278.446746826
2.89340683396 277.780090332
2.89969001926 275.664764404
2.90597320457 279.146362305
2.91225638988 278.758636475
2.91853957518 278.281219482
2.92482276049 276.16317749
2.9311059458 280.35647583
2.93738913111 281.253417969
2.94367231641 280.476654053
2.94995550172 279.233184814
2.95623868703 278.322021484
2.96252187234 277.204803467
2.96880505764 281.490386963
2.97508824295 280.121795654
2.98137142826 280.125274658
2.98765461356 278.534881592
2.99393779887 282.489807129
3.00022098418 285.128845215
3.00650416949 281.415161133
3.01278735479 284.396270752
3.0190705401 280.726837158
3.02535372541 281.893463135
3.03163691071 283.897491455
3.03792009602 284.695068359
3.04420328133 282.100708008
3.05048646664 284.515930176
3.05676965194 286.143127441
3.06305283725 286.999755859
3.06933602256 286.223510742
3.07561920786 286.787750244
3.08190239317 285.933502197
3.08818557848 284.408935547
3.09446876379 289.556610107
3.10075194909 286.212585449
3.1070351344 289.899108887
3.11331831971 288.289825439
3.11960150501 288.368774414
3.12588469032 288.462097168
3.13216787563 291.115570068
3.13845106094 290.311096191
3.14473424624 294.220947266
3.15101743155 293.307403564
3.15730061686 292.38494873
3.16358380216 291.37387085
3.16986698747 292.526824951
3.17615017278 294.954986572
3.18243335809 296.579956055
3.18871654339 296.770111084
3.1949997287 296.437408447
3.20128291401 296.753387451
3.20756609932 298.474456787
3.21384928462 300.693878174
3.22013246993 297.925720215
3.22641565524 298.633483887
3.23269884054 297.375305176
3.23898202585 295.978668213
3.24526521116 294.737579346
3.25154839647 296.84262085
3.25783158177 299.545074463
3.26411476708 296.678527832
3.27039795239 296.584960938
3.27668113769 297.517059326
3.282964323 296.722442627
3.28924750831 298.486724854
3.29553069362 296.863952637
3.30181387892 297.304748535
3.30809706423 296.729705811
3.31438024954 294.205322266
3.32066343484 295.915649414
3.32694662015 298.099121094
3.33322980546 293.213256836
3.33951299077 298.46762085
3.34579617607 295.92565918
3.35207936138 294.486938477
3.35836254669 293.716430664
3.36464573199 293.154693604
3.3709289173 294.113555908
3.37721210261 295.37399292
3.38349528792 292.886871338
3.38977847322 296.625671387
3.39606165853 291.684387207
3.40234484384 296.212463379
3.40862802914 292.982513428
3.41491121445 291.766998291
3.42119439976 294.317504883
3.42747758507 296.371154785
3.43376077037 294.822113037
3.44004395568 294.0887146
3.44632714099 290.756744385
3.4526103263 291.394134521
3.4588935116 294.044433594
3.46517669691 293.97869873
3.47145988222 295.06854248
3.47774306752 293.253509521
3.48402625283 293.953948975
3.49030943814 291.109008789
3.49659262345 293.720306396
3.50287580875 294.49230957
3.50915899406 292.773406982
3.51544217937 291.230621338
3.52172536467 290.999206543
3.52800854998 292.235778809
3.53429173529 290.547210693
3.5405749206 292.755096436
3.5468581059 293.723052979
3.55314129121 289.50869751
3.55942447652 293.250152588
3.56570766182 291.666534424
3.57199084713 291.445831299
3.57827403244 287.565216064
3.58455721775 293.251098633
3.59084040305 293.765319824
3.59712358836 288.237182617
3.60340677367 292.104766846
3.60968995897 291.512145996
3.61597314428 292.441925049
3.62225632959 292.984161377
3.6285395149 292.534942627
3.6348227002 292.808105469
3.64110588551 293.54309082
3.64738907082 293.323150635
3.65367225612 291.080383301
3.65995544143 291.560180664
3.66623862674 294.961639404
3.67252181205 293.124908447
3.67880499735 294.069793701
3.68508818266 292.488250732
3.69137136797 295.162567139
3.69765455328 292.844268799
3.70393773858 291.022460938
3.71022092389 292.184417725
3.7165041092 291.65737915
3.7227872945 298.964660645
3.72907047981 292.556243896
3.73535366512 292.084686279
3.74163685043 288.926147461
3.74792003573 291.261993408
3.75420322104 294.619934082
3.76048640635 294.171936035
3.76676959165 293.779174805
3.77305277696 295.698272705
3.77933596227 297.906402588
3.78561914758 292.577026367
3.79190233288 292.25479126
3.79818551819 295.938659668
3.8044687035 294.417144775
3.8107518888 294.393859863
3.81703507411 298.69052124
3.82331825942 297.023620605
3.82960144473 296.154388428
3.83588463003 294.812591553
3.84216781534 295.480529785
3.84845100065 299.44644165
3.85473418595 296.30670166
3.86101737126 300.253723145
3.86730055657 294.241882324
3.87358374188 295.97177124
3.87986692718 298.349121094
3.88615011249 300.516815186
3.8924332978 294.692962646
3.8987164831 299.549682617
3.90499966841 293.437438965
3.91128285372 302.021636963
3.91756603903 299.626647949
3.92384922433 301.604614258
3.93013240964 296.672668457
3.93641559495 301.843231201
3.94269878026 303.071624756
3.94898196556 299.910583496
3.95526515087 304.178619385
3.96154833618 299.981231689
3.96783152148 306.341217041
3.97411470679 300.177062988
3.9803978921 305.677185059
3.98668107741 302.459716797
3.99296426271 303.690948486
3.99924744802 302.733795166
4.00553063333 304.246398926
4.01181381863 306.838409424
4.01809700394 303.400512695
4.02438018925 314.169464111
4.03066337456 302.984283447
4.03694655986 301.863037109
4.04322974517 309.917663574
4.04951293048 309.833709717
4.05579611578 313.528839111
4.06207930109 306.432525635
4.0683624864 309.448394775
4.07464567171 312.783630371
4.08092885701 310.76651001
4.08721204232 307.445739746
4.09349522763 313.401031494
4.09977841293 312.520629883
4.10606159824 312.072845459
4.11234478355 315.922576904
4.11862796886 313.12789917
4.12491115416 316.346130371
4.13119433947 317.974334717
4.13747752478 317.907165527
4.14376071008 322.638092041
4.15004389539 320.149017334
4.1563270807 323.478515625
4.16261026601 319.289031982
4.16889345131 323.096893311
4.17517663662 314.403289795
4.18145982193 322.139190674
4.18774300724 329.694641113
4.19402619254 324.918273926
4.20030937785 325.444610596
4.20659256316 325.220611572
4.21287574846 320.934936523
4.21915893377 326.101898193
4.22544211908 327.152740479
4.23172530439 328.680541992
4.23800848969 330.115753174
4.244291675 328.089447021
4.25057486031 330.88772583
4.25685804561 332.501037598
4.26314123092 331.93145752
4.26942441623 333.998840332
4.27570760154 337.869598389
4.28199078684 334.974243164
4.28827397215 334.907073975
4.29455715746 339.245330811
4.30084034276 340.654418945
4.30712352807 335.827819824
4.31340671338 334.816040039
4.31968989869 340.5362854
4.32597308399 348.176879883
4.3322562693 344.630584717
4.33853945461 353.376708984
4.34482263991 343.392120361
4.35110582522 346.246887207
4.35738901053 345.079681396
4.36367219584 352.669250488
4.36995538114 341.416534424
4.37623856645 354.348968506
4.38252175176 351.416259766
4.38880493706 348.534393311
4.39508812237 348.08203125
4.40137130768 356.232788086
4.40765449299 347.706604004
4.41393767829 363.502258301
4.4202208636 357.491790771
4.42650404891 354.915100098
4.43278723422 357.265686035
4.43907041952 355.437866211
4.44535360483 354.527526855
4.45163679014 357.251617432
4.45791997544 359.001098633
4.46420316075 354.874511719
4.47048634606 354.512023926
4.47676953137 365.895874023
4.48305271667 361.914672852
4.48933590198 370.682312012
4.49561908729 365.061828613
4.50190227259 364.232635498
4.5081854579 369.175720215
4.51446864321 368.021972656
4.52075182852 379.012817383
4.52703501382 362.784851074
4.53331819913 359.313751221
4.53960138444 348.186187744
4.54588456974 350.915985107
4.55216775505 364.502288818
4.55845094036 358.508239746
4.56473412567 360.3621521
4.57101731097 361.925048828
4.57730049628 345.4246521
4.58358368159 355.923736572
4.58986686689 366.666992188
4.5961500522 369.859100342
4.60243323751 369.880187988
4.60871642282 360.040283203
4.61499960812 361.683746338
4.62128279343 359.328643799
4.62756597874 356.88104248
4.63384916404 362.92980957
4.64013234935 362.609100342
4.64641553466 369.833648682
4.65269871997 364.424377441
4.65898190527 363.002746582
4.66526509058 375.123138428
4.67154827589 365.749572754
4.6778314612 376.184448242
4.6841146465 375.103759766
4.69039783181 374.715667725
4.69668101712 368.34197998
4.70296420242 358.552062988
4.70924738773 369.780029297
4.71553057304 374.872192383
4.72181375835 391.380493164
4.72809694365 379.380310059
4.73438012896 376.052490234
4.74066331427 384.064788818
4.74694649957 361.328765869
4.75322968488 376.146392822
4.75951287019 376.088409424
4.7657960555 374.054626465
4.7720792408 388.981628418
4.77836242611 396.009094238
4.78464561142 403.469451904
4.79092879672 383.878082275
4.79721198203 393.781799316
4.80349516734 372.918762207
4.80977835265 377.684875488
4.81606153795 400.633453369
4.82234472326 395.839630127
4.82862790857 398.521606445
4.83491109387 386.561401367
4.84119427918 382.655548096
4.84747746449 400.968780518
4.8537606498 397.831390381
4.8600438351 393.014770508
4.86632702041 388.897674561
4.87261020572 416.028015137
4.87889339102 390.572174072
4.88517657633 419.597869873
4.89145976164 408.235748291
4.89774294695 402.471343994
4.90402613225 406.428588867
4.91030931756 424.527954102
4.91659250287 380.1690979
4.92287568818 414.286376953
4.92915887348 418.510345459
4.93544205879 401.892456055
4.9417252441 421.310424805
4.9480084294 424.353515625
4.95429161471 405.174438477
4.96057480002 429.919464111
4.96685798533 436.145721436
4.97314117063 431.751098633
4.97942435594 433.798797607
4.98570754125 441.216339111
4.99199072655 459.704986572
4.99827391186 428.418884277
5.00455709717 444.553985596
5.01084028248 443.053192139
5.01712346778 426.614715576
5.02340665309 452.153106689
5.0296898384 417.304748535
5.0359730237 470.695587158
5.04225620901 448.968109131
5.04853939432 455.324951172
5.05482257963 485.437896729
5.06110576493 434.554260254
5.06738895024 446.398529053
5.07367213555 440.105377197
5.07995532085 446.934356689
5.08623850616 450.151977539
5.09252169147 431.444519043
5.09880487678 447.662414551
5.10508806208 434.141723633
5.11137124739 459.562469482
5.1176544327 430.609832764
5.123937618 490.555633545
5.13022080331 428.97277832
5.13650398862 498.891387939
5.14278717393 444.03503418
5.14907035923 481.035095215
5.15535354454 484.028594971
5.16163672985 522.483398438
5.16791991516 526.450744629
5.17420310046 484.985717773
5.18048628577 533.467834473
5.18676947108 542.88067627
5.19305265638 505.374145508
5.19933584169 566.416931152
5.205619027 562.342529297
5.21190221231 552.757385254
5.21818539761 535.918640137
5.22446858292 566.337036133
5.23075176823 502.723419189
5.23703495353 574.198730469
5.24331813884 541.403564453
5.24960132415 595.071289062
5.25588450946 586.02734375
5.26216769476 563.209228516
5.26845088007 648.611328125
5.27473406538 687.100891113
5.28101725068 569.930053711
5.28730043599 678.33416748
5.2935836213 639.345458984
5.29986680661 634.081420898
5.30614999191 602.184265137
5.31243317722 473.021881104
5.31871636253 709.622497559
5.32499954783 636.51574707
5.33128273314 720.041137695
5.33756591845 611.002258301
5.34384910376 619.88671875
5.35013228906 801.175720215
5.35641547437 737.238464355
5.36269865968 602.813598633
5.36898184498 651.334838867
5.37526503029 767.613708496
5.3815482156 711.37121582
5.38783140091 586.84954834
5.39411458621 655.379699707
5.40039777152 804.849365234
5.40668095683 767.060058594
5.41296414214 714.563720703
5.41924732744 623.23638916
5.42553051275 876.321777344
5.43181369806 909.336120605
5.43809688336 530.762878418
5.44438006867 647.927734375
5.45066325398 930.630126953
5.45694643929 539.407409668
5.46322962459 804.451843262
5.4695128099 526.310791016
5.47579599521 972.318359375
5.48207918051 783.199768066
5.48836236582 884.082214355
5.49464555113 1049.80322266
5.50092873644 735.174499512
5.50721192174 866.107788086
5.51349510705 829.400878906
5.51977829236 472.75692749
5.52606147766 -363.636322021
5.53234466297 -170.1509552
5.53862784828 1406.59521484
5.54491103359 990.388793945
5.55119421889 1690.85083008
5.5574774042 2849.03295898
5.56376058951 3143.8515625
5.57004377481 16543.9101562
