0.00942477796077 32924.1210938
0.0157079632679 31142.9101562
0.0219911485751 30697.2324219
0.0282743338823 28182.6171875
0.0345575191895 22700.8691406
0.0408407044967 17250.0390625
0.0471238898038 17287.625
0.053407075111 14677.2490234
0.0596902604182 14246.0673828
0.0659734457254 12733.0888672
0.0722566310326 11907.1318359
0.0785398163397 10283.5527344
0.0848230016469 9144.94042969
0.0911061869541 7810.37109375
0.0973893722613 7187.95166016
0.103672557568 6649.49609375
0.109955742876 6159.87109375
0.116238928183 5963.96826172
0.12252211349 5582.6875
0.128805298797 5264.88916016
0.135088484104 5222.46679688
0.141371669412 4610.89257812
0.147654854719 4370.82910156
0.153938040026 4123.953125
0.160221225333 3718.29223633
0.16650441064 3538.43554688
0.172787595947 3381.45410156
0.179070781255 3362.109375
0.185353966562 3202.02832031
0.191637151869 3032.18383789
0.197920337176 2948.30249023
0.204203522483 2724.82055664
0.210486707791 2661.08813477
0.216769893098 2612.00341797
0.223053078405 2407.90893555
0.229336263712 2386.15161133
0.235619449019 2298.50292969
0.241902634326 2274.97851562
0.248185819634 2157.09375
0.254469004941 2111.10791016
0.260752190248 2022.30212402
0.267035375555 1938.75354004
0.273318560862 1970.88684082
0.279601746169 1879.32324219
0.285884931477 1772.33776855
0.292168116784 1690.90563965
0.298451302091 1704.734375
0.304734487398 1674.51330566
0.311017672705 1627.75915527
0.317300858013 1634.75939941
0.32358404332 1531.99414062
0.329867228627 1488.08544922
0.336150413934 1499.80700684
0.342433599241 1468.48815918
0.348716784548 1378.5168457
0.354999969856 1412.96435547
0.361283155163 1365.99572754
0.36756634047 1339.51721191
0.373849525777 1320.09533691
0.380132711084 1330.05615234
0.386415896392 1284.12866211
0.392699081699 1252.80078125
0.398982267006 1236.87365723
0.405265452313 1191.76818848
0.41154863762 1190.70703125
0.417831822927 1154.58984375
0.424115008235 1145.42321777
0.430398193542 1123.46740723
0.436681378849 1113.15563965
0.442964564156 1080.01391602
0.449247749463 1067.18481445
0.455530934771 1055.22314453
0.461814120078 1042.58325195
0.468097305385 1018.06121826
0.474380490692 1034.83789062
0.480663675999 1030.81018066
0.486946861306 993.43927002
0.493230046614 966.552734375
0.499513231921 962.446166992
0.505796417228 934.351135254
0.512079602535 945.281921387
0.518362787842 936.515930176
0.524645973149 915.306274414
0.530929158457 899.233398438
0.537212343764 887.241638184
0.543495529071 876.27355957
0.549778714378 868.266845703
0.556061899685 872.79901123
0.562345084993 860.725341797
0.5686282703 847.729370117
0.574911455607 832.594177246
0.581194640914 827.665344238
0.587477826221 826.680236816
0.593761011528 819.076843262
0.600044196836 803.979614258
0.606327382143 807.85925293
0.61261056745 785.323181152
0.618893752757 791.835998535
0.625176938064 775.068237305
0.631460123372 768.362915039
0.637743308679 752.547607422
0.644026493986 755.34185791
0.650309679293 756.760742188
0.6565928646 749.985351562
0.662876049907 747.912963867
0.669159235215 729.209289551
0.675442420522 716.637451172
0.681725605829 722.643249512
0.688008791136 713.662414551
0.694291976443 718.41229248
0.700575161751 709.943115234
0.706858347058 699.744018555
0.713141532365 694.538024902
0.719424717672 689.015136719
0.725707902979 672.713195801
0.731991088286 683.069396973
0.738274273594 668.433898926
0.744557458901 671.876708984
0.750840644208 663.343017578
0.757123829515 660.981689453
0.763407014822 661.425231934
0.769690200129 659.719177246
0.775973385437 646.079711914
0.782256570744 641.035888672
0.788539756051 646.381958008
0.794822941358 635.716247559
0.801106126665 627.552490234
0.807389311973 627.547546387
0.81367249728 621.861633301
0.819955682587 620.764526367
0.826238867894 613.671325684
0.832522053201 611.955078125
0.838805238508 615.891906738
0.845088423816 608.055786133
0.851371609123 599.843811035
0.85765479443 599.381591797
0.863937979737 591.159057617
0.870221165044 593.106262207
0.876504350352 592.579284668
0.882787535659 586.746398926
0.889070720966 579.83795166
0.895353906273 575.705688477
0.90163709158 574.974243164
0.907920276887 569.512878418
0.914203462195 573.707214355
0.920486647502 570.226135254
0.926769832809 565.848083496
0.933053018116 560.300292969
0.939336203423 559.593078613
0.945619388731 559.207824707
0.951902574038 554.916992188
0.958185759345 551.751342773
0.964468944652 551.468933105
0.970752129959 547.309631348
0.977035315266 548.53515625
0.983318500574 544.967346191
0.989601685881 541.091674805
0.995884871188 538.167297363
1.0021680565 536.009460449
1.0084512418 530.925292969
1.01473442711 529.884216309
1.02101761242 527.151306152
1.02730079772 521.874145508
1.03358398303 516.889709473
1.03986716834 515.75189209
1.04615035365 522.695861816
1.05243353895 518.74609375
1.05871672426 510.365234375
1.06499990957 510.785247803
1.07128309487 514.748962402
1.07756628018 507.477081299
1.08384946549 509.451812744
1.0901326508 507.38293457
1.0964158361 501.974334717
1.10269902141 500.871398926
1.10898220672 500.145050049
1.11526539202 495.997497559
1.12154857733 496.094787598
1.12783176264 493.377227783
1.13411494795 491.773101807
1.14039813325 489.832244873
1.14668131856 489.058319092
1.15296450387 485.335296631
1.15924768917 481.696746826
1.16553087448 481.011627197
1.17181405979 479.483001709
1.1780972451 478.619720459
1.1843804304 477.132507324
1.19066361571 473.589324951
1.19694680102 474.716186523
1.20322998632 470.550598145
1.20951317163 473.051727295
1.21579635694 468.372650146
1.22207954225 465.070770264
1.22836272755 466.406311035
1.23464591286 464.784790039
1.24092909817 465.17376709
1.24721228348 463.397369385
1.25349546878 459.752380371
1.25977865409 457.712402344
1.2660618394 462.009246826
1.2723450247 457.073760986
1.27862821001 455.345031738
1.28491139532 452.258331299
1.29119458063 453.362823486
1.29747776593 449.736572266
1.30376095124 453.510559082
1.31004413655 450.234954834
1.31632732185 447.354705811
1.32261050716 446.530761719
1.32889369247 442.431030273
1.33517687778 445.469055176
1.34146006308 440.384613037
1.34774324839 440.373413086
1.3540264337 442.296417236
1.360309619 437.664794922
1.36659280431 435.938232422
1.37287598962 433.048797607
1.37915917493 433.277008057
1.38544236023 430.554962158
1.39172554554 429.759918213
1.39800873085 429.737457275
1.40429191615 429.80279541
1.41057510146 425.159118652
1.41685828677 425.497558594
1.42314147208 426.127288818
1.42942465738 423.676025391
1.43570784269 422.678955078
1.441991028 423.586303711
1.4482742133 419.247039795
1.45455739861 418.853759766
1.46084058392 418.720306396
1.46712376923 418.875152588
1.47340695453 418.051361084
1.47969013984 413.562652588
1.48597332515 414.622802734
1.49225651046 412.733398438
1.49853969576 413.743408203
1.50482288107 408.993774414
1.51110606638 413.64239502
1.51738925168 409.445343018
1.52367243699 409.234649658
1.5299556223 405.657562256
1.53623880761 406.502685547
1.54252199291 402.401153564
1.54880517822 405.807830811
1.55508836353 404.711761475
1.56137154883 404.253143311
1.56765473414 402.646118164
1.57393791945 401.311187744
1.58022110476 401.079772949
1.58650429006 398.055023193
1.59278747537 398.361206055
1.59907066068 397.050201416
1.60535384598 396.904205322
1.61163703129 394.313903809
1.6179202166 393.122894287
1.62420340191 395.055053711
1.63048658721 393.396209717
1.63676977252 391.470825195
1.64305295783 392.953857422
1.64933614313 388.7890625
1.65561932844 391.469940186
1.66190251375 390.538360596
1.66818569906 387.510467529
1.67446888436 387.656341553
1.68075206967 386.841796875
1.68703525498 386.845428467
1.69331844028 384.208404541
1.69960162559 383.11529541
1.7058848109 383.143035889
1.71216799621 382.394805908
1.71845118151 381.102752686
1.72473436682 380.154174805
1.73101755213 377.952301025
1.73730073744 378.510345459
1.74358392274 377.586212158
1.74986710805 378.310882568
1.75615029336 376.410308838
1.76243347866 374.236450195
1.76871666397 375.082366943
1.77499984928 374.078308105
1.78128303459 372.669677734
1.78756621989 373.889251709
1.7938494052 372.420318604
1.80013259051 369.155426025
1.80641577581 371.020477295
1.81269896112 371.016387939
1.81898214643 368.176849365
1.82526533174 368.067504883
1.83154851704 365.500457764
1.83783170235 366.351409912
1.84411488766 365.750183105
1.85039807296 365.028961182
1.85668125827 365.558532715
1.86296444358 364.381103516
1.86924762889 363.996887207
1.87553081419 360.451934814
1.8818139995 362.700012207
1.88809718481 361.637817383
1.89438037011 361.156646729
1.90066355542 360.11895752
1.90694674073 358.60333252
1.91322992604 358.90927124
1.91951311134 356.917388916
1.92579629665 358.321044922
1.93207948196 357.698730469
1.93836266726 357.756500244
1.94464585257 355.05480957
1.95092903788 355.222930908
1.95721222319 355.307647705
1.96349540849 353.483001709
1.9697785938 352.731994629
1.97606177911 354.704345703
1.98234496442 352.410766602
1.98862814972 350.292755127
1.99491133503 350.347473145
2.00119452034 350.789581299
2.00747770564 350.880371094
2.01376089095 349.991973877
2.02004407626 347.469696045
2.02632726157 347.331878662
2.03261044687 345.259613037
2.03889363218 346.64364624
2.04517681749 345.904602051
2.05146000279 344.732086182
2.0577431881 345.912261963
2.06402637341 344.335784912
2.07030955872 344.329467773
2.07659274402 343.663787842
2.08287592933 341.963256836
2.08915911464 340.634368896
2.09544229994 340.856506348
2.10172548525 341.501281738
2.10800867056 340.827545166
2.11429185587 338.796936035
2.12057504117 339.41394043
2.12685822648 339.652160645
2.13314141179 337.897125244
2.13942459709 337.115509033
2.1457077824 336.346099854
2.15199096771 337.383605957
2.15827415302 335.784973145
2.16455733832 336.182342529
2.17084052363 334.538848877
2.17712370894 334.819610596
2.18340689424 335.232421875
2.18969007955 333.769592285
2.19597326486 332.183746338
2.20225645017 332.367584229
2.20853963547 332.298828125
2.21482282078 331.343292236
2.22110600609 330.930725098
2.2273891914 331.503875732
2.2336723767 331.223999023
2.23995556201 331.000244141
2.24623874732 329.661560059
2.25252193262 328.395812988
2.25880511793 327.73614502
2.26508830324 328.958251953
2.27137148855 327.880218506
2.27765467385 326.53793335
2.28393785916 326.173065186
2.29022104447 325.780670166
2.29650422977 326.481323242
2.30278741508 323.765594482
2.30907060039 323.686065674
2.3153537857 324.632904053
2.321636971 322.339355469
2.32792015631 321.420715332
2.33420334162 323.673858643
2.34048652692 322.309356689
2.34676971223 322.360595703
2.35305289754 321.481384277
2.35933608285 321.298431396
2.36561926815 320.846130371
2.37190245346 320.715667725
2.37818563877 320.143829346
2.38446882407 319.585845947
2.39075200938 317.828216553
2.39703519469 318.836669922
2.40331838 317.599060059
2.4096015653 317.595306396
2.41588475061 315.673980713
2.42216793592 317.02166748
2.42845112122 315.942810059
2.43473430653 314.997497559
2.44101749184 316.400726318
2.44730067715 316.690856934
2.45358386245 314.661560059
2.45986704776 315.398254395
2.46615023307 314.486480713
2.47243341838 313.781280518
2.47871660368 314.006256104
2.48499978899 314.338195801
2.4912829743 311.733520508
2.4975661596 312.803497314
2.50384934491 312.659912109
2.51013253022 313.121795654
2.51641571553 312.232971191
2.52269890083 311.779968262
2.52898208614 311.047729492
2.53526527145 310.588195801
2.54154845675 310.638092041
2.54783164206 312.115386963
2.55411482737 310.402801514
2.56039801268 310.123260498
2.56668119798 309.107391357
2.57296438329 309.548156738
2.5792475686 309.125030518
2.5855307539 307.862243652
2.59181393921 309.173614502
2.59809712452 309.76159668
2.60438030983 309.163085938
2.61066349513 306.875030518
2.61694668044 307.146209717
2.62322986575 306.95513916
2.62951305105 308.033966064
2.63579623636 307.582397461
2.64207942167 306.578826904
2.64836260698 306.617645264
2.65464579228 306.568756104
2.66092897759 307.051300049
2.6672121629 307.068695068
2.6734953482 305.520141602
2.67977853351 305.444213867
2.68606171882 305.339385986
2.69234490413 305.424224854
2.69862808943 304.870941162
2.70491127474 305.926879883
2.71119446005 305.011993408
2.71747764536 304.143341064
2.72376083066 302.831329346
2.73004401597 304.004608154
2.73632720128 304.789337158
2.74261038658 304.337554932
2.74889357189 305.187133789
2.7551767572 303.269714355
2.76145994251 304.035736084
2.76774312781 304.206970215
2.77402631312 305.264984131
2.78030949843 302.543731689
2.78659268373 303.707275391
2.79287586904 304.277313232
2.79915905435 303.863372803
2.80544223966 304.048675537
2.81172542496 303.910766602
2.81800861027 302.062591553
2.82429179558 303.3046875
2.83057498088 303.683654785
2.83685816619 301.555389404
2.8431413515 303.514038086
2.84942453681 302.600372314
2.85570772211 303.831207275
2.86199090742 302.42086792
2.86827409273 303.884307861
2.87455727803 302.285614014
2.88084046334 304.982910156
2.88712364865 303.393798828
2.89340683396 302.395599365
2.89969001926 302.325469971
2.90597320457 304.375183105
2.91225638988 302.931518555
2.91853957518 304.442199707
2.92482276049 304.823944092
2.9311059458 305.039703369
2.93738913111 304.103057861
2.94367231641 304.451171875
2.94995550172 304.611785889
2.95623868703 303.32019043
2.96252187234 305.669433594
2.96880505764 304.970306396
2.97508824295 304.351928711
2.98137142826 306.135009766
2.98765461356 306.377563477
2.99393779887 305.859313965
3.00022098418 305.959503174
3.00650416949 306.996154785
3.01278735479 306.721160889
3.0190705401 305.767028809
3.02535372541 307.091369629
3.03163691071 308.364501953
3.03792009602 308.630737305
3.04420328133 308.028991699
3.05048646664 307.797454834
3.05676965194 308.112884521
3.06305283725 307.535064697
3.06933602256 308.807556152
3.07561920786 309.652557373
3.08190239317 310.57321167
3.08818557848 309.799041748
3.09446876379 310.419433594
3.10075194909 311.685852051
3.1070351344 311.567504883
3.11331831971 311.461761475
3.11960150501 312.384918213
3.12588469032 313.064819336
3.13216787563 313.950073242
3.13845106094 314.569061279
3.14473424624 315.403198242
3.15101743155 315.981750488
3.15730061686 315.589508057
3.16358380216 317.266387939
3.16986698747 317.114044189
3.17615017278 318.425079346
3.18243335809 317.804077148
3.18871654339 318.535797119
3.1949997287 320.378692627
3.20128291401 319.535827637
3.20756609932 320.177307129
3.21384928462 321.351531982
3.22013246993 322.930358887
3.22641565524 321.905334473
3.23269884054 321.756378174
3.23898202585 322.195281982
3.24526521116 320.025787354
3.25154839647 319.613311768
3.25783158177 319.698913574
3.26411476708 319.515014648
3.27039795239 320.009277344
3.27668113769 319.404327393
3.282964323 318.359680176
3.28924750831 317.821929932
3.29553069362 319.093261719
3.30181387892 318.172546387
3.30809706423 318.913970947
3.31438024954 317.356536865
3.32066343484 317.447235107
3.32694662015 317.154998779
3.33322980546 316.471008301
3.33951299077 317.354125977
3.34579617607 317.656066895
3.35207936138 316.887786865
3.35836254669 317.32232666
3.36464573199 316.433074951
3.3709289173 315.728973389
3.37721210261 317.140686035
3.38349528792 314.446868896
3.38977847322 315.161437988
3.39606165853 315.616546631
3.40234484384 315.808929443
3.40862802914 314.7840271
3.41491121445 314.676086426
3.42119439976 314.317565918
3.42747758507 315.3074646
3.43376077037 315.681640625
3.44004395568 315.31072998
3.44632714099 313.745117188
3.4526103263 315.13684082
3.4588935116 314.529815674
3.46517669691 315.571380615
3.47145988222 315.674072266
3.47774306752 314.554901123
3.48402625283 315.084014893
3.49030943814 313.27154541
3.49659262345 314.236999512
3.50287580875 313.264862061
3.50915899406 312.562255859
3.51544217937 312.879272461
3.52172536467 312.968963623
3.52800854998 313.757415771
3.53429173529 313.791900635
3.5405749206 312.41696167
3.5468581059 312.314910889
3.55314129121 312.573120117
3.55942447652 312.780273438
3.56570766182 312.628936768
3.57199084713 314.585266113
3.57827403244 314.228363037
3.58455721775 313.621276855
3.59084040305 314.416412354
3.59712358836 312.972015381
3.60340677367 313.776489258
3.60968995897 311.807098389
3.61597314428 314.189605713
3.62225632959 312.33001709
3.6285395149 311.849090576
3.6348227002 311.469451904
3.64110588551 312.096343994
3.64738907082 312.919158936
3.65367225612 311.893005371
3.65995544143 314.014312744
3.66623862674 312.393066406
3.67252181205 312.566711426
3.67880499735 313.522003174
3.68508818266 312.5418396
3.69137136797 313.826873779
3.69765455328 313.800811768
3.70393773858 313.865539551
3.71022092389 314.74017334
3.7165041092 313.560821533
3.7227872945 313.914703369
3.72907047981 314.433807373
3.73535366512 312.622955322
3.74163685043 313.48449707
3.74792003573 313.19619751
3.75420322104 315.172790527
3.76048640635 313.264465332
3.76676959165 315.144958496
3.77305277696 313.124237061
3.77933596227 314.770263672
3.78561914758 314.012268066
3.79190233288 315.829406738
3.79818551819 315.316772461
3.8044687035 314.641723633
3.8107518888 314.758758545
3.81703507411 316.939941406
3.82331825942 315.923706055
3.82960144473 316.057342529
3.83588463003 316.364898682
3.84216781534 316.016021729
3.84845100065 316.392608643
3.85473418595 317.421966553
3.86101737126 317.643249512
3.86730055657 319.350860596
3.87358374188 317.404754639
3.87986692718 318.682189941
3.88615011249 317.123291016
3.8924332978 320.061218262
3.8987164831 320.272003174
3.90499966841 318.532745361
3.91128285372 319.614013672
3.91756603903 321.739471436
3.92384922433 321.734100342
3.93013240964 320.163208008
3.93641559495 322.928863525
3.94269878026 321.62387085
3.94898196556 322.176818848
3.95526515087 323.518005371
3.96154833618 321.40512085
3.96783152148 324.053039551
3.97411470679 324.939575195
3.9803978921 324.533660889
3.98668107741 324.313720703
3.99296426271 324.884887695
3.99924744802 325.616363525
4.00553063333 325.972473145
4.01181381863 326.382293701
4.01809700394 326.104553223
4.02438018925 326.518981934
4.03066337456 329.991882324
4.03694655986 326.812591553
4.04322974517 327.995483398
4.04951293048 327.926208496
4.05579611578 330.657440186
4.06207930109 330.484283447
4.0683624864 332.755493164
4.07464567171 332.863525391
4.08092885701 332.909484863
4.08721204232 331.884490967
4.09349522763 331.675018311
4.09977841293 334.51651001
4.10606159824 335.07913208
4.11234478355 335.743774414
4.11862796886 335.937072754
4.12491115416 336.237823486
4.13119433947 335.779174805
4.13747752478 339.708007812
4.14376071008 340.709747314
4.15004389539 338.927581787
4.1563270807 343.13192749
4.16261026601 341.539398193
4.16889345131 341.171569824
4.17517663662 341.881011963
4.18145982193 342.869781494
4.18774300724 342.420898438
4.19402619254 344.285552979
4.20030937785 346.936889648
4.20659256316 346.499023438
4.21287574846 348.972015381
4.21915893377 347.708740234
4.22544211908 348.348358154
4.23172530439 348.497497559
4.23800848969 350.769592285
4.244291675 351.013275146
4.25057486031 354.84262085
4.25685804561 353.850616455
4.26314123092 353.635925293
4.26942441623 355.476654053
4.27570760154 360.337097168
4.28199078684 359.587158203
4.28827397215 356.815338135
4.29455715746 357.974884033
4.30084034276 360.860473633
4.30712352807 358.574768066
4.31340671338 361.43951416
4.31968989869 361.77734375
4.32597308399 367.712799072
4.3322562693 363.617767334
4.33853945461 364.635009766
4.34482263991 367.622711182
4.35110582522 366.409240723
4.35738901053 367.561584473
4.36367219584 367.174926758
4.36995538114 371.0909729
4.37623856645 370.854095459
4.38252175176 370.46762085
4.38880493706 374.426422119
4.39508812237 373.23223877
4.40137130768 375.405670166
4.40765449299 374.850128174
4.41393767829 377.749389648
4.4202208636 377.522918701
4.42650404891 379.294433594
4.43278723422 377.470581055
4.43907041952 380.776977539
4.44535360483 382.954101562
4.45163679014 380.342926025
4.45791997544 382.18460083
4.46420316075 382.945953369
4.47048634606 382.171691895
4.47676953137 384.786437988
4.48305271667 385.450073242
4.48933590198 385.667022705
4.49561908729 386.888885498
4.50190227259 383.752502441
4.5081854579 385.739929199
4.51446864321 393.273010254
4.52075182852 390.204986572
4.52703501382 388.007141113
4.53331819913 391.292816162
4.53960138444 387.024597168
4.54588456974 386.209625244
4.55216775505 386.095275879
4.55845094036 385.908782959
4.56473412567 383.467376709
4.57101731097 383.698272705
4.57730049628 382.957122803
4.58358368159 383.500213623
4.58986686689 386.365081787
4.5961500522 382.979187012
4.60243323751 382.152099609
4.60871642282 383.588806152
4.61499960812 383.674835205
4.62128279343 387.657196045
4.62756597874 378.779388428
4.63384916404 386.076477051
4.64013234935 385.483062744
4.64641553466 384.450592041
4.65269871997 388.072021484
4.65898190527 387.431762695
4.66526509058 387.606536865
4.67154827589 391.31918335
4.6778314612 393.038238525
4.6841146465 389.27645874
4.69039783181 391.358062744
4.69668101712 393.181488037
4.70296420242 388.608825684
4.70924738773 392.135345459
4.71553057304 390.473022461
4.72181375835 395.328186035
4.72809694365 391.602874756
4.73438012896 396.593078613
4.74066331427 402.786590576
4.74694649957 407.852874756
4.75322968488 397.722320557
4.75951287019 407.807006836
4.7657960555 406.675720215
4.7720792408 405.492980957
4.77836242611 401.688201904
4.78464561142 404.533966064
4.79092879672 402.867706299
4.79721198203 408.307189941
4.80349516734 402.502227783
4.80977835265 417.467193604
4.81606153795 410.56439209
4.82234472326 419.881958008
4.82862790857 414.76953125
4.83491109387 413.473754883
4.84119427918 417.054199219
4.84747746449 412.213043213
4.8537606498 420.411590576
4.8600438351 418.510070801
4.86632702041 425.356872559
4.87261020572 420.354553223
4.87889339102 423.553619385
4.88517657633 422.862365723
4.89145976164 425.945800781
4.89774294695 429.75
4.90402613225 430.486328125
4.91030931756 432.046691895
4.91659250287 433.526733398
4.92287568818 430.490966797
4.92915887348 438.716003418
4.93544205879 443.59866333
4.9417252441 448.793243408
4.9480084294 444.888458252
4.95429161471 448.437011719
4.96057480002 433.345672607
4.96685798533 447.227203369
4.97314117063 461.664245605
4.97942435594 449.032928467
4.98570754125 459.282440186
4.99199072655 460.118652344
4.99827391186 452.135467529
5.00455709717 459.249938965
5.01084028248 450.709594727
5.01712346778 460.262023926
5.02340665309 474.840240479
5.0296898384 469.82421875
5.0359730237 475.825897217
5.04225620901 477.977508545
5.04853939432 483.372375488
5.05482257963 475.832092285
5.06110576493 484.070892334
5.06738895024 486.092346191
5.07367213555 486.717895508
5.07995532085 497.113555908
5.08623850616 491.344268799
5.09252169147 498.8152771
5.09880487678 489.611419678
5.10508806208 501.595825195
5.11137124739 520.297058105
5.1176544327 520.979125977
5.123937618 512.645874023
5.13022080331 513.176147461
5.13650398862 525.723754883
5.14278717393 541.756408691
5.14907035923 535.845825195
5.15535354454 520.879882812
5.16163672985 526.576965332
5.16791991516 538.292053223
5.17420310046 549.577087402
5.18048628577 547.646179199
5.18676947108 589.629943848
5.19305265638 567.31060791
5.19933584169 561.545043945
5.205619027 539.147277832
5.21190221231 543.428222656
5.21818539761 564.258117676
5.22446858292 574.20123291
5.23075176823 566.473937988
5.23703495353 604.141052246
5.24331813884 607.295410156
5.24960132415 587.770874023
5.25588450946 579.736328125
5.26216769476 605.154968262
5.26845088007 595.536560059
5.27473406538 619.347961426
5.28101725068 637.52557373
5.28730043599 607.599914551
5.2935836213 604.552307129
5.29986680661 641.042724609
5.30614999191 647.808959961
5.31243317722 618.208984375
5.31871636253 624.902893066
5.32499954783 693.284545898
5.33128273314 691.32232666
5.33756591845 679.004211426
5.34384910376 665.990722656
5.35013228906 666.094909668
5.35641547437 693.751220703
5.36269865968 710.304931641
5.36898184498 695.396057129
5.37526503029 688.086914062
5.3815482156 713.957397461
5.38783140091 735.497741699
5.39411458621 671.330627441
5.40039777152 723.294677734
5.40668095683 696.688476562
5.41296414214 758.757446289
5.41924732744 828.217224121
5.42553051275 798.576049805
5.43181369806 771.422058105
5.43809688336 925.938964844
5.44438006867 766.790527344
5.45066325398 698.461364746
5.45694643929 766.009521484
5.46322962459 876.159362793
5.4695128099 793.652282715
5.47579599521 1018.03393555
5.48207918051 949.928161621
5.48836236582 727.408935547
5.49464555113 941.700805664
5.50092873644 720.661193848
5.50721192174 1040.02087402
5.51349510705 715.55456543
5.51977829236 841.915649414
5.52606147766 734.692443848
5.53234466297 1161.61523438
5.53862784828 453.514373779
5.54491103359 1002.35534668
5.55119421889 488.227325439
5.5574774042 729.506835938
5.56376058951 -203.801239014
5.57004377481 -513.03125
