0.00942477796077 94253.4609375 27415.5800781
0.0157079632679 98953.5234375 18025.453125
0.0219911485751 85501.5859375 10136.6376953
0.0282743338823 70455.40625 6938.39648438
0.0345575191895 56405.3554688 4260.4375
0.0408407044967 46962.7851562 3363.24780273
0.0471238898038 39493.8476562 2295.16479492
0.053407075111 35266.4335938 1915.60998535
0.0596902604182 32436.6875 1531.06469727
0.0659734457254 28633.328125 1275.17956543
0.0722566310326 27194.546875 1114.90197754
0.0785398163397 23700.6875 901.570129395
0.0848230016469 21110.203125 747.353027344
0.0911061869541 18031.4804688 635.159667969
0.0973893722613 16938.53125 549.25604248
0.103672557568 15079.5390625 483.909667969
0.109955742876 13784.0898438 414.820129395
0.116238928183 13467.2636719 392.191070557
0.12252211349 12035.9824219 338.559265137
0.128805298797 11725.7578125 317.940185547
0.135088484104 10308.1542969 277.845428467
0.141371669412 9829.78808594 256.237792969
0.147654854719 9087.24316406 231.038284302
0.153938040026 8217.47460938 211.061218262
0.160221225333 8423.64941406 201.721725464
0.16650441064 7047.46972656 175.974777222
0.172787595947 7007.17089844 166.509185791
0.179070781255 6712.69042969 161.060089111
0.185353966562 6485.63085938 148.32069397
0.191637151869 6124.67871094 142.245605469
0.197920337176 5834.99414062 130.52583313
0.204203522483 5430.93945312 123.850440979
0.210486707791 5110.28515625 114.976264954
0.216769893098 4915.69726562 110.208175659
0.223053078405 4910.50878906 106.747642517
0.229336263712 4466.41992188 99.1440734863
0.235619449019 4264.20605469 94.572052002
0.241902634326 4178.82617188 90.9150390625
0.248185819634 3908.48144531 85.7172698975
0.254469004941 3664.57617188 81.8163909912
0.260752190248 3600.2734375 78.5056381226
0.267035375555 3466.36914062 75.8300094604
0.273318560862 3379.06298828 72.715637207
0.279601746169 3178.40039062 69.7409973145
0.285884931477 3039.17578125 66.9006347656
0.292168116784 2967.72802734 65.3183517456
0.298451302091 2821.34765625 62.1324272156
0.304734487398 2813.56201172 61.0763702393
0.311017672705 2706.03808594 58.6627922058
0.317300858013 2592.8515625 56.9787216187
0.32358404332 2469.07421875 54.3715057373
0.329867228627 2355.78515625 53.0087165833
0.336150413934 2328.55078125 51.3802337646
0.342433599241 2265.26708984 50.6573371887
0.348716784548 2175.89599609 48.3956604004
0.354999969856 2090.20410156 47.3401947021
0.361283155163 2054.86035156 46.2980003357
0.36756634047 2016.10595703 44.9245491028
0.373849525777 1813.96191406 43.0975112915
0.380132711084 1885.35644531 42.5582542419
0.386415896392 1740.48242188 41.1809425354
0.392699081699 1756.50390625 40.6727409363
0.398982267006 1658.45214844 38.9697608948
0.405265452313 1571.35546875 38.4823188782
0.41154863762 1517.53466797 36.9200744629
0.417831822927 1494.45751953 36.7833633423
0.424115008235 1494.71044922 35.9347686768
0.430398193542 1453.78417969 35.1598205566
0.436681378849 1446.05078125 34.7033729553
0.442964564156 1393.77783203 33.9577217102
0.449247749463 1302.32080078 32.9542236328
0.455530934771 1243.03125 32.1475639343
0.461814120078 1226.56347656 31.3645076752
0.468097305385 1158.94238281 30.955286026
0.474380490692 1198.25634766 30.4852714539
0.480663675999 1125.79785156 29.9263191223
0.486946861306 1094.65869141 29.2957439423
0.493230046614 1074.90673828 28.8510913849
0.499513231921 1048.84179688 28.3386898041
0.505796417228 1070.77197266 28.1369667053
0.512079602535 967.603027344 27.2018604279
0.518362787842 982.221191406 26.8559131622
0.524645973149 913.126464844 26.3538513184
0.530929158457 914.785644531 26.0803012848
0.537212343764 877.978515625 25.4543628693
0.543495529071 860.439941406 25.187669754
0.549778714378 881.946777344 24.9364585876
0.556061899685 810.229980469 24.5221309662
0.562345084993 837.629882812 24.0560340881
0.5686282703 756.226074219 23.6031799316
0.574911455607 761.718261719 23.3803329468
0.581194640914 746.466308594 23.0307369232
0.587477826221 729.176757812 22.7196102142
0.593761011528 667.05859375 22.2400989532
0.600044196836 691.692382812 22.0626296997
0.606327382143 647.659667969 21.7485675812
0.61261056745 614.420410156 21.2608242035
0.618893752757 606.558105469 21.068605423
0.625176938064 595.955078125 20.8072929382
0.631460123372 590.466796875 20.6212654114
0.637743308679 603.90625 20.3702812195
0.644026493986 583.419921875 20.2011928558
0.650309679293 571.262695312 19.8753147125
0.6565928646 542.543457031 19.6281719208
0.662876049907 531.020019531 19.3817768097
0.669159235215 502.728515625 19.1177349091
0.675442420522 488.081054688 18.8099842072
0.681725605829 494.485351562 18.7956295013
0.688008791136 499.852539062 18.5048351288
0.694291976443 443.478027344 18.2733325958
0.700575161751 435.967773438 17.9268169403
0.706858347058 484.610839844 18.038640976
0.713141532365 406.852539062 17.5601348877
0.719424717672 428.377929688 17.4948158264
0.725707902979 429.564941406 17.3410663605
0.731991088286 430.291992188 17.2235641479
0.738274273594 395.014160156 16.9240570068
0.744557458901 380.756347656 16.7928371429
0.750840644208 383.713867188 16.6300067902
0.757123829515 339.350097656 16.3260822296
0.763407014822 357.769042969 16.2537555695
0.769690200129 338.9453125 16.0847530365
0.775973385437 310.505371094 15.8045082092
0.782256570744 311.576660156 15.733335495
0.788539756051 315.290039062 15.5660429001
0.794822941358 293.270019531 15.5132379532
0.801106126665 305.432128906 15.3030786514
0.807389311973 304.179199219 15.2295179367
0.81367249728 292.078613281 15.0276765823
0.819955682587 295.175292969 14.9583358765
0.826238867894 277.133300781 14.7772989273
0.832522053201 274.808105469 14.6441478729
0.838805238508 252.412597656 14.4481487274
0.845088423816 232.516113281 14.3864145279
0.851371609123 263.594238281 14.2911453247
0.85765479443 243.099609375 14.1267366409
0.863937979737 215.028808594 13.9676904678
0.870221165044 229.155273438 13.8895168304
0.876504350352 217.826660156 13.7822637558
0.882787535659 189.3125 13.5619506836
0.889070720966 206.421875 13.5519866943
0.895353906273 230.565917969 13.5213899612
0.90163709158 173.344726562 13.2298765182
0.907920276887 161.993652344 13.1576223373
0.914203462195 158.390136719 12.9886322021
0.920486647502 145.726074219 12.9411802292
0.926769832809 151.388183594 12.8170833588
0.933053018116 168.250488281 12.8005990982
0.939336203423 145.698730469 12.6274051666
0.945619388731 145.541992188 12.6077680588
0.951902574038 130.829589844 12.4367589951
0.958185759345 151.213867188 12.4401893616
0.964468944652 145.325195312 12.2743024826
0.970752129959 121.3359375 12.1916809082
0.977035315266 117.601074219 12.0940904617
0.983318500574 104.493652344 11.9963035583
0.989601685881 126.601074219 11.958275795
0.995884871188 102.369628906 11.8125610352
1.0021680565 117.193359375 11.7859096527
1.0084512418 93.240234375 11.6773710251
1.01473442711 87.0756835938 11.5373487473
1.02101761242 89.5522460938 11.49538517
1.02730079772 80.4716796875 11.4166593552
1.03358398303 106.317871094 11.3929433823
1.03986716834 82.2690429688 11.2690658569
1.04615035365 82.1879882812 11.2234830856
1.05243353895 76.6342773438 11.1156320572
1.05871672426 84.6108398438 11.1049108505
1.06499990957 97.40625 11.0204362869
1.07128309487 88.3188476562 10.9610071182
1.07756628018 86.4379882812 10.883928299
1.08384946549 47.6713867188 10.7421245575
1.0901326508 62.2934570312 10.7103281021
1.0964158361 60.0537109375 10.6373767853
1.10269902141 67.3774414062 10.5892248154
1.10898220672 69.0634765625 10.5567350388
1.11526539202 45.810546875 10.4470405579
1.12154857733 43.662109375 10.365942955
1.12783176264 49.1030273438 10.3061904907
1.13411494795 59.9760742188 10.2839794159
1.14039813325 50.5493164062 10.2295045853
1.14668131856 68.6064453125 10.1878795624
1.15296450387 44.0512695312 10.0620765686
1.15924768917 49.2109375 10.0576171875
1.16553087448 45.3061523438 9.97067070007
1.17181405979 29.8471679688 9.90058517456
1.1780972451 42.4194335938 9.83866405487
1.1843804304 32.2924804688 9.82846641541
1.19066361571 16.3310546875 9.695936203
1.19694680102 18.4599609375 9.68313217163
1.20322998632 28.33203125 9.60032081604
1.20951317163 13.5444335938 9.578083992
1.21579635694 18.4833984375 9.49552822113
1.22207954225 8.63330078125 9.45145702362
1.22836272755 48.7348632812 9.46041965485
1.23464591286 16.3325195312 9.35865974426
1.24092909817 19.5991210938 9.34629058838
1.24721228348 19.9404296875 9.26699542999
1.25349546878 12.3325195312 9.20929431915
1.25977865409 24.9931640625 9.19610023499
1.2660618394 19.359375 9.12945461273
1.2723450247 18.5073242188 9.09857368469
1.27862821001 26.6206054688 9.04192256927
1.28491139532 3.0224609375 8.98835849762
1.29119458063 -1.0263671875 8.89215183258
1.29747776593 -1.1630859375 8.88922405243
1.30376095124 8.25634765625 8.84918880463
1.31004413655 1.85791015625 8.80334377289
1.31632732185 6.4619140625 8.75515460968
1.32261050716 12.6591796875 8.73594284058
1.32889369247 -4.6845703125 8.66189670563
1.33517687778 5.001953125 8.63707065582
1.34146006308 14.7211914062 8.59331321716
1.34774324839 0.92529296875 8.56027793884
1.3540264337 -1.67724609375 8.50701713562
1.360309619 -2.1943359375 8.46007061005
1.36659280431 -6.060546875 8.422706604
1.37287598962 -9.3662109375 8.36157798767
1.37915917493 0.53564453125 8.3632144928
1.38544236023 -4.22412109375 8.3060541153
1.39172554554 -1.70703125 8.26497936249
1.39800873085 4.0654296875 8.251329422
1.40429191615 -0.55859375 8.19250106812
1.41057510146 -0.681640625 8.17115879059
1.41685828677 -2.30517578125 8.11502456665
1.42314147208 -4.6943359375 8.10026264191
1.42942465738 8.10595703125 8.06019210815
1.43570784269 -9.82373046875 8.00909900665
1.441991028 -2.634765625 7.97201728821
1.4482742133 5.7021484375 7.97836685181
1.45455739861 7.130859375 7.92319631577
1.46084058392 -7.09228515625 7.8730096817
1.46712376923 16.6147460938 7.87035369873
1.47340695453 -2.4560546875 7.82132911682
1.47969013984 -7.31201171875 7.76872491837
1.48597332515 -9.24755859375 7.73712062836
1.49225651046 -8.80078125 7.70721721649
1.49853969576 -3.98876953125 7.69302129745
1.50482288107 -2.3974609375 7.6363697052
1.51110606638 -33.1962890625 7.57235479355
1.51738925168 -10.275390625 7.56665992737
1.52367243699 2.25927734375 7.56330108643
1.5299556223 -6.24365234375 7.51060199738
1.53623880761 -18.7661132812 7.46324062347
1.54252199291 -14.9140625 7.44880771637
1.54880517822 -15.0649414062 7.41846084595
1.55508836353 2.75830078125 7.39577722549
1.56137154883 -3.9140625 7.38554000854
1.56765473414 3.78173828125 7.35128641129
1.57393791945 -3.74609375 7.31137275696
1.58022110476 -5.27978515625 7.27422046661
1.58650429006 -8.56640625 7.25225067139
1.59278747537 4.04638671875 7.24332809448
1.59907066068 -5.0380859375 7.18357896805
1.60535384598 7.818359375 7.18538379669
1.61163703129 -10.17578125 7.13667678833
1.6179202166 -2.96240234375 7.11435127258
1.62420340191 -14.4233398438 7.0682144165
1.63048658721 -0.7080078125 7.06374025345
1.63676977252 -1.86572265625 7.03336906433
1.64305295783 -6.12353515625 7.00037097931
1.64933614313 -6.97998046875 6.98045539856
1.65561932844 4.1220703125 6.95288705826
1.66190251375 -3.43115234375 6.93199920654
1.66818569906 -4.13037109375 6.88520526886
1.67446888436 -0.10888671875 6.89249372482
1.68075206967 6.7158203125 6.86161279678
1.68703525498 8.44921875 6.8308930397
1.69331844028 2.64404296875 6.80153751373
1.69960162559 -4.56298828125 6.78616809845
1.7058848109 -1.49658203125 6.73441648483
1.71216799621 5.0693359375 6.74181222916
1.71845118151 -1.685546875 6.69100189209
1.72473436682 5.060546875 6.6945104599
1.73101755213 5.8955078125 6.66183376312
1.73730073744 23.7529296875 6.65551996231
1.74358392274 13.2958984375 6.63715839386
1.74986710805 16.4921875 6.60332584381
1.75615029336 -0.2353515625 6.55568742752
1.76243347866 -3.544921875 6.53177928925
1.76871666397 12.2583007812 6.52644968033
1.77499984928 13.2241210938 6.51197290421
1.78128303459 14.3012695312 6.47718334198
1.78756621989 7.07666015625 6.46260309219
1.7938494052 26.150390625 6.44507980347
1.80013259051 11.5717773438 6.42796134949
1.80641577581 1.36962890625 6.37071180344
1.81269896112 15.2202148438 6.38360881805
1.81898214643 15.326171875 6.34638547897
1.82526533174 18.2685546875 6.33615112305
1.83154851704 20.5991210938 6.31650161743
1.83783170235 20.2817382812 6.29485797882
1.84411488766 19.529296875 6.26479625702
1.85039807296 18.4086914062 6.25533533096
1.85668125827 15.5419921875 6.22080278397
1.86296444358 27.6997070312 6.22543001175
1.86924762889 33.3974609375 6.20156526566
1.87553081419 23.513671875 6.17131471634
1.8818139995 34.29296875 6.16866970062
1.88809718481 28.9702148438 6.14105510712
1.89438037011 28.6860351562 6.12302160263
1.90066355542 24.4233398438 6.0810956955
1.90694674073 17.3881835938 6.0665473938
1.91322992604 36.9384765625 6.07409954071
1.91951311134 27.615234375 6.02925729752
1.92579629665 32.2861328125 6.02819538116
1.93207948196 39.9794921875 6.00285577774
1.93836266726 34.9565429688 6.00252580643
1.94464585257 41.0639648438 5.96806001663
1.95092903788 43.5029296875 5.9614367485
1.95721222319 45.0795898438 5.9371881485
1.96349540849 42.3051757812 5.92214822769
1.9697785938 37.9916992188 5.89663124084
1.97606177911 52.2983398438 5.88867425919
1.98234496442 55.9975585938 5.88120174408
1.98862814972 56.0297851562 5.86572980881
1.99491133503 48.9931640625 5.83477973938
2.00119452034 62.0380859375 5.83473300934
2.00747770564 62.8349609375 5.81568050385
2.01376089095 66.154296875 5.80751562119
2.02004407626 62.5659179688 5.77694177628
2.02632726157 63.841796875 5.75660181046
2.03261044687 61.6416015625 5.74216365814
2.03889363218 65.7734375 5.7383556366
2.04517681749 71.5483398438 5.71427059174
2.05146000279 59.9609375 5.68614864349
2.0577431881 67.4565429688 5.67785263062
2.06402637341 77.3706054688 5.67549180984
2.07030955872 82.9760742188 5.65963077545
2.07659274402 77.8642578125 5.6392493248
2.08287592933 93.9282226562 5.64994525909
2.08915911464 83.2573242188 5.6177945137
2.09544229994 87.2080078125 5.59148454666
2.10172548525 89.0083007812 5.59512662888
2.10800867056 85.7060546875 5.56083345413
2.11429185587 89.3764648438 5.55507278442
2.12057504117 91.841796875 5.54128170013
2.12685822648 92.3969726562 5.52260112762
2.13314141179 91.2221679688 5.50529098511
2.13942459709 102.767089844 5.50067806244
2.1457077824 105.976074219 5.49171733856
2.15199096771 100.272460938 5.47557878494
2.15827415302 113.564453125 5.45836496353
2.16455733832 119.303222656 5.46687746048
2.17084052363 114.813476562 5.4296002388
2.17712370894 116.224121094 5.43142795563
2.18340689424 116.230957031 5.4107336998
2.18969007955 120.118652344 5.3944106102
2.19597326486 139.854492188 5.4023938179
2.20225645017 132.768066406 5.38394355774
2.20853963547 130.470703125 5.36358308792
2.21482282078 138.349609375 5.35688924789
2.22110600609 145.870605469 5.34549951553
2.2273891914 141.662109375 5.33755159378
2.2336723767 151.278320312 5.31821107864
2.23995556201 150.387207031 5.31515073776
2.24623874732 150.984375 5.29352474213
2.25252193262 158.467285156 5.29212903976
2.25880511793 159.989257812 5.27985572815
2.26508830324 154.459472656 5.25040960312
2.27137148855 178.279785156 5.27378559113
2.27765467385 170.3515625 5.23860931396
2.28393785916 175.999511719 5.23660993576
2.29022104447 166.713378906 5.21423101425
2.29650422977 179.649902344 5.20356559753
2.30278741508 197.106933594 5.22638654709
2.30907060039 193.743652344 5.19101381302
2.3153537857 184.326660156 5.17783069611
2.321636971 187.443847656 5.15570211411
2.32792015631 202.583984375 5.17103910446
2.33420334162 203.110351562 5.15547180176
2.34048652692 206.086914062 5.13927364349
2.34676971223 202.59375 5.12212753296
2.35305289754 218.293945312 5.1261677742
2.35933608285 209.867675781 5.10503005981
2.36561926815 227.333984375 5.11662054062
2.37190245346 221.451660156 5.08236169815
2.37818563877 225.069335938 5.08481502533
2.38446882407 241.289550781 5.08114099503
2.39075200938 245.577148438 5.07799530029
2.39703519469 246.145019531 5.06508493423
2.40331838 250.072753906 5.05112743378
2.4096015653 253.337890625 5.04041194916
2.41588475061 258.245605469 5.03568220139
2.42216793592 248.7578125 5.00758838654
2.42845112122 265.886230469 5.025431633
2.43473430653 268.458984375 5.00267982483
2.44101749184 265.541503906 4.99446058273
2.44730067715 268.832519531 4.97501659393
2.45358386245 286.280273438 4.99342298508
2.45986704776 288.240234375 4.97180938721
2.46615023307 285.018554688 4.96056938171
2.47243341838 304.047851562 4.96770524979
2.47871660368 303.722167969 4.95704889297
2.48499978899 290.1484375 4.92489957809
2.4912829743 309.516601562 4.93331098557
2.4975661596 315.5703125 4.93236446381
2.50384934491 333.712890625 4.93085622787
2.51013253022 325.275878906 4.91268396378
2.51641571553 335.607910156 4.91322803497
2.52269890083 343.311035156 4.90105819702
2.52898208614 342.526855469 4.89914655685
2.53526527145 342.161132812 4.8780837059
2.54154845675 355.604980469 4.88363027573
2.54783164206 366.92578125 4.87908744812
2.55411482737 366.71484375 4.87542581558
2.56039801268 377.823730469 4.86818933487
2.56668119798 377.05859375 4.84951353073
2.57296438329 388.002441406 4.85699605942
2.5792475686 390.677734375 4.84633731842
2.5855307539 388.027832031 4.82696914673
2.59181393921 399.798828125 4.83330345154
2.59809712452 414.062988281 4.83272361755
2.60438030983 411.018066406 4.822701931
2.61066349513 419.715332031 4.8083114624
2.61694668044 428.795410156 4.81634998322
2.62322986575 439.76171875 4.81355905533
2.62951305105 439.010253906 4.79385137558
2.63579623636 459.578125 4.8091006279
2.64207942167 447.326171875 4.78220701218
2.64836260698 462.895019531 4.78761100769
2.65464579228 475.728515625 4.78487920761
2.66092897759 475.519042969 4.77575445175
2.6672121629 485.27734375 4.77816390991
2.6734953482 496.062988281 4.76665830612
2.67977853351 494.144042969 4.76203584671
2.68606171882 503.912597656 4.75609540939
2.69234490413 511.847167969 4.75742387772
2.69862808943 523.696289062 4.7549290657
2.70491127474 533.928710938 4.75604104996
2.71119446005 535.976074219 4.74345207214
2.71747764536 551.658691406 4.74662923813
2.72376083066 552.854003906 4.7353053093
2.73004401597 566.350097656 4.7343621254
2.73632720128 575.752929688 4.74325847626
2.74261038658 577.719726562 4.7282538414
2.74889357189 593.561035156 4.7266201973
2.7551767572 597.698730469 4.72818136215
2.76145994251 614.207519531 4.72454214096
2.76774312781 628.623046875 4.73245334625
2.77402631312 626.756347656 4.71677827835
2.78030949843 643.129394531 4.72374248505
2.78659268373 653.496582031 4.7225985527
2.79287586904 673.139160156 4.72946023941
2.79915905435 669.82421875 4.71026325226
2.80544223966 675.701171875 4.71176671982
2.81172542496 684.692382812 4.70202112198
2.81800861027 703.0 4.72411251068
2.82429179558 717.795410156 4.70671606064
2.83057498088 721.97265625 4.70776128769
2.83685816619 732.671386719 4.70685720444
2.8431413515 738.429199219 4.70302534103
2.84942453681 756.713867188 4.70728158951
2.85570772211 765.785644531 4.70506858826
2.86199090742 781.926757812 4.71029949188
2.86827409273 794.451171875 4.70934534073
2.87455727803 799.472167969 4.70226764679
2.88084046334 826.796386719 4.71915245056
2.88712364865 832.53515625 4.71029996872
2.89340683396 844.52734375 4.71606731415
2.89969001926 852.541015625 4.70852899551
2.90597320457 862.466308594 4.70938110352
2.91225638988 871.352050781 4.70043039322
2.91853957518 896.724609375 4.71913337708
2.92482276049 903.192382812 4.70999097824
2.9311059458 911.9453125 4.70807361603
2.93738913111 927.735351562 4.71465492249
2.94367231641 938.995117188 4.71158885956
2.94995550172 958.017089844 4.71626377106
2.95623868703 977.64453125 4.72903251648
2.96252187234 983.242675781 4.71556472778
2.96880505764 1003.41210938 4.72845077515
2.97508824295 1018.69580078 4.73016309738
2.98137142826 1027.55029297 4.72676610947
2.98765461356 1037.859375 4.72392463684
2.99393779887 1044.06347656 4.72292709351
3.00022098418 1063.80859375 4.7305688858
3.00650416949 1087.32275391 4.73755264282
3.01278735479 1105.63964844 4.74168300629
3.0190705401 1124.11328125 4.75004148483
3.02535372541 1129.68164062 4.73939275742
3.03163691071 1153.29150391 4.75510501862
3.03792009602 1160.31933594 4.74411153793
3.04420328133 1184.72851562 4.76100254059
3.05048646664 1200.16748047 4.76240634918
3.05676965194 1214.59863281 4.76582765579
3.06305283725 1241.52880859 4.77318572998
3.06933602256 1260.78857422 4.78412342072
3.07561920786 1275.74169922 4.77997732162
3.08190239317 1298.32763672 4.79797935486
3.08818557848 1305.22802734 4.78569173813
3.09446876379 1329.27099609 4.80172348022
3.10075194909 1351.546875 4.80212545395
3.1070351344 1365.33886719 4.81285572052
3.11331831971 1398.00537109 4.82211828232
3.11960150501 1406.29296875 4.82597160339
3.12588469032 1426.18359375 4.82437801361
3.13216787563 1441.64453125 4.83310985565
3.13845106094 1472.3515625 4.84629774094
3.14473424624 1488.80810547 4.8471865654
3.15101743155 1508.26904297 4.85941457748
3.15730061686 1524.08251953 4.8566069603
3.16358380216 1554.61767578 4.87132072449
3.16986698747 1572.12744141 4.8792552948
3.17615017278 1591.31787109 4.87684011459
3.18243335809 1615.63232422 4.89695453644
3.18871654339 1650.80957031 4.90540027618
3.1949997287 1664.60107422 4.91145038605
3.20128291401 1682.90625 4.9143204689
3.20756609932 1714.40966797 4.9361333847
3.21384928462 1738.60302734 4.93481111526
3.22013246993 1752.76464844 4.94947528839
3.22641565524 1764.31396484 4.96060657501
3.23269884054 1772.50244141 4.97704744339
3.23898202585 1776.31201172 4.97885417938
3.24526521116 1788.50732422 4.99800205231
3.25154839647 1796.72753906 5.00777339935
3.25783158177 1797.20751953 5.01351356506
3.26411476708 1802.41162109 5.02124214172
3.27039795239 1808.24462891 5.03497266769
3.27668113769 1828.94970703 5.05051708221
3.282964323 1831.80761719 5.06280755997
3.28924750831 1841.45849609 5.07522583008
3.29553069362 1848.33837891 5.08624172211
3.30181387892 1862.37402344 5.0996260643
3.30809706423 1873.77392578 5.121778965
3.31438024954 1863.34765625 5.11274147034
3.32066343484 1880.86914062 5.13641834259
3.32694662015 1889.51074219 5.14829540253
3.33322980546 1905.35742188 5.16306781769
3.33951299077 1907.27392578 5.17282056808
3.34579617607 1921.30029297 5.19128608704
3.35207936138 1923.69287109 5.19820594788
3.35836254669 1935.77490234 5.21705198288
3.36464573199 1946.14794922 5.23066234589
3.3709289173 1957.62451172 5.24156951904
3.37721210261 1964.16796875 5.26060390472
3.38349528792 1975.3515625 5.26751327515
3.38977847322 1984.00488281 5.28611135483
3.39606165853 2001.73486328 5.30896425247
3.40234484384 2006.83154297 5.31731081009
3.40862802914 2009.54980469 5.33061647415
3.41491121445 2034.19433594 5.34615278244
3.42119439976 2026.71679688 5.36124992371
3.42747758507 2036.10791016 5.36512327194
3.43376077037 2057.078125 5.39315605164
3.44004395568 2057.11230469 5.40092563629
3.44632714099 2068.17431641 5.41825723648
3.4526103263 2085.34570312 5.43419742584
3.4588935116 2098.01220703 5.46132183075
3.46517669691 2111.06835938 5.4710316658
3.47145988222 2131.16601562 5.50032043457
3.47774306752 2123.56835938 5.49704933167
3.48402625283 2138.27832031 5.52181196213
3.49030943814 2152.77587891 5.54408073425
3.49659262345 2164.75 5.55131864548
3.50287580875 2171.61035156 5.57726097107
3.50915899406 2186.61572266 5.59292125702
3.51544217937 2207.453125 5.61769247055
3.52172536467 2206.18310547 5.62639904022
3.52800854998 2222.28613281 5.64816188812
3.53429173529 2240.61230469 5.67152738571
3.5405749206 2239.43017578 5.67465829849
3.5468581059 2264.50341797 5.71548271179
3.55314129121 2270.60253906 5.71293830872
3.55942447652 2287.12841797 5.75190067291
3.56570766182 2307.71777344 5.77151298523
3.57199084713 2314.07324219 5.78838825226
3.57827403244 2321.58398438 5.80004549026
3.58455721775 2335.76611328 5.82691431046
3.59084040305 2366.73925781 5.86273956299
3.59712358836 2369.87304688 5.87256288528
3.60340677367 2387.95263672 5.89532327652
3.60968995897 2396.68115234 5.92115211487
3.61597314428 2412.5078125 5.93315553665
3.62225632959 2437.05664062 5.97412204742
3.6285395149 2440.54443359 5.98319959641
3.6348227002 2456.73828125 6.00671958923
3.64110588551 2462.69482422 6.01878976822
3.64738907082 2486.64990234 6.05407524109
3.65367225612 2492.83056641 6.07622432709
3.65995544143 2504.88085938 6.09025716782
3.66623862674 2529.4375 6.12243366241
3.67252181205 2536.26757812 6.14675188065
3.67880499735 2559.86816406 6.17220497131
3.68508818266 2573.54833984 6.1996216774
3.69137136797 2589.25488281 6.22373533249
3.69765455328 2608.64648438 6.251537323
3.70393773858 2620.20654297 6.27541923523
3.71022092389 2641.94628906 6.30428361893
3.7165041092 2655.42089844 6.3295340538
3.7227872945 2676.24853516 6.36216831207
3.72907047981 2695.94433594 6.39037132263
3.73535366512 2703.36132812 6.41263723373
3.74163685043 2729.78320312 6.44616317749
3.74792003573 2747.42871094 6.47648191452
3.75420322104 2760.24511719 6.49543762207
3.76048640635 2775.22705078 6.52979707718
3.76676959165 2807.44775391 6.5725736618
3.77305277696 2812.99951172 6.59347105026
3.77933596227 2836.09228516 6.61233234406
3.78561914758 2841.75585938 6.65096664429
3.79190233288 2879.98291016 6.68774986267
3.79818551819 2883.74462891 6.71188163757
3.8044687035 2907.78173828 6.74629116058
3.8107518888 2946.30615234 6.80132627487
3.81703507411 2957.22265625 6.82123327255
3.82331825942 2973.88818359 6.851354599
3.82960144473 2988.91162109 6.88172864914
3.83588463003 3018.28515625 6.93010234833
3.84216781534 3041.26220703 6.95702695847
3.84845100065 3074.52880859 7.01426172256
3.85473418595 3080.37304688 7.03112649918
3.86101737126 3102.26367188 7.07207727432
3.86730055657 3109.35058594 7.09619951248
3.87358374188 3153.22900391 7.14853048325
3.87986692718 3161.80175781 7.18126964569
3.88615011249 3185.94433594 7.21121692657
3.8924332978 3217.05664062 7.27134799957
3.8987164831 3228.34863281 7.29024457932
3.90499966841 3251.23095703 7.33224725723
3.91128285372 3282.92382812 7.39273738861
3.91756603903 3306.14990234 7.42040395737
3.92384922433 3327.77197266 7.46760749817
3.93013240964 3343.60449219 7.49766016006
3.93641559495 3381.00195312 7.56494665146
3.94269878026 3391.62109375 7.57913923264
3.94898196556 3422.79785156 7.63550901413
3.95526515087 3431.734375 7.67005968094
3.96154833618 3473.1875 7.73421001434
3.96783152148 3503.16796875 7.77544927597
3.97411470679 3532.37939453 7.83636569977
3.9803978921 3564.91210938 7.88327360153
3.98668107741 3586.33056641 7.93691968918
3.99296426271 3621.57421875 7.97783374786
3.99924744802 3646.37207031 8.0419216156
4.00553063333 3667.72070312 8.07914066315
4.01181381863 3704.08789062 8.14157009125
4.01809700394 3721.79101562 8.18324661255
4.02438018925 3758.77636719 8.24764156342
4.03066337456 3781.79882812 8.29934597015
4.03694655986 3831.11230469 8.36522865295
4.04322974517 3840.21386719 8.40235233307
4.04951293048 3884.79101562 8.48241901398
4.05579611578 3897.95898438 8.519323349
4.06207930109 3927.73242188 8.5859003067
4.0683624864 3964.01269531 8.63049507141
4.07464567171 4001.67578125 8.72296905518
4.08092885701 4044.65039062 8.77950382233
4.08721204232 4046.44335938 8.81010532379
4.09349522763 4110.09570312 8.91951370239
4.09977841293 4140.01171875 8.97541904449
4.10606159824 4150.43457031 9.01601314545
4.11234478355 4194.09765625 9.09865665436
4.11862796886 4239.62792969 9.17046546936
4.12491115416 4270.09179688 9.25665664673
4.13119433947 4298.54882812 9.30173778534
4.13747752478 4340.61230469 9.38913822174
4.14376071008 4390.51953125 9.47212505341
4.15004389539 4396.43554688 9.51870632172
4.1563270807 4467.72949219 9.63392353058
4.16261026601 4484.375 9.68353748322
4.16889345131 4513.68945312 9.76038837433
4.17517663662 4551.47851562 9.83845901489
4.18145982193 4593.44921875 9.91914558411
4.18774300724 4634.83984375 10.0061788559
4.19402619254 4665.77246094 10.0942697525
4.20030937785 4727.37402344 10.2019472122
4.20659256316 4761.04980469 10.2649717331
4.21287574846 4779.1875 10.3595657349
4.21915893377 4817.43847656 10.4228506088
4.22544211908 4850.29101562 10.5110702515
4.23172530439 4893.04003906 10.6081829071
4.23800848969 4936.78808594 10.7157964706
4.244291675 4998.81347656 10.8271284103
4.25057486031 5028.08984375 10.8946352005
4.25685804561 5067.63378906 11.0154600143
4.26314123092 5111.94921875 11.1132678986
4.26942441623 5157.30566406 11.2184667587
4.27570760154 5216.19628906 11.34329319
4.28199078684 5237.27441406 11.4233999252
4.28827397215 5281.6328125 11.5373077393
4.29455715746 5341.16015625 11.6537256241
4.30084034276 5370.56933594 11.7607774734
4.30712352807 5428.06542969 11.8896455765
4.31340671338 5474.43164062 12.0068855286
4.31968989869 5503.49609375 12.1247520447
4.32597308399 5544.69921875 12.2084140778
4.3322562693 5582.36230469 12.3419103622
4.33853945461 5648.53320312 12.4943943024
4.34482263991 5705.671875 12.6220426559
4.35110582522 5701.74121094 12.7226009369
4.35738901053 5785.22167969 12.8671102524
4.36367219584 5807.12597656 12.9882640839
4.36995538114 5879.80957031 13.1520366669
4.37623856645 5917.10546875 13.2994699478
4.38252175176 6001.31640625 13.4922428131
4.38880493706 6007.11425781 13.5532827377
4.39508812237 6019.72949219 13.6989736557
4.40137130768 6099.21386719 13.8646507263
4.40765449299 6147.3515625 14.0362253189
4.41393767829 6137.46875 14.1070661545
4.4202208636 6221.36621094 14.3130216599
4.42650404891 6239.11425781 14.4785251617
4.43278723422 6332.70410156 14.6411170959
4.43907041952 6339.85742188 14.8262319565
4.44535360483 6396.52539062 14.9664020538
4.45163679014 6420.39550781 15.1477899551
4.45791997544 6448.53320312 15.2838783264
4.46420316075 6483.1328125 15.4487953186
4.47048634606 6531.421875 15.6768379211
4.47676953137 6587.27246094 15.8511400223
4.48305271667 6617.35253906 16.0352783203
4.48933590198 6648.14941406 16.2229747772
4.49561908729 6661.20703125 16.3918170929
4.50190227259 6691.12988281 16.5977153778
4.5081854579 6708.80175781 16.7213459015
4.51446864321 6690.21582031 16.8904857635
4.52075182852 6740.19238281 17.1210594177
4.52703501382 6775.32128906 17.3361701965
4.53331819913 6795.98535156 17.5328769684
4.53960138444 6790.74804688 17.7134532928
4.54588456974 6761.79101562 17.8660373688
4.55216775505 6805.66113281 18.1018657684
4.55845094036 6820.32128906 18.2955303192
4.56473412567 6839.06054688 18.5414600372
4.57101731097 6886.40625 18.771818161
4.57730049628 6848.62304688 18.8676376343
4.58358368159 6935.25878906 19.2008705139
4.58986686689 6924.78027344 19.3571605682
4.5961500522 6958.04199219 19.5885925293
4.60243323751 6986.57421875 19.8157482147
4.60871642282 7032.64257812 20.0510578156
4.61499960812 7047.81347656 20.2985095978
4.62128279343 7067.29589844 20.4694137573
4.62756597874 7165.56835938 20.8484897614
4.63384916404 7186.67285156 21.0699634552
4.64013234935 7203.16015625 21.31042099
4.64641553466 7279.69726562 21.6021518707
4.65269871997 7251.60351562 21.7367191315
4.65898190527 7345.27832031 22.131772995
4.66526509058 7431.82617188 22.4842453003
4.67154827589 7388.24414062 22.5778827667
4.6778314612 7442.03613281 22.8800506592
4.6841146465 7467.35839844 23.1804885864
4.69039783181 7525.88867188 23.4660663605
4.69668101712 7560.55859375 23.7175674438
4.70296420242 7613.95605469 24.1051635742
4.70924738773 7714.45507812 24.5155239105
4.71553057304 7713.19433594 24.669883728
4.72181375835 7741.61328125 24.9857635498
4.72809694365 7800.06640625 25.3426647186
4.73438012896 7923.96484375 25.8318843842
4.74066331427 7916.35546875 25.9965076447
4.74694649957 7997.84277344 26.4702663422
4.75322968488 8023.84960938 26.7357463837
4.75951287019 8105.1875 27.1639614105
4.7657960555 8152.55664062 27.5302219391
4.7720792408 8203.07519531 27.8666725159
4.77836242611 8209.9453125 28.1752471924
4.78464561142 8319.31933594 28.6902446747
4.79092879672 8359.55566406 28.9669551849
4.79721198203 8466.0546875 29.566991806
4.80349516734 8454.24707031 29.8660583496
4.80977835265 8539.90722656 30.2564163208
4.81606153795 8642.64355469 30.8139133453
4.82234472326 8641.71191406 31.1318759918
4.82862790857 8747.68261719 31.7363243103
4.83491109387 8803.60351562 32.024810791
4.84119427918 8859.61621094 32.5997161865
4.84747746449 8931.86425781 33.1318702698
4.8537606498 9051.68261719 33.7039260864
4.8600438351 9083.01757812 34.0710105896
4.86632702041 9215.03125 34.855266571
4.87261020572 9264.6171875 35.2851905823
4.87889339102 9320.77441406 35.7686233521
4.88517657633 9397.30859375 36.3277740479
4.89145976164 9411.4609375 36.8434791565
4.89774294695 9501.93457031 37.4338417053
4.90402613225 9614.33300781 38.0566749573
4.91030931756 9735.015625 38.8422546387
4.91659250287 9763.88378906 39.3526763916
4.92287568818 9896.5078125 40.1529922485
4.92915887348 9987.1484375 40.7943725586
4.93544205879 10042.5576172 41.3346977234
4.9417252441 10078.1376953 42.0667190552
4.9480084294 10200.0732422 42.8508415222
4.95429161471 10288.1181641 43.4315071106
4.96057480002 10343.3095703 44.2444992065
4.96685798533 10459.1376953 45.2156677246
4.97314117063 10591.5224609 45.8594970703
4.97942435594 10685.3466797 46.6956176758
4.98570754125 10776.2802734 47.7225532532
4.99199072655 10794.4169922 48.3960037231
4.99827391186 10878.9912109 48.8987846375
5.00455709717 11082.46875 50.3359870911
5.01084028248 11238.1064453 51.5602226257
5.01712346778 11278.8681641 52.3932876587
5.02340665309 11348.6689453 52.8698997498
5.0296898384 11588.5878906 54.6101646423
5.0359730237 11554.1796875 55.2620582581
5.04225620901 11650.3427734 56.1585693359
5.04853939432 11860.5820312 57.6676826477
5.05482257963 11979.2070312 58.7953605652
5.06110576493 12065.0273438 60.3020553589
5.06738895024 12121.546875 60.6239051819
5.07367213555 12345.8339844 62.5640792847
5.07995532085 12439.6542969 63.996006012
5.08623850616 12592.5390625 65.3899765015
5.09252169147 12636.6972656 66.1928939819
5.09880487678 12719.4414062 67.4816436768
5.10508806208 13024.8378906 70.0429534912
5.11137124739 13192.6054688 71.5932769775
5.1176544327 13288.9707031 72.6725540161
5.123937618 13420.8867188 74.6134643555
5.13022080331 13551.390625 76.4093704224
5.13650398862 13528.0605469 77.2425613403
5.14278717393 13678.4804688 78.8023376465
5.14907035923 13947.1132812 81.8950119019
5.15535354454 14157.6738281 84.5290603638
5.16163672985 14227.9492188 84.9088363647
5.16791991516 14267.6953125 86.8770370483
5.17420310046 14546.8496094 90.0069961548
5.18048628577 14793.6171875 93.0203704834
5.18676947108 14938.9785156 94.2442245483
5.19305265638 15028.4140625 96.9453964233
5.19933584169 15253.1914062 100.069091797
5.205619027 15429.3671875 102.458061218
5.21190221231 15554.7441406 104.54094696
5.21818539761 15771.2558594 108.226173401
5.22446858292 16082.2929688 112.816375732
5.23075176823 15995.078125 112.629226685
5.23703495353 16254.6542969 116.537574768
5.24331813884 16640.1503906 122.469642639
5.24960132415 16715.1992188 125.938400269
5.25588450946 16694.0488281 125.489501953
5.26216769476 17246.5996094 132.190338135
5.26845088007 17430.0527344 138.35446167
5.27473406538 17493.1171875 141.484771729
5.28101725068 17827.359375 144.147186279
5.28730043599 17948.2558594 149.716049194
5.2935836213 18351.5566406 157.005065918
5.29986680661 18754.9941406 163.225616455
5.30614999191 18601.6542969 164.402450562
5.31243317722 19031.3652344 172.661071777
5.31871636253 19194.90625 180.702972412
5.32499954783 19331.0957031 181.9790802
5.33128273314 19962.0253906 193.343078613
5.33756591845 19885.1386719 200.520782471
5.34384910376 19908.6953125 207.836166382
5.35013228906 20590.1269531 210.313217163
5.35641547437 20904.9121094 226.300338745
5.36269865968 20771.2792969 235.80317688
5.36898184498 21284.6914062 244.976318359
5.37526503029 21421.0820312 244.391296387
5.3815482156 21510.3984375 264.703887939
5.38783140091 22712.8105469 295.567687988
5.39411458621 22515.8671875 287.308227539
5.40039777152 22482.0722656 292.045623779
5.40668095683 22555.4238281 318.621917725
5.41296414214 23376.2734375 361.46697998
5.41924732744 23472.6972656 337.20980835
5.42553051275 24100.9882812 362.223907471
5.43181369806 24309.4921875 403.871276855
5.43809688336 24490.328125 458.731292725
5.44438006867 24306.6679688 407.54864502
5.45066325398 25572.4140625 458.767669678
5.45694643929 25985.2714844 529.45111084
5.46322962459 24947.8554688 577.1640625
5.4695128099 26437.0371094 544.167541504
5.47579599521 26358.7480469 587.808532715
5.48207918051 26889.7578125 723.44909668
5.48836236582 28292.0742188 820.12487793
5.49464555113 27906.9726562 755.243347168
5.50092873644 27350.6171875 818.307373047
5.50721192174 28763.5585938 1263.53894043
5.51349510705 29817.2382812 1065.0267334
5.51977829236 29010.0039062 1156.72607422
5.52606147766 31668.328125 1447.05761719
5.53234466297 30043.453125 2222.04663086
5.53862784828 30724.0585938 1851.21276855
5.54491103359 29611.3085938 2265.35668945
5.55119421889 34351.0898438 3497.44677734
5.5574774042 30160.140625 6050.06347656
5.56376058951 31877.5351562 6892.62890625
5.57004377481 57666.9023438 33280.2929688
