0.00942477796077 75233.109375 22149.7714844
0.0157079632679 82463.578125 15160.8779297
0.0219911485751 72115.375 8634.41992188
0.0282743338823 58961.8554688 5878.97949219
0.0345575191895 51334.6015625 3908.66967773
0.0408407044967 43064.453125 3111.17993164
0.0471238898038 35187.734375 2072.77807617
0.053407075111 32495.4511719 1784.08886719
0.0596902604182 29938.8261719 1429.20483398
0.0659734457254 26541.5761719 1196.21801758
0.0722566310326 25682.3105469 1063.06506348
0.0785398163397 22369.4179688 860.242126465
0.0848230016469 19937.0214844 714.238037109
0.0911061869541 17571.3457031 623.202941895
0.0973893722613 16362.3300781 535.431152344
0.103672557568 14319.890625 466.066650391
0.109955742876 13106.6601562 400.302154541
0.116238928183 13036.609375 383.582672119
0.12252211349 11534.1835938 329.040252686
0.128805298797 11337.7441406 311.047607422
0.135088484104 10132.8710938 275.215148926
0.141371669412 9649.02148438 253.634216309
0.147654854719 8864.26757812 227.850601196
0.153938040026 8042.72021484 208.745849609
0.160221225333 8067.00830078 196.725540161
0.16650441064 6840.51025391 173.363510132
0.172787595947 6876.72119141 165.127853394
0.179070781255 6548.32861328 159.206130981
0.185353966562 6375.25537109 147.301055908
0.191637151869 5911.10107422 139.865325928
0.197920337176 5715.67724609 129.460632324
0.204203522483 5225.70751953 121.737663269
0.210486707791 4938.23486328 113.343162537
0.216769893098 4799.64404297 109.259681702
0.223053078405 4670.35009766 104.434684753
0.229336263712 4424.93896484 99.0644226074
0.235619449019 4250.76806641 94.7937088013
0.241902634326 4105.93212891 90.5140914917
0.248185819634 3770.36083984 84.6697235107
0.254469004941 3569.89990234 81.217338562
0.260752190248 3606.66845703 78.8945388794
0.267035375555 3381.52490234 75.3536300659
0.273318560862 3347.65722656 72.7411270142
0.279601746169 3167.80908203 69.952835083
0.285884931477 3043.04199219 67.2342376709
0.292168116784 2847.30664062 64.5736618042
0.298451302091 2739.42089844 61.732585907
0.304734487398 2797.31738281 61.2244148254
0.311017672705 2609.91308594 58.1652336121
0.317300858013 2566.51367188 57.0410575867
0.32358404332 2419.58300781 54.2538146973
0.329867228627 2265.03076172 52.577419281
0.336150413934 2287.15332031 51.3268280029
0.342433599241 2220.82226562 50.5816955566
0.348716784548 2142.96484375 48.4047393799
0.354999969856 2031.36914062 47.1657524109
0.361283155163 2010.88769531 46.22996521
0.36756634047 1942.46679688 44.6565513611
0.373849525777 1768.88964844 43.0244102478
0.380132711084 1818.67333984 42.3449325562
0.386415896392 1705.14306641 41.1735458374
0.392699081699 1680.78125 40.4068450928
0.398982267006 1618.70898438 38.935218811
0.405265452313 1581.73242188 38.7605247498
0.41154863762 1467.91601562 36.8269462585
0.417831822927 1458.78515625 36.7744789124
0.424115008235 1492.18847656 36.121711731
0.430398193542 1435.05615234 35.2497634888
0.436681378849 1392.85839844 34.5942726135
0.442964564156 1334.62548828 33.816242218
0.449247749463 1275.22167969 32.9939117432
0.455530934771 1224.06396484 32.2314529419
0.461814120078 1205.10253906 31.4331512451
0.468097305385 1136.65283203 31.0193710327
0.474380490692 1123.82958984 30.2735919952
0.480663675999 1104.94775391 29.9961681366
0.486946861306 1055.34912109 29.2694416046
0.493230046614 1037.58300781 28.8352031708
0.499513231921 1034.14111328 28.4366092682
0.505796417228 1083.99658203 28.3724994659
0.512079602535 955.622558594 27.3105278015
0.518362787842 952.559082031 26.8777713776
0.524645973149 903.527832031 26.4715690613
0.530929158457 899.8203125 26.1713581085
0.537212343764 841.900878906 25.4456386566
0.543495529071 863.684082031 25.3605613708
0.549778714378 863.228027344 25.0069522858
0.556061899685 783.146484375 24.5544242859
0.562345084993 816.283691406 24.1129608154
0.5686282703 735.37890625 23.6620826721
0.574911455607 767.586914062 23.5552330017
0.581194640914 735.286621094 23.1300048828
0.587477826221 666.926757812 22.5999145508
0.593761011528 657.688476562 22.3450527191
0.600044196836 643.018554688 22.0022296906
0.606327382143 635.072265625 21.8382339478
0.61261056745 617.260253906 21.4119987488
0.618893752757 588.883789062 21.1355514526
0.625176938064 591.327636719 20.9258384705
0.631460123372 615.136230469 20.855386734
0.637743308679 589.666015625 20.4484977722
0.644026493986 572.010742188 20.2901096344
0.650309679293 562.540527344 19.9733390808
0.6565928646 540.845214844 19.7523574829
0.662876049907 522.365722656 19.4783744812
0.669159235215 467.46484375 19.1137523651
0.675442420522 461.733398438 18.8390483856
0.681725605829 473.898925781 18.845911026
0.688008791136 469.857421875 18.5201129913
0.694291976443 465.407226562 18.4769134521
0.700575161751 428.76171875 18.0230102539
0.706858347058 465.579101562 18.0925140381
0.713141532365 402.383300781 17.664522171
0.719424717672 410.14453125 17.5504302979
0.725707902979 415.245117188 17.4096870422
0.731991088286 414.875976562 17.2879486084
0.738274273594 371.586914062 16.9606018066
0.744557458901 350.615722656 16.8065414429
0.750840644208 343.185546875 16.6088733673
0.757123829515 325.69140625 16.3940525055
0.763407014822 336.851074219 16.2973518372
0.769690200129 329.620605469 16.1658554077
0.775973385437 347.102050781 16.0326137543
0.782256570744 308.126464844 15.8319444656
0.788539756051 309.731933594 15.6568489075
0.794822941358 297.38671875 15.634847641
0.801106126665 283.990722656 15.3429279327
0.807389311973 281.753417969 15.266125679
0.81367249728 269.586425781 15.0636835098
0.819955682587 262.409667969 14.9627275467
0.826238867894 266.634277344 14.849190712
0.832522053201 252.9140625 14.6811599731
0.838805238508 239.807617188 14.5125217438
0.845088423816 218.5 14.4465703964
0.851371609123 233.699707031 14.303814888
0.85765479443 214.438964844 14.1429157257
0.863937979737 215.584472656 14.0686235428
0.870221165044 214.306640625 13.9452390671
0.876504350352 203.75 13.8398962021
0.882787535659 176.617675781 13.6229171753
0.889070720966 174.81640625 13.5593166351
0.895353906273 197.555664062 13.524728775
0.90163709158 171.857910156 13.3206472397
0.907920276887 150.862792969 13.2214365005
0.914203462195 155.8359375 13.0751123428
0.920486647502 168.7265625 13.0973339081
0.926769832809 159.926757812 12.9325008392
0.933053018116 158.73828125 12.8669509888
0.939336203423 157.094726562 12.7488632202
0.945619388731 143.947753906 12.6944932938
0.951902574038 135.358398438 12.538687706
0.958185759345 147.172851562 12.519244194
0.964468944652 130.914550781 12.3255491257
0.970752129959 112.455078125 12.2571372986
0.977035315266 119.424804688 12.186545372
0.983318500574 109.041503906 12.0952224731
0.989601685881 82.5415039062 11.9333076477
0.995884871188 119.534667969 11.9417381287
1.0021680565 100.602539062 11.8299589157
1.0084512418 95.0717773438 11.767124176
1.01473442711 84.0703125 11.6142244339
1.02101761242 89.2778320312 11.5786418915
1.02730079772 75.8159179688 11.4888076782
1.03358398303 83.13671875 11.4196500778
1.03986716834 66.31640625 11.3130350113
1.04615035365 76.0698242188 11.2908763885
1.05243353895 93.5180664062 11.2371873856
1.05871672426 56.3735351562 11.1190662384
1.06499990957 79.01953125 11.0575790405
1.07128309487 84.0747070312 11.0311231613
1.07756628018 56.4057617188 10.8936223984
1.08384946549 53.177734375 10.8340024948
1.0901326508 70.9682617188 10.8089361191
1.0964158361 65.41796875 10.7277917862
1.10269902141 49.3642578125 10.625992775
1.10898220672 69.0688476562 10.6341638565
1.11526539202 52.7475585938 10.5396518707
1.12154857733 45.3471679688 10.4461421967
1.12783176264 61.7001953125 10.4100503922
1.13411494795 59.3037109375 10.3580551147
1.14039813325 45.4755859375 10.2936458588
1.14668131856 51.0454101562 10.2242336273
1.15296450387 29.482421875 10.1046609879
1.15924768917 30.7778320312 10.0917663574
1.16553087448 27.05078125 10.0049362183
1.17181405979 20.1513671875 9.95304584503
1.1780972451 30.1435546875 9.88518238068
1.1843804304 38.1469726562 9.91354942322
1.19066361571 26.7729492188 9.78980922699
1.19694680102 25.1430664062 9.76894569397
1.20322998632 30.59375 9.67603874207
1.20951317163 23.361328125 9.66957187653
1.21579635694 8.791015625 9.54597473145
1.22207954225 25.7436523438 9.55680656433
1.22836272755 34.0424804688 9.50016593933
1.23464591286 29.0581054688 9.45390224457
1.24092909817 3.544921875 9.38304710388
1.24721228348 22.5322265625 9.34088039398
1.25349546878 13.009765625 9.27901363373
1.25977865409 20.0522460938 9.25434589386
1.2660618394 12.9208984375 9.18438625336
1.2723450247 23.455078125 9.1757850647
1.27862821001 4.1240234375 9.06482315063
1.28491139532 7.9638671875 9.06487941742
1.29119458063 -15.0517578125 8.93120670319
1.29747776593 6.2685546875 8.96978855133
1.30376095124 -7.7431640625 8.88418292999
1.31004413655 5.8154296875 8.87642383575
1.31632732185 6.82080078125 8.82091522217
1.32261050716 4.36962890625 8.78507328033
1.32889369247 -2.0498046875 8.73140907288
1.33517687778 19.4990234375 8.7285118103
1.34146006308 10.7641601562 8.6496963501
1.34774324839 -11.6186523438 8.6006193161
1.3540264337 -5.29052734375 8.56366920471
1.360309619 -4.12353515625 8.51951885223
1.36659280431 1.32470703125 8.49903869629
1.37287598962 7.02783203125 8.45383834839
1.37915917493 -19.2309570312 8.38948440552
1.38544236023 -13.0932617188 8.35188961029
1.39172554554 3.18408203125 8.33532428741
1.39800873085 -2.5390625 8.3008441925
1.40429191615 -2.69140625 8.24968624115
1.41057510146 -7.75146484375 8.21941566467
1.41685828677 -1.36181640625 8.17712497711
1.42314147208 -0.58251953125 8.16787528992
1.42942465738 -27.0688476562 8.05848693848
1.43570784269 -7.07275390625 8.07364749908
1.441991028 -13.2905273438 8.01289272308
1.4482742133 -20.953125 7.99145460129
1.45455739861 -13.6767578125 7.94625711441
1.46084058392 -6.11669921875 7.93337726593
1.46712376923 -11.1772460938 7.88129281998
1.47340695453 -8.11962890625 7.86993169785
1.47969013984 1.6298828125 7.84178590775
1.48597332515 -16.9155273438 7.78188943863
1.49225651046 0.591796875 7.7804813385
1.49853969576 -21.779296875 7.72052240372
1.50482288107 -17.1928710938 7.66863918304
1.51110606638 -15.91015625 7.65782403946
1.51738925168 8.5859375 7.65423727036
1.52367243699 -17.5224609375 7.58702468872
1.5299556223 -9.2021484375 7.56174039841
1.53623880761 -17.15625 7.52164649963
1.54252199291 -22.3286132812 7.49237394333
1.54880517822 -16.5205078125 7.47150468826
1.55508836353 -12.6625976562 7.42598772049
1.56137154883 -13.4370117188 7.42524194717
1.56765473414 -11.0883789062 7.382188797
1.57393791945 -19.2348632812 7.341173172
1.58022110476 -20.8540039062 7.30374336243
1.58650429006 0.0419921875 7.31994581223
1.59278747537 -6.416015625 7.28071832657
1.59907066068 -2.71484375 7.24074459076
1.60535384598 2.23779296875 7.23006439209
1.61163703129 -22.6635742188 7.17047786713
1.6179202166 2.609375 7.17597341537
1.62420340191 -10.9111328125 7.12641239166
1.63048658721 -8.6728515625 7.10408067703
1.63676977252 -10.9418945312 7.07184457779
1.64305295783 -8.22314453125 7.04934453964
1.64933614313 -8.1103515625 7.03077363968
1.65561932844 -0.90771484375 6.99699068069
1.66190251375 7.37744140625 6.99995565414
1.66818569906 -12.4731445312 6.92398929596
1.67446888436 -8.068359375 6.93185853958
1.68075206967 -8.8251953125 6.88943862915
1.68703525498 4.47509765625 6.87574863434
1.69331844028 4.705078125 6.85518503189
1.69960162559 -1.087890625 6.84186983109
1.7058848109 6.88232421875 6.7968454361
1.71216799621 3.7705078125 6.79003620148
1.71845118151 6.80517578125 6.75319337845
1.72473436682 3.06689453125 6.74138450623
1.73101755213 5.82470703125 6.71125507355
1.73730073744 16.2275390625 6.69396114349
1.74358392274 11.5424804688 6.68389415741
1.74986710805 -1.38134765625 6.62670660019
1.75615029336 -1.78759765625 6.6022734642
1.76243347866 6.23828125 6.59435367584
1.76871666397 5.64404296875 6.5655298233
1.77499984928 6.5693359375 6.55090045929
1.78128303459 -3.24609375 6.50058794022
1.78756621989 16.947265625 6.52449560165
1.7938494052 8.02734375 6.46750545502
1.80013259051 20.1997070312 6.48772716522
1.80641577581 13.8349609375 6.43539524078
1.81269896112 32.208984375 6.45449256897
1.81898214643 13.6982421875 6.39122581482
1.82526533174 14.0869140625 6.37738370895
1.83154851704 9.8681640625 6.34862279892
1.83783170235 24.046875 6.34664344788
1.84411488766 17.8530273438 6.30895519257
1.85039807296 29.77734375 6.31712722778
1.85668125827 16.5029296875 6.26824712753
1.86296444358 36.0224609375 6.28270053864
1.86924762889 21.0625 6.23086547852
1.87553081419 31.515625 6.2277097702
1.8818139995 33.3872070312 6.21303844452
1.88809718481 25.6948242188 6.18212938309
1.89438037011 32.6806640625 6.17360591888
1.90066355542 28.5346679688 6.13153362274
1.90694674073 38.7275390625 6.13960170746
1.91322992604 28.7177734375 6.10817050934
1.91951311134 35.8974609375 6.08467054367
1.92579629665 43.3090820312 6.08711338043
1.93207948196 30.6352539062 6.03505086899
1.93836266726 43.5234375 6.05797529221
1.94464585257 45.0458984375 6.01721572876
1.95092903788 31.4462890625 5.98989915848
1.95721222319 38.9125976562 5.97306060791
1.96349540849 38.6918945312 5.96121358871
1.9697785938 51.8559570312 5.95780944824
1.97606177911 48.1611328125 5.9267706871
1.98234496442 41.8286132812 5.90653324127
1.98862814972 52.443359375 5.90434169769
1.99491133503 49.677734375 5.87861251831
2.00119452034 62.1640625 5.87774324417
2.00747770564 60.0825195312 5.85494852066
2.01376089095 58.482421875 5.84057092667
2.02004407626 69.5126953125 5.82798194885
2.02632726157 64.6166992188 5.79982089996
2.03261044687 61.9760742188 5.78475189209
2.03889363218 71.060546875 5.78697633743
2.04517681749 73.1479492188 5.75811195374
2.05146000279 76.2221679688 5.74779272079
2.0577431881 77.0205078125 5.73115158081
2.06402637341 67.4282226562 5.70496034622
2.07030955872 76.474609375 5.69314479828
2.07659274402 87.0703125 5.69163608551
2.08287592933 80.0649414062 5.67445230484
2.08915911464 78.5400390625 5.65320205688
2.09544229994 84.9599609375 5.62964487076
2.10172548525 88.2749023438 5.63510608673
2.10800867056 84.6440429688 5.60020589828
2.11429185587 98.5971679688 5.60656785965
2.12057504117 88.6108398438 5.57789993286
2.12685822648 94.7202148438 5.56563568115
2.13314141179 100.998046875 5.55695676804
2.13942459709 108.118164062 5.54699230194
2.1457077824 106.893554688 5.53274536133
2.15199096771 98.9790039062 5.51395702362
2.15827415302 105.870605469 5.48909473419
2.16455733832 100.450195312 5.48467636108
2.17084052363 120.381347656 5.47544908524
2.17712370894 125.331542969 5.48135900497
2.18340689424 117.624511719 5.45161485672
2.18969007955 118.549316406 5.43174552917
2.19597326486 124.878417969 5.42433023453
2.20225645017 131.877929688 5.42188024521
2.20853963547 134.561035156 5.40704774857
2.21482282078 131.633789062 5.38799667358
2.22110600609 143.209960938 5.38106441498
2.2273891914 140.931152344 5.37526988983
2.2336723767 133.4140625 5.33651828766
2.23995556201 148.934570312 5.35183334351
2.24623874732 154.788085938 5.33591604233
2.25252193262 153.034179688 5.32415914536
2.25880511793 149.531738281 5.30622148514
2.26508830324 171.030761719 5.30653953552
2.27137148855 162.39453125 5.29402256012
2.27765467385 158.414550781 5.26308631897
2.28393785916 170.84765625 5.26849508286
2.29022104447 179.103027344 5.26525211334
2.29650422977 183.719726562 5.24527645111
2.30278741508 180.297851562 5.24535560608
2.30907060039 194.905761719 5.22934961319
2.3153537857 183.08203125 5.21353721619
2.321636971 194.198242188 5.19985675812
2.32792015631 199.195800781 5.20425224304
2.33420334162 200.727539062 5.189661026
2.34048652692 195.104492188 5.1641292572
2.34676971223 206.908691406 5.16325139999
2.35305289754 205.4375 5.14890098572
2.35933608285 220.500488281 5.15266656876
2.36561926815 225.523925781 5.15099048615
2.37190245346 224.444824219 5.12161111832
2.37818563877 225.915527344 5.12178945541
2.38446882407 225.827636719 5.10083007812
2.39075200938 231.727539062 5.09934616089
2.39703519469 251.364257812 5.10633134842
2.40331838 242.256347656 5.07863616943
2.4096015653 248.280761719 5.07071208954
2.41588475061 255.5234375 5.0683465004
2.42216793592 255.533691406 5.04995346069
2.42845112122 268.4296875 5.06342172623
2.43473430653 266.826171875 5.03618240356
2.44101749184 267.801757812 5.03192806244
2.44730067715 266.208984375 5.00731706619
2.45358386245 289.984375 5.03220033646
2.45986704776 283.6015625 5.00190973282
2.46615023307 291.619628906 5.00204753876
2.47243341838 291.130859375 4.98928976059
2.47871660368 307.524902344 4.9955072403
2.48499978899 299.794921875 4.96910619736
2.4912829743 307.7734375 4.96596193314
2.4975661596 315.344726562 4.96649217606
2.50384934491 319.827148438 4.95118188858
2.51013253022 326.551757812 4.94810771942
2.51641571553 329.036621094 4.940762043
2.52269890083 340.295898438 4.93201065063
2.52898208614 333.695800781 4.92432022095
2.53526527145 362.143066406 4.93162059784
2.54154845675 360.1875 4.92189073563
2.54783164206 362.488769531 4.90835666656
2.55411482737 369.362304688 4.91163539886
2.56039801268 372.511230469 4.89647102356
2.56668119798 375.033691406 4.88089799881
2.57296438329 384.691894531 4.88710689545
2.5792475686 392.161621094 4.88102674484
2.5855307539 397.206054688 4.86899137497
2.59181393921 409.205566406 4.87550354004
2.59809712452 413.637695312 4.86531162262
2.60438030983 408.363769531 4.85309457779
2.61066349513 425.494140625 4.84664773941
2.61694668044 430.026855469 4.85032081604
2.62322986575 431.854980469 4.83870029449
2.62951305105 444.346191406 4.8315038681
2.63579623636 454.569335938 4.8368768692
2.64207942167 454.987792969 4.82191181183
2.64836260698 457.934082031 4.81528997421
2.65464579228 476.268554688 4.81766366959
2.66092897759 482.769042969 4.81479787827
2.6672121629 494.459472656 4.81896924973
2.6734953482 494.940917969 4.79763031006
2.67977853351 498.844726562 4.79843854904
2.68606171882 507.873535156 4.79169368744
2.69234490413 522.615234375 4.7993183136
2.69862808943 526.079101562 4.78891515732
2.70491127474 530.16796875 4.78426980972
2.71119446005 545.091308594 4.78349876404
2.71747764536 563.920410156 4.78948307037
2.72376083066 561.618652344 4.77482938766
2.73004401597 569.668457031 4.7687792778
2.73632720128 585.130859375 4.78323745728
2.74261038658 592.09375 4.77265739441
2.74889357189 602.438964844 4.76586580276
2.7551767572 607.365722656 4.76812696457
2.76145994251 618.193359375 4.75917768478
2.76774312781 625.209960938 4.7603468895
2.77402631312 629.68359375 4.75031757355
2.78030949843 636.145996094 4.74828863144
2.78659268373 649.361328125 4.74965286255
2.79287586904 668.845214844 4.75631093979
2.79915905435 673.743164062 4.74436950684
2.80544223966 680.093261719 4.7462682724
2.81172542496 699.351074219 4.74553728104
2.81800861027 711.013183594 4.76175546646
2.82429179558 712.642578125 4.73245191574
2.83057498088 731.720214844 4.74667596817
2.83685816619 745.668945312 4.74855804443
2.8431413515 752.108886719 4.74524831772
2.84942453681 759.206054688 4.73955821991
2.85570772211 770.724609375 4.73942279816
2.86199090742 784.077636719 4.742146492
2.86827409273 796.186523438 4.74074840546
2.87455727803 806.638183594 4.73832845688
2.88084046334 815.372070312 4.73897838593
2.88712364865 831.979003906 4.73950004578
2.89340683396 838.912597656 4.74085283279
2.89969001926 859.783203125 4.74435186386
2.90597320457 863.997558594 4.74021577835
2.91225638988 883.487792969 4.74027681351
2.91853957518 891.022949219 4.74362468719
2.92482276049 905.885253906 4.7415971756
2.9311059458 926.570800781 4.74981832504
2.93738913111 935.295410156 4.75030660629
2.94367231641 943.991699219 4.7449631691
2.94995550172 961.155273438 4.74797773361
2.95623868703 981.284179688 4.76114606857
2.96252187234 988.110839844 4.74859380722
2.96880505764 1007.45361328 4.76075220108
2.97508824295 1011.2734375 4.75272846222
2.98137142826 1031.0625 4.75847196579
2.98765461356 1045.83642578 4.75929880142
2.99393779887 1064.56640625 4.76874494553
3.00022098418 1089.84472656 4.78092718124
3.00650416949 1088.25488281 4.76684570312
3.01278735479 1104.8828125 4.76950263977
3.0190705401 1127.55419922 4.78130626678
3.02535372541 1148.7890625 4.78352832794
3.03163691071 1167.43017578 4.79509496689
3.03792009602 1177.45068359 4.78642702103
3.04420328133 1197.61621094 4.79979276657
3.05048646664 1209.39208984 4.79809474945
3.05676965194 1236.45800781 4.81181812286
3.06305283725 1240.84570312 4.80059814453
3.06933602256 1267.16210938 4.81727361679
3.07561920786 1278.97949219 4.81046152115
3.08190239317 1293.27978516 4.82171583176
3.08818557848 1318.453125 4.8241610527
3.09446876379 1347.53466797 4.8442492485
3.10075194909 1352.33691406 4.83038330078
3.1070351344 1365.02490234 4.84021949768
3.11331831971 1396.68115234 4.84857225418
3.11960150501 1405.82470703 4.853099823
3.12588469032 1440.74462891 4.86344909668
3.13216787563 1458.37255859 4.87388706207
3.13845106094 1470.56933594 4.87219333649
3.14473424624 1501.28125 4.88437461853
3.15101743155 1520.33105469 4.89625072479
3.15730061686 1530.93212891 4.88918924332
3.16358380216 1571.05322266 4.91143321991
3.16986698747 1593.96142578 4.92359018326
3.17615017278 1604.68701172 4.91434240341
3.18243335809 1621.97167969 4.92892074585
3.18871654339 1656.04638672 4.93637514114
3.1949997287 1672.1015625 4.94417190552
3.20128291401 1706.82861328 4.95982122421
3.20756609932 1725.60400391 4.97164964676
3.21384928462 1748.72900391 4.96934938431
3.22013246993 1763.48339844 4.98450183868
3.22641565524 1775.69873047 4.99616765976
3.23269884054 1776.18847656 5.00666236877
3.23898202585 1777.99511719 5.00689744949
3.24526521116 1801.03417969 5.03458929062
3.25154839647 1803.46777344 5.03985118866
3.25783158177 1816.92285156 5.05580282211
3.26411476708 1821.52197266 5.06308698654
3.27039795239 1834.86376953 5.08279848099
3.27668113769 1834.87207031 5.08206367493
3.282964323 1848.74609375 5.10309505463
3.28924750831 1851.4921875 5.1101064682
3.29553069362 1853.66210938 5.11744308472
3.30181387892 1870.85205078 5.13333320618
3.30809706423 1888.00878906 5.16013050079
3.31438024954 1886.35546875 5.15803194046
3.32066343484 1902.82470703 5.18096113205
3.32694662015 1904.01708984 5.18696784973
3.33322980546 1911.76220703 5.19532108307
3.33951299077 1920.85205078 5.21083211899
3.34579617607 1933.87890625 5.22855472565
3.35207936138 1941.36230469 5.23957014084
3.35836254669 1953.67529297 5.25867414474
3.36464573199 1966.05908203 5.27393484116
3.3709289173 1965.55761719 5.27527475357
3.37721210261 1985.22460938 5.30492353439
3.38349528792 1992.37353516 5.30858135223
3.38977847322 2011.00976562 5.33529090881
3.39606165853 2009.80517578 5.34298467636
3.40234484384 2021.44140625 5.35662603378
3.40862802914 2027.21337891 5.37247896194
3.41491121445 2034.39746094 5.37389850616
3.42119439976 2063.40917969 5.4186501503
3.42747758507 2058.06982422 5.41056489944
3.43376077037 2058.43896484 5.42198801041
3.44004395568 2083.2109375 5.44988489151
3.44632714099 2098.01171875 5.47033262253
3.4526103263 2101.54394531 5.47519683838
3.4588935116 2116.06933594 5.50396490097
3.46517669691 2114.30371094 5.50157546997
3.47145988222 2125.890625 5.52397489548
3.47774306752 2145.65478516 5.54310417175
3.48402625283 2147.18701172 5.55716609955
3.49030943814 2168.19384766 5.58484983444
3.49659262345 2175.90625 5.58856916428
3.50287580875 2187.06201172 5.61818790436
3.50915899406 2199.578125 5.6318192482
3.51544217937 2220.48535156 5.65670061111
3.52172536467 2223.97119141 5.66940975189
3.52800854998 2228.76123047 5.68186378479
3.53429173529 2246.93457031 5.70515155792
3.5405749206 2271.72167969 5.72986888885
3.5468581059 2271.51074219 5.74981927872
3.55314129121 2277.38916016 5.74704551697
3.55942447652 2295.95751953 5.78786611557
3.56570766182 2306.99951172 5.7995095253
3.57199084713 2320.59863281 5.82251024246
3.57827403244 2325.97851562 5.83241176605
3.58455721775 2350.54638672 5.86809587479
3.59084040305 2368.28076172 5.89284038544
3.59712358836 2378.03808594 5.90828514099
3.60340677367 2397.97070312 5.93265628815
3.60968995897 2395.91894531 5.94947195053
3.61597314428 2423.75390625 5.97163677216
3.62225632959 2439.28076172 6.00506877899
3.6285395149 2451.06494141 6.02123308182
3.6348227002 2467.68408203 6.04517745972
3.64110588551 2470.41162109 6.05453824997
3.64738907082 2492.36083984 6.08819723129
3.65367225612 2511.17236328 6.1212682724
3.65995544143 2518.15478516 6.13098192215
3.66623862674 2533.78710938 6.15556335449
3.67252181205 2558.79638672 6.19565105438
3.67880499735 2577.81054688 6.21718883514
3.68508818266 2587.49755859 6.24126434326
3.69137136797 2612.10351562 6.2731590271
3.69765455328 2621.0625 6.29199409485
3.70393773858 2651.49902344 6.3323841095
3.71022092389 2656.34570312 6.34662246704
3.7165041092 2668.85253906 6.37111902237
3.7227872945 2683.52001953 6.39845752716
3.72907047981 2717.31347656 6.43907928467
3.73535366512 2720.88623047 6.45808696747
3.74163685043 2728.43554688 6.47507715225
3.74792003573 2757.18261719 6.51525402069
3.75420322104 2760.86035156 6.52618551254
3.76048640635 2775.46044922 6.56030511856
3.76676959165 2810.24609375 6.60542631149
3.77305277696 2824.31347656 6.63398218155
3.77933596227 2833.47851562 6.64044094086
3.78561914758 2857.00341797 6.69519138336
3.79190233288 2895.328125 6.73207950592
3.79818551819 2908.76611328 6.76503372192
3.8044687035 2912.47216797 6.7812628746
3.8107518888 2947.40771484 6.83316612244
3.81703507411 2968.88134766 6.86265516281
3.82331825942 2982.14257812 6.88978624344
3.82960144473 2992.98046875 6.91645622253
3.83588463003 3032.16699219 6.97387123108
3.84216781534 3045.25537109 6.99182462692
3.84845100065 3058.32226562 7.03071975708
3.85473418595 3079.12353516 7.06131267548
3.86101737126 3111.49658203 7.11198568344
3.86730055657 3141.99951172 7.15777444839
3.87358374188 3167.55175781 7.19330024719
3.87986692718 3181.01123047 7.23071956635
3.88615011249 3207.91210938 7.26327466965
3.8924332978 3223.89501953 7.30954742432
3.8987164831 3249.21435547 7.34156084061
3.90499966841 3267.98730469 7.37986755371
3.91128285372 3302.05126953 7.44278430939
3.91756603903 3322.45410156 7.46783828735
3.92384922433 3351.02685547 7.52176380157
3.93013240964 3359.125 7.54462146759
3.93641559495 3393.46191406 7.60920524597
3.94269878026 3420.43310547 7.63893890381
3.94898196556 3450.78759766 7.69473648071
3.95526515087 3471.22265625 7.74047660828
3.96154833618 3494.41601562 7.78734636307
3.96783152148 3523.01513672 7.82734632492
3.97411470679 3545.21582031 7.88172197342
3.9803978921 3560.95996094 7.91249752045
3.98668107741 3597.64404297 7.9810757637
3.99296426271 3636.01025391 8.02505874634
3.99924744802 3654.91845703 8.0836353302
4.00553063333 3684.14697266 8.12864494324
4.01181381863 3712.97705078 8.18384456635
4.01809700394 3751.01025391 8.24565124512
4.02438018925 3779.22900391 8.30160331726
4.03066337456 3801.64306641 8.35289287567
4.03694655986 3847.10791016 8.41506385803
4.04322974517 3849.99658203 8.44616603851
4.04951293048 3885.82177734 8.51766204834
4.05579611578 3907.35986328 8.56306171417
4.06207930109 3933.24267578 8.62590694427
4.0683624864 3984.26416016 8.68540382385
4.07464567171 4016.97607422 8.7732000351
4.08092885701 4048.35595703 8.81802558899
4.08721204232 4086.26025391 8.88556861877
4.09349522763 4130.78759766 8.9757604599
4.09977841293 4154.46533203 9.02541351318
4.10606159824 4187.75048828 9.0897436142
4.11234478355 4206.75439453 9.14716720581
4.11862796886 4229.18603516 9.19512748718
4.12491115416 4289.62646484 9.31276702881
4.13119433947 4317.84912109 9.35769557953
4.13747752478 4342.15087891 9.42669200897
4.14376071008 4394.26806641 9.51212978363
4.15004389539 4430.10009766 9.59055519104
4.1563270807 4465.87548828 9.66830921173
4.16261026601 4506.53857422 9.7436542511
4.16889345131 4538.62451172 9.82375621796
4.17517663662 4579.54541016 9.90544033051
4.18145982193 4617.54052734 9.98207473755
4.18774300724 4659.10400391 10.069562912
4.19402619254 4672.16650391 10.1385211945
4.20030937785 4716.99560547 10.2280187607
4.20659256316 4782.27099609 10.3257789612
4.21287574846 4792.17626953 10.4117164612
4.21915893377 4881.26318359 10.5314016342
4.22544211908 4892.63525391 10.5962553024
4.23172530439 4916.52197266 10.6726779938
4.23800848969 4958.07666016 10.778181076
4.244291675 5016.62841797 10.8858308792
4.25057486031 5047.74560547 10.9556102753
4.25685804561 5106.77587891 11.0990743637
4.26314123092 5135.25341797 11.1791057587
4.26942441623 5212.69677734 11.3215322495
4.27570760154 5205.80517578 11.3708219528
4.28199078684 5262.63623047 11.4926023483
4.28827397215 5297.07373047 11.5952978134
4.29455715746 5338.35595703 11.6905508041
4.30084034276 5395.34228516 11.8303756714
4.30712352807 5453.82177734 11.960770607
4.31340671338 5471.55517578 12.0442371368
4.31968989869 5527.83544922 12.1950397491
4.32597308399 5579.41064453 12.2913885117
4.3322562693 5629.45458984 12.4404964447
4.33853945461 5676.61767578 12.5703687668
4.34482263991 5695.34130859 12.6512937546
4.35110582522 5740.69287109 12.8129901886
4.35738901053 5827.37353516 12.9617567062
4.36367219584 5835.26123047 13.0661001205
4.36995538114 5876.75830078 13.1911497116
4.37623856645 5941.94873047 13.3741722107
4.38252175176 5960.37548828 13.4836616516
4.38880493706 6028.11474609 13.6238517761
4.39508812237 6050.40478516 13.7827033997
4.40137130768 6110.32666016 13.9233989716
4.40765449299 6153.21923828 14.0885810852
4.41393767829 6178.28662109 14.2056751251
4.4202208636 6239.97412109 14.3829040527
4.42650404891 6253.88037109 14.543964386
4.43278723422 6337.99267578 14.694026947
4.43907041952 6386.24365234 14.935500145
4.44535360483 6412.31591797 15.0344734192
4.45163679014 6460.23583984 15.2496089935
4.45791997544 6496.79736328 15.3980093002
4.46420316075 6516.39892578 15.5428829193
4.47048634606 6556.86083984 15.7608728409
4.47676953137 6614.67041016 15.93846035
4.48305271667 6610.77001953 16.0747776031
4.48933590198 6653.23486328 16.2796630859
4.49561908729 6703.94482422 16.5038604736
4.50190227259 6723.04736328 16.6949520111
4.5081854579 6740.89697266 16.8194179535
4.51446864321 6766.82470703 17.0563354492
4.52075182852 6802.74267578 17.26720047
4.52703501382 6800.77880859 17.4271335602
4.53331819913 6822.53955078 17.6263942719
4.53960138444 6819.93701172 17.8120746613
4.54588456974 6850.75244141 18.0597953796
4.55216775505 6851.78271484 18.2294025421
4.55845094036 6878.22705078 18.4431533813
4.56473412567 6915.00537109 18.7200756073
4.57101731097 6925.91845703 18.8923397064
4.57730049628 6951.09521484 19.0929794312
4.58358368159 6950.76416016 19.2836456299
4.58986686689 6987.77978516 19.5204944611
4.5961500522 7020.88623047 19.7531394958
4.60243323751 7052.96337891 19.987859726
4.60871642282 7103.47802734 20.2321891785
4.61499960812 7113.63525391 20.4728965759
4.62128279343 7146.34521484 20.6681938171
4.62756597874 7227.18701172 21.0183563232
4.63384916404 7210.67138672 21.1740455627
4.64013234935 7255.16748047 21.4661388397
4.64641553466 7269.89306641 21.6465358734
4.65269871997 7337.45166016 21.9569950104
4.65898190527 7401.17333984 22.2987709045
4.66526509058 7446.51708984 22.5756511688
4.67154827589 7466.56494141 22.7898902893
4.6778314612 7472.06982422 23.0021514893
4.6841146465 7525.11767578 23.3572120667
4.69039783181 7620.40771484 23.7152729034
4.69668101712 7650.19873047 23.9592075348
4.70296420242 7714.49658203 24.3712024689
4.70924738773 7724.84033203 24.6043262482
4.71553057304 7773.71142578 24.8597373962
4.72181375835 7841.46630859 25.2572727203
4.72809694365 7892.64794922 25.6018867493
4.73438012896 7910.11376953 25.8738765717
4.74066331427 7974.99658203 26.1894226074
4.74694649957 8053.19287109 26.6585044861
4.75322968488 8098.61767578 26.9666252136
4.75951287019 8123.80615234 27.2769374847
4.7657960555 8237.70898438 27.787984848
4.7720792408 8159.76611328 27.8468418121
4.77836242611 8328.71679688 28.5118408203
4.78464561142 8349.12890625 28.8324508667
4.79092879672 8424.734375 29.1891765594
4.79721198203 8439.57226562 29.5844669342
4.80349516734 8547.60742188 30.1580142975
4.80977835265 8513.390625 30.2741184235
4.81606153795 8616.35546875 30.8323326111
4.82234472326 8731.03710938 31.4224071503
4.82862790857 8789.56445312 31.9172954559
4.83491109387 8850.68164062 32.2190818787
4.84119427918 8945.20507812 32.8899650574
4.84747746449 9003.46484375 33.3910179138
4.8537606498 9061.21289062 33.8119354248
4.8600438351 9069.78515625 34.1232452393
4.86632702041 9172.70898438 34.8347740173
4.87261020572 9259.96679688 35.3604240417
4.87889339102 9352.94726562 35.9392318726
4.88517657633 9437.19726562 36.5201339722
4.89145976164 9517.26367188 37.2117576599
4.89774294695 9589.63867188 37.75756073
4.90402613225 9614.80273438 38.1495361328
4.91030931756 9771.25585938 39.0331916809
4.91659250287 9798.96875 39.5425682068
4.92287568818 9865.2734375 40.1612129211
4.92915887348 9909.0390625 40.6715354919
4.93544205879 10068.0800781 41.5033531189
4.9417252441 10150.5996094 42.3725166321
4.9480084294 10169.2988281 42.8607711792
4.95429161471 10321.0 43.6272697449
4.96057480002 10442.5898438 44.6398506165
4.96685798533 10492.859375 45.4196815491
4.97314117063 10562.7011719 45.8757476807
4.97942435594 10818.2265625 47.2062149048
4.98570754125 10743.5273438 47.7270545959
4.99199072655 10911.3222656 48.8712081909
4.99827391186 10932.3515625 49.1754875183
5.00455709717 11068.9863281 50.4025115967
5.01084028248 11219.0800781 51.6096382141
5.01712346778 11270.2167969 52.4776191711
5.02340665309 11365.609375 53.0394935608
5.0296898384 11606.8457031 54.7871894836
5.0359730237 11618.1386719 55.5979652405
5.04225620901 11681.4824219 56.3844528198
5.04853939432 11855.2753906 57.7689399719
5.05482257963 12043.5859375 59.1450691223
5.06110576493 12194.6816406 60.895149231
5.06738895024 12295.5722656 61.3790664673
5.07367213555 12371.9433594 62.7868156433
5.07995532085 12469.4433594 64.2364120483
5.08623850616 12542.5429688 65.3298873901
5.09252169147 12625.8046875 66.2824325562
5.09880487678 12816.2089844 67.9920883179
5.10508806208 13053.171875 70.2915496826
5.11137124739 12997.4199219 70.9453277588
5.1176544327 13231.4335938 72.5777282715
5.123937618 13377.6640625 74.5761108398
5.13022080331 13600.7519531 76.7612304688
5.13650398862 13632.0644531 77.8316116333
5.14278717393 13850.1660156 79.6902084351
5.14907035923 13972.0957031 82.1564102173
5.15535354454 14098.4277344 84.4161758423
5.16163672985 14251.8945312 85.1711273193
5.16791991516 14358.5410156 87.4529724121
5.17420310046 14595.328125 90.3957748413
5.18048628577 14756.2363281 93.0051269531
5.18676947108 15003.609375 94.7210617065
5.19305265638 15174.3613281 97.8353881836
5.19933584169 15412.0507812 101.04246521
5.205619027 15459.5761719 102.787635803
5.21190221231 15581.1289062 104.855278015
5.21818539761 15831.6113281 108.728652954
5.22446858292 15994.5097656 112.524032593
5.23075176823 16122.4960938 113.513313293
5.23703495353 16254.6035156 116.728462219
5.24331813884 16452.8710938 121.586784363
5.24960132415 16715.9804688 126.145141602
5.25588450946 16796.4824219 126.294906616
5.26216769476 17172.6191406 131.949569702
5.26845088007 17674.8007812 140.106735229
5.27473406538 17571.0878906 142.203308105
5.28101725068 17858.9785156 144.570343018
5.28730043599 18196.9277344 151.594726562
5.2935836213 18216.6328125 156.31590271
5.29986680661 18376.4550781 160.818527222
5.30614999191 18526.5722656 164.112716675
5.31243317722 19176.3632812 173.970672607
5.31871636253 19394.9472656 182.482223511
5.32499954783 19605.46875 184.326080322
5.33128273314 19520.4042969 190.135345459
5.33756591845 19902.7558594 200.945236206
5.34384910376 20198.7539062 210.586502075
5.35013228906 20089.7949219 206.420700073
5.35641547437 20678.4472656 224.594070435
5.36269865968 21071.0253906 238.907546997
5.36898184498 21265.421875 245.117660522
5.37526503029 21782.8554688 248.111053467
5.3815482156 21964.5644531 269.655853271
5.38783140091 21832.2070312 286.406555176
5.39411458621 22302.4023438 285.408477783
5.40039777152 22688.8027344 294.644287109
5.40668095683 23254.890625 327.231872559
5.41296414214 24150.5488281 371.914855957
5.41924732744 24078.40625 344.897827148
5.42553051275 24199.6152344 363.900604248
5.43181369806 24676.5898438 409.478515625
5.43809688336 23715.46875 447.049621582
5.44438006867 24831.5214844 415.432067871
5.45066325398 24718.9414062 446.308563232
5.45694643929 25431.2441406 520.45111084
5.46322962459 26625.203125 610.601928711
5.4695128099 25721.5214844 532.220092773
5.47579599521 26802.6425781 596.887573242
5.48207918051 27790.3417969 744.928527832
5.48836236582 26017.5878906 764.257202148
5.49464555113 27781.6445312 753.125915527
5.50092873644 27589.8105469 825.310546875
5.50721192174 31304.6113281 1361.08374023
5.51349510705 29715.3613281 1062.93212891
5.51977829236 28639.5253906 1145.15100098
5.52606147766 33450.2304688 1519.52783203
5.53234466297 33285.5390625 2432.22070312
5.53862784828 33247.8164062 1985.28613281
5.54491103359 34934.828125 2620.18041992
5.55119421889 29190.1113281 3037.04858398
5.5574774042 23356.9472656 4871.73339844
5.56376058951 39543.8984375 8347.89941406
5.57004377481 53405.7421875 31020.8886719
