0.0188495559215 3988.91 1106.84
0.0314159265359 2987.05 520.303
0.0439822971503 2235.09 251.677
0.0565486677646 1808.57 167.375
0.069115038379 1455.72 101.802
0.0816814089933 1193.65 77.9869
0.0942477796077 890.014 46.4293
0.106814150222 722.038 34.7884
0.119380520836 665.495 27.5919
0.131946891451 600.313 23.1094
0.144513262065 498.835 17.5602
0.157079632679 399.019 12.7732
0.169646003294 377.399 11.0267
0.182212373908 338.848 9.56434
0.194778744523 302.534 7.76432
0.207345115137 257.278 6.3738
0.219911485751 230.997 5.25574
0.232477856366 219.983 4.81703
0.24504422698 201.593 4.14181
0.257610597594 185.933 3.65843
0.270176968209 165.535 3.12089
0.282743338823 146.998 2.64435
0.295309709437 140.779 2.40867
0.307876080052 129.408 2.16246
0.320442450666 122.962 1.93417
0.333008821281 114.094 1.7527
0.345575191895 105.253 1.5373
0.358141562509 99.2467 1.44016
0.370707933124 94.9367 1.29574
0.383274303738 88.8293 1.20346
0.395840674352 82.5885 1.05688
0.408407044967 79.367 1.00345
0.420973415581 74.0212 0.898994
0.433539786195 69.543 0.82745
0.44610615681 68.067 0.78533
0.458672527424 64.2104 0.722942
0.471238898038 60.2839 0.663427
0.483805268653 57.0316 0.610278
0.496371639267 55.687 0.580127
0.508938009882 52.5525 0.539028
0.521504380496 51.6417 0.51255
0.53407075111 47.6422 0.465682
0.546637121725 46.2619 0.438859
0.559203492339 44.5332 0.416262
0.571769862953 42.9233 0.392481
0.584336233568 41.344 0.373179
0.596902604182 39.3604 0.345365
0.609468974796 38.1442 0.329825
0.622035345411 37.4227 0.315659
0.634601716025 36.0715 0.300714
0.647168086639 34.3519 0.278747
0.659734457254 33.6089 0.270523
0.672300827868 32.4087 0.254337
0.684867198483 30.8326 0.241433
0.697433569097 30.2269 0.229369
0.709999939711 28.9005 0.21785
0.722566310326 28.2743 0.209826
0.73513268094 27.5332 0.199759
0.747699051554 26.5841 0.191297
0.760265422169 25.8426 0.181953
0.772831792783 25.1189 0.175386
0.785398163397 24.2552 0.167254
0.797964534012 24.0413 0.16143
0.810530904626 23.283 0.15693
0.823097275241 22.3829 0.146449
0.835663645855 21.8521 0.143253
0.848230016469 21.3465 0.136959
0.860796387084 21.0198 0.133013
0.873362757698 20.1592 0.12651
0.885929128312 19.8055 0.122867
0.898495498927 19.25 0.117981
0.911061869541 18.9495 0.114607
0.923628240155 18.3718 0.109019
0.93619461077 17.9614 0.106653
0.948760981384 17.6456 0.102659
0.961327351998 17.0314 0.0988407
0.973893722613 16.7618 0.0958993
0.986460093227 16.4516 0.0931942
0.999026463842 16.1754 0.0905749
1.01159283446 15.8465 0.0879487
1.02415920507 15.3234 0.0840446
1.03672557568 15.0398 0.0813928
1.0492919463 14.7105 0.0792972
1.06185831691 14.3564 0.0767745
1.07442468753 14.0105 0.0738271
1.08699105814 13.9112 0.07283
1.09955742876 13.6023 0.0704137
1.11212379937 13.3834 0.0691696
1.12469016999 13.1084 0.0662947
1.1372565406 12.8231 0.0647778
1.14982291121 12.6422 0.0633108
1.16238928183 12.4006 0.0615007
1.17495565244 12.1551 0.0598192
1.18752202306 11.911 0.0582163
1.20008839367 11.7147 0.0566635
1.21265476429 11.4786 0.0553465
1.2252211349 11.3292 0.0538406
1.23778750551 11.0728 0.0523958
1.25035387613 10.9054 0.0511808
1.26292024674 10.7255 0.0500615
1.27548661736 10.6187 0.0489057
1.28805298797 10.4052 0.0478589
1.30061935859 10.1381 0.0461699
1.3131857292 10.0123 0.04537
1.32575209981 9.91731 0.0445422
1.33831847043 9.70468 0.0433818
1.35088484104 9.64086 0.0425702
1.36345121166 9.40966 0.0416304
1.37601758227 9.25794 0.040392
1.38858395289 9.1415 0.0399107
1.4011503235 9.01672 0.0387677
1.41371669412 8.85504 0.0380618
1.42628306473 8.8125 0.0374788
1.43884943534 8.65191 0.0366201
1.45141580596 8.54208 0.0359106
1.46398217657 8.41533 0.0352277
1.47654854719 8.24054 0.034267
1.4891149178 8.1582 0.0338208
1.50168128842 8.05855 0.0331401
1.51424765903 7.95071 0.0324702
1.52681402964 7.75692 0.0315701
1.53938040026 7.7333 0.031284
1.55194677087 7.60179 0.0304935
1.56451314149 7.51962 0.030086
1.5770795121 7.41839 0.0294227
1.58964588272 7.29837 0.0290741
1.60221225333 7.24098 0.0284298
1.61477862395 7.08435 0.0278135
1.62734499456 6.97939 0.0271901
1.63991136517 6.95185 0.0269632
1.65247773579 6.85565 0.0264437
1.6650441064 6.75766 0.0259233
1.67761047702 6.66024 0.0254041
1.69017684763 6.59905 0.0252175
1.70274321825 6.56151 0.0247798
1.71530958886 6.47109 0.0243345
1.72787595947 6.35267 0.0238571
1.74044233009 6.28776 0.0234672
1.7530087007 6.18563 0.0230483
1.76557507132 6.15845 0.022738
1.77814144193 6.07084 0.022393
1.79070781255 5.94133 0.0218678
1.80327418316 5.93832 0.0216447
1.81584055377 5.87433 0.0214009
1.82840692439 5.79104 0.0209144
1.840973295 5.73203 0.0207326
1.85353966562 5.64108 0.0202637
1.86610603623 5.58752 0.020022
1.87867240685 5.52706 0.0196841
1.89123877746 5.4693 0.0195005
1.90380514808 5.43145 0.0191963
1.91637151869 5.36637 0.0189485
1.9289378893 5.30384 0.0185571
1.94150425992 5.25346 0.0183957
1.95407063053 5.16316 0.0180312
1.96663700115 5.15346 0.0179105
1.97920337176 5.08408 0.0175944
1.99176974238 5.0382 0.0173543
2.00433611299 4.98406 0.0171253
2.0169024836 4.91858 0.0168911
2.02946885422 4.8423 0.0165226
2.04203522483 4.82258 0.0164054
2.05460159545 4.80112 0.0162723
2.06716796606 4.72478 0.0159642
2.07973433668 4.6746 0.0157509
2.09230070729 4.62969 0.0155797
2.10486707791 4.58613 0.0153447
2.11743344852 4.54136 0.0151975
2.12999981913 4.4894 0.0149187
2.14256618975 4.45424 0.0147848
2.15513256036 4.3952 0.0145495
2.16769893098 4.37618 0.0144358
2.18026530159 4.33039 0.0142426
2.19283167221 4.28266 0.0140433
2.20539804282 4.2544 0.0138936
2.21796441343 4.20831 0.0137416
2.23053078405 4.16348 0.0135661
2.24309715466 4.11831 0.013366
2.25566352528 4.08982 0.0132102
2.26822989589 4.04372 0.0130491
2.28079626651 4.01601 0.0129453
2.29336263712 3.96989 0.0127419
2.30592900773 3.94688 0.0126013
2.31849537835 3.8943 0.0124678
2.33106174896 3.87401 0.0123269
2.34362811958 3.84791 0.0122253
2.35619449019 3.80872 0.0120327
2.36876086081 3.76656 0.011957
2.38132723142 3.71247 0.0117229
2.39389360204 3.70149 0.0116789
2.40645997265 3.66543 0.0114794
2.41902634326 3.64752 0.0114524
2.43159271388 3.60686 0.0112578
2.44415908449 3.57421 0.0111625
2.45672545511 3.54279 0.0110126
2.46929182572 3.51677 0.0109179
2.48185819634 3.48527 0.0108319
2.49442456695 3.46253 0.0106936
2.50699093756 3.42817 0.0105759
2.51955730818 3.41432 0.0105042
2.53212367879 3.3644 0.010342
2.54469004941 3.3463 0.0102732
2.55725642002 3.3128 0.0101258
2.56982279064 3.281 0.0100553
2.58238916125 3.27056 0.00993626
2.59495553187 3.2347 0.0098639
2.60752190248 3.22873 0.0097879
2.62008827309 3.18996 0.00967649
2.63265464371 3.16022 0.0095573
2.64522101432 3.14761 0.00949961
2.65778738494 3.11204 0.00938755
2.67035375555 3.09156 0.00930248
2.68292012617 3.07221 0.00919976
2.69548649678 3.03565 0.0091238
2.70805286739 3.01823 0.00903991
2.72061923801 3.00015 0.00895774
2.73318560862 2.97849 0.00888592
2.74575197924 2.94542 0.00876749
2.75831834985 2.92453 0.00871229
2.77088472047 2.9164 0.00864701
2.78345109108 2.897 0.00856462
2.79601746169 2.8644 0.00848126
2.80858383231 2.84494 0.00839457
2.82115020292 2.82794 0.00834268
2.83371657354 2.81103 0.00825842
2.84628294415 2.78992 0.00821044
2.85884931477 2.76483 0.00810317
2.87141568538 2.74966 0.00805678
2.883982056 2.73145 0.00797533
2.89654842661 2.7038 0.00791926
2.90911479722 2.69467 0.00784634
2.92168116784 2.67221 0.00778226
2.93424753845 2.65824 0.00771579
2.94681390907 2.64293 0.00767351
2.95938027968 2.61654 0.00758527
2.9719466503 2.59361 0.00751891
2.98451302091 2.58633 0.00747688
2.99707939152 2.56727 0.00742336
3.00964576214 2.5552 0.00734607
3.02221213275 2.52211 0.00727874
3.03477850337 2.51843 0.00723083
3.04734487398 2.49875 0.00717554
3.0599112446 2.49424 0.00713135
3.07247761521 2.46929 0.00706509
3.08504398583 2.44985 0.00701388
3.09761035644 2.44675 0.00698051
3.11017672705 2.42543 0.00689789
3.12274309767 2.41963 0.00688902
3.13530946828 2.40284 0.00681876
3.1478758389 2.38509 0.00676459
3.16044220951 2.37164 0.00671114
3.17300858013 2.35786 0.00667388
3.18557495074 2.33975 0.00661887
3.19814132135 2.33158 0.00656447
3.21070769197 2.31835 0.00652712
3.22327406258 2.30257 0.00648376
3.2358404332 2.2911 0.00643556
3.24840680381 2.27875 0.00639075
3.26097317443 2.27105 0.0063558
3.27353954504 2.26029 0.00631359
3.28610591565 2.24272 0.006263
3.29867228627 2.23115 0.00622874
3.31123865688 2.22318 0.00617712
3.3238050275 2.21279 0.006153
3.33637139811 2.19975 0.00609285
3.34893776873 2.18011 0.0060645
3.36150413934 2.1778 0.00602493
3.37407050996 2.17355 0.00598939
3.38663688057 2.15343 0.00594141
3.39920325118 2.14678 0.00592746
3.4117696218 2.13935 0.00586744
3.42433599241 2.13301 0.00585621
3.43690236303 2.1146 0.0057938
3.44946873364 2.1034 0.00577204
3.46203510426 2.08815 0.00572074
3.47460147487 2.09371 0.00570123
3.48716784548 2.07651 0.00567363
3.4997342161 2.06206 0.00562011
3.51230058671 2.05916 0.00559574
3.52486695733 2.04781 0.0055632
3.53743332794 2.04267 0.00553231
3.54999969856 2.02652 0.00549607
3.56256606917 2.02542 0.00546387
3.57513243979 2.02151 0.00545465
3.5876988104 2.00985 0.00540114
3.60026518101 2.0064 0.00539902
3.61283155163 1.98934 0.00533917
3.62539792224 1.99193 0.00533749
3.63796429286 1.98222 0.00529287
3.65053066347 1.9683 0.00526186
3.66309703409 1.96733 0.00524156
3.6756634047 1.95284 0.0052042
3.68822977531 1.95004 0.00517638
3.70079614593 1.94207 0.00515902
3.71336251654 1.94045 0.00513154
3.72592888716 1.9306 0.00510859
3.73849525777 1.92111 0.00507002
3.75106162839 1.92255 0.00505801
3.763627999 1.9184 0.00503855
3.77619436961 1.90019 0.00499758
3.78876074023 1.90366 0.0049878
3.80132711084 1.89294 0.00494411
3.81389348146 1.88572 0.00493031
3.82645985207 1.88036 0.00490858
3.83902622269 1.87779 0.00487881
3.8515925933 1.8747 0.00486901
3.86415896392 1.87406 0.00483966
3.87672533453 1.86739 0.004836
3.88929170514 1.8538 0.0047844
3.90185807576 1.85839 0.00478248
3.91442444637 1.85094 0.00475187
3.92699081699 1.85229 0.0047444
3.9395571876 1.83979 0.00471244
3.95212355822 1.83128 0.00468081
3.96468992883 1.83529 0.00467623
3.97725629944 1.82456 0.00465036
3.98982267006 1.82496 0.00463333
4.00238904067 1.81687 0.00461018
4.01495541129 1.81412 0.00459091
4.0275217819 1.81377 0.00458076
4.04008815252 1.79836 0.00454104
4.05265452313 1.80048 0.00452643
4.06522089375 1.79522 0.00451073
4.07778726436 1.79751 0.00450656
4.09035363497 1.78992 0.0044728
4.10292000559 1.78955 0.00446141
4.1154863762 1.78781 0.00444562
4.12805274682 1.7808 0.00442582
4.14061911743 1.77516 0.00440135
4.15318548805 1.77118 0.00438549
4.16575185866 1.77306 0.00438102
4.17831822927 1.76325 0.00435425
4.19088459989 1.76337 0.00433034
4.2034509705 1.75588 0.00432254
4.21601734112 1.74904 0.00429096
4.22858371173 1.75082 0.00428526
4.24115008235 1.7465 0.00426727
4.25371645296 1.74511 0.00425075
4.26628282357 1.74325 0.0042363
4.27884919419 1.73741 0.00421551
4.2914155648 1.73897 0.00420759
4.30398193542 1.73093 0.00419094
4.31654830603 1.73222 0.00416747
4.32911467665 1.7322 0.00416886
4.34168104726 1.72998 0.00414182
4.35424741788 1.72364 0.00413467
4.36681378849 1.72016 0.00411492
4.3793801591 1.71899 0.00409778
4.39194652972 1.71012 0.00407661
4.40451290033 1.71381 0.00407298
4.41707927095 1.70694 0.00405176
4.42964564156 1.7022 0.0040346
4.44221201218 1.70488 0.00402266
4.45477838279 1.69902 0.00401364
4.4673447534 1.69845 0.00399036
4.47991112402 1.68904 0.00397827
4.49247749463 1.69593 0.00396927
4.50504386525 1.68589 0.0039508
4.51761023586 1.68988 0.0039448
4.53017660648 1.67597 0.003912
4.54274297709 1.682 0.00391646
4.55530934771 1.67756 0.00389194
4.56787571832 1.68239 0.00389114
4.58044208893 1.67527 0.00387427
4.59300845955 1.66975 0.00384986
4.60557483016 1.66867 0.00385147
4.61814120078 1.66556 0.00382472
4.63070757139 1.66945 0.00382674
4.64327394201 1.66233 0.00380023
4.65584031262 1.65902 0.00379593
4.66840668323 1.65638 0.00378126
4.68097305385 1.65342 0.00376387
4.69353942446 1.6426 0.00374249
4.70610579508 1.65009 0.0037412
4.71867216569 1.6507 0.00373295
4.73123853631 1.64389 0.00372066
4.74380490692 1.64054 0.00369672
4.75637127753 1.64486 0.00370029
4.76893764815 1.64119 0.00368135
4.78150401876 1.63715 0.00367158
4.79407038938 1.63696 0.00366161
4.80663675999 1.63496 0.00364648
4.81920313061 1.63116 0.00363235
4.83176950122 1.63063 0.00362472
4.84433587184 1.63121 0.00361215
4.85690224245 1.62296 0.00360372
4.86946861306 1.62353 0.00358609
4.88203498368 1.62043 0.00357917
4.89460135429 1.61994 0.00356232
4.90716772491 1.62153 0.00356435
4.91973409552 1.61424 0.00354007
4.93230046614 1.6154 0.00353558
4.94486683675 1.60824 0.00351965
4.95743320736 1.61149 0.00351562
4.96999957798 1.60516 0.00349615
4.98256594859 1.60652 0.00348966
4.99513231921 1.60265 0.0034808
5.00769868982 1.60172 0.00346599
5.02026506044 1.6016 0.00345902
5.03283143105 1.59937 0.00344993
5.04539780167 1.59038 0.00342709
5.05796417228 1.59502 0.00343091
5.07053054289 1.59486 0.00341625
5.08309691351 1.59342 0.00340942
5.09566328412 1.59684 0.00340185
5.10822965474 1.59355 0.0033962
5.12079602535 1.58175 0.00337204
5.13336239597 1.58459 0.00336239
5.14592876658 1.58498 0.00336056
5.15849513719 1.58831 0.00335462
5.17106150781 1.58057 0.00333549
5.18362787842 1.57624 0.00332781
5.19619424904 1.58284 0.00332431
5.20876061965 1.57995 0.00331665
5.22132699027 1.57834 0.00329947
5.23389336088 1.57356 0.00329443
5.24645973149 1.58036 0.00329185
5.25902610211 1.57027 0.00326925
5.27159247272 1.57133 0.00326731
5.28415884334 1.57176 0.00325735
5.29672521395 1.56744 0.0032469
5.30929158457 1.56848 0.00323781
5.32185795518 1.566 0.00322944
5.3344243258 1.56661 0.00322543
5.34699069641 1.56775 0.00321192
5.35955706702 1.56757 0.00320985
5.37212343764 1.56298 0.00319542
5.38468980825 1.5687 0.00319667
5.39725617887 1.56432 0.00318353
5.40982254948 1.5589 0.00317289
5.4223889201 1.55992 0.00316418
5.43495529071 1.56461 0.00316097
5.44752166132 1.56028 0.00314871
5.46008803194 1.56406 0.00314332
5.47265440255 1.56122 0.0031409
5.48522077317 1.5642 0.0031325
5.49778714378 1.56336 0.00312109
5.5103535144 1.5585 0.0031152
5.52291988501 1.56145 0.00310562
5.53548625563 1.56247 0.00310316
5.54805262624 1.55789 0.00308985
5.56061899685 1.56154 0.00308803
5.57318536747 1.56267 0.00308221
5.58575173808 1.56203 0.0030746
5.5983181087 1.56355 0.0030654
5.61088447931 1.56429 0.00306362
5.62345084993 1.56765 0.00305508
5.63601722054 1.56199 0.00305377
5.64858359115 1.56127 0.00303341
5.66114996177 1.56484 0.00303486
5.67371633238 1.56358 0.00302708
5.686282703 1.56922 0.00302632
5.69884907361 1.56314 0.00301336
5.71141544423 1.56989 0.00301278
5.72398181484 1.56938 0.00300662
5.73654818545 1.57098 0.00300042
5.74911455607 1.57091 0.00299306
5.76168092668 1.57236 0.00298993
5.7742472973 1.57346 0.00298213
5.78681366791 1.57423 0.00297987
5.79938003853 1.57807 0.00297405
5.81194640914 1.5779 0.00296902
5.82451277976 1.58275 0.00296273
5.83707915037 1.584 0.00296186
5.84964552098 1.58356 0.00295226
5.8622118916 1.58689 0.00294922
5.87477826221 1.5873 0.00294524
5.88734463283 1.59229 0.00294159
5.89991100344 1.59322 0.00293521
5.91247737406 1.59586 0.00293503
5.92504374467 1.59582 0.0029237
5.93761011528 1.59691 0.00292205
5.9501764859 1.60305 0.00292032
5.96274285651 1.60823 0.00291799
5.97530922713 1.61058 0.00291286
5.98787559774 1.61005 0.0029086
6.00044196836 1.61413 0.00290656
6.01300833897 1.61647 0.00290075
6.02557470959 1.61741 0.00289473
6.0381410802 1.62339 0.00289543
6.05070745081 1.62703 0.00288915
6.06327382143 1.63111 0.00289019
6.07584019204 1.63719 0.002885
6.08840656266 1.64143 0.00288654
6.10097293327 1.6423 0.00288041
6.11353930389 1.64666 0.0028789
6.1261056745 1.65723 0.00287868
6.13867204511 1.65714 0.00287572
6.15123841573 1.65901 0.00286743
6.16380478634 1.66349 0.00287084
6.17637115696 1.67085 0.00286611
6.18893752757 1.67009 0.00286342
6.20150389819 1.67623 0.00285789
6.2140702688 1.68186 0.0028622
6.22663663941 1.69269 0.00286079
6.23920301003 1.6906 0.00285744
6.25176938064 1.69846 0.00285336
6.26433575126 1.70361 0.00285533
6.27690212187 1.71561 0.00285821
6.28946849249 1.71463 0.00285022
6.3020348631 1.72017 0.00285271
6.31460123372 1.73134 0.00285257
6.32716760433 1.73543 0.00285024
6.33973397494 1.74416 0.00285368
6.35230034556 1.74897 0.00284721
6.36486671617 1.76056 0.0028569
6.37743308679 1.76541 0.00284952
6.3899994574 1.77425 0.00285368
6.40256582802 1.78242 0.00285342
6.41513219863 1.79052 0.00285812
6.42769856924 1.79554 0.00285034
6.44026493986 1.793 0.00285046
6.45283131047 1.77401 0.00283686
6.46539768109 1.76581 0.00283619
6.4779640517 1.74545 0.00281961
6.49053042232 1.73927 0.00282021
6.50309679293 1.72237 0.00280885
6.51566316355 1.70779 0.00280043
6.52822953416 1.70146 0.00279749
6.54079590477 1.69302 0.00279595
6.55336227539 1.68106 0.00278614
6.565928646 1.6739 0.00278603
6.57849501662 1.66113 0.00277862
6.59106138723 1.65144 0.00277402
6.60362775785 1.64728 0.00277199
6.61619412846 1.63812 0.00277187
6.62876049907 1.62931 0.00276448
6.64132686969 1.62526 0.00276655
6.6538932403 1.62201 0.00276667
6.66645961092 1.61478 0.0027621
6.67902598153 1.61096 0.00276346
6.69159235215 1.60667 0.00276394
6.70415872276 1.59685 0.00275878
6.71672509337 1.59666 0.00276351
6.72929146399 1.59164 0.00276231
6.7418578346 1.58686 0.0027594
6.75442420522 1.58435 0.00276464
6.76699057583 1.58124 0.00276107
6.77955694645 1.58256 0.00276823
6.79212331706 1.57495 0.0027666
6.80468968768 1.57441 0.00276838
6.81725605829 1.57201 0.00277223
6.8298224289 1.57226 0.00277017
6.84238879952 1.57369 0.00278229
6.85495517013 1.56744 0.0027753
6.86752154075 1.57055 0.00278353
6.88008791136 1.56655 0.00278427
6.89265428198 1.57067 0.00279193
6.90522065259 1.56609 0.00278922
6.9177870232 1.56477 0.00279676
6.93035339382 1.56697 0.00279806
6.94291976443 1.56495 0.00280299
6.95548613505 1.56202 0.00280209
6.96805250566 1.56807 0.00281352
6.98061887628 1.56894 0.00281951
6.99318524689 1.57073 0.00281966
7.00575161751 1.5689 0.00282847
7.01831798812 1.56886 0.00283009
7.03088435873 1.56893 0.00283398
7.04345072935 1.5689 0.00283887
7.05601709996 1.57446 0.00284773
7.06858347058 1.57376 0.00285127
7.08114984119 1.57893 0.00285763
7.09371621181 1.58162 0.00286991
7.10628258242 1.57908 0.00286396
7.11884895303 1.57745 0.00287522
7.13141532365 1.58191 0.00288014
7.14398169426 1.58417 0.0028878
7.15654806488 1.58495 0.00289112
7.16911443549 1.58834 0.00290142
7.18168080611 1.58928 0.00290706
7.19424717672 1.59651 0.00291672
7.20681354733 1.59778 0.00292152
7.21937991795 1.59978 0.00293235
7.23194628856 1.60179 0.00293336
7.24451265918 1.60198 0.00294346
7.25707902979 1.60718 0.00295089
7.26964540041 1.60808 0.00295646
7.28221177102 1.60716 0.00295911
7.29477814164 1.61047 0.00296923
7.30734451225 1.62122 0.0029867
7.31991088286 1.62106 0.00298839
7.33247725348 1.62541 0.00299756
7.34504362409 1.62526 0.00300645
7.35760999471 1.63143 0.00301427
7.37017636532 1.63845 0.00302795
7.38274273594 1.63728 0.00303206
7.39530910655 1.64021 0.00303995
7.40787547716 1.64799 0.00305345
7.42044184778 1.65236 0.00306208
7.43300821839 1.6519 0.00306823
7.44557458901 1.65851 0.003081
7.45814095962 1.65869 0.00308646
7.47070733024 1.66117 0.00309624
7.48327370085 1.66128 0.0031013
7.49584007147 1.66978 0.0031159
7.50840644208 1.68022 0.00312879
7.52097281269 1.67717 0.00313624
7.53353918331 1.6833 0.00314849
7.54610555392 1.6911 0.00316308
7.55867192454 1.69369 0.00316457
7.57123829515 1.69768 0.00318421
7.58380466577 1.70218 0.00318947
7.59637103638 1.70808 0.00320466
7.60893740699 1.70674 0.00320957
7.62150377761 1.71528 0.00322692
7.63407014822 1.71926 0.00323528
7.64663651884 1.72548 0.00324804
7.65920288945 1.72463 0.00325521
7.67176926007 1.73218 0.00327232
7.68433563068 1.73838 0.00328079
7.69690200129 1.74702 0.00330134
7.70946837191 1.74697 0.00330671
7.72203474252 1.75246 0.00332155
7.73460111314 1.75987 0.00333664
7.74716748375 1.76308 0.00334518
7.75973385437 1.77024 0.00336341
7.77230022498 1.77724 0.00337345
7.7848665956 1.77893 0.0033896
7.79743296621 1.78524 0.00339938
7.80999933682 1.79157 0.00341492
7.82256570744 1.79558 0.003433
7.83513207805 1.80511 0.00344466
7.84769844867 1.8099 0.00346163
7.86026481928 1.81731 0.00347563
7.8728311899 1.82007 0.003493
7.88539756051 1.82397 0.0034986
7.89796393112 1.82869 0.00351541
7.91053030174 1.83618 0.00353454
7.92309667235 1.84617 0.00355537
7.93566304297 1.84567 0.00356062
7.94822941358 1.85815 0.00358764
7.9607957842 1.86304 0.00359946
7.97336215481 1.86849 0.00361975
7.98592852543 1.87546 0.00362956
7.99849489604 1.87656 0.00364879
8.01106126665 1.89131 0.00367062
8.02362763727 1.89904 0.00369036
8.03619400788 1.90492 0.00370714
8.0487603785 1.9143 0.00372903
8.06132674911 1.91146 0.00373929
8.07389311973 1.92541 0.00376076
8.08645949034 1.92688 0.00377484
8.09902586095 1.93944 0.00380334
8.11159223157 1.94619 0.00382073
8.12415860218 1.95078 0.00384176
8.1367249728 1.96133 0.00385599
8.14929134341 1.9679 0.0038869
8.16185771403 1.97027 0.00389504
8.17442408464 1.98803 0.00392591
8.18699045526 1.99256 0.00395025
8.19955682587 1.99734 0.0039663
8.21212319648 2.00363 0.00398597
8.2246895671 2.01613 0.00401547
8.23725593771 2.02613 0.00403668
8.24982230833 2.03262 0.0040674
8.26238867894 2.04026 0.00408211
8.27495504956 2.05186 0.00411326
8.28752142017 2.06336 0.00413869
8.30008779078 2.06755 0.00416075
8.3126541614 2.07531 0.00418623
8.32522053201 2.09164 0.00421749
8.33778690263 2.08996 0.00423548
8.35035327324 2.10673 0.00426976
8.36291964386 2.11522 0.00429428
8.37548601447 2.1257 0.00432389
8.38805238508 2.13548 0.00435805
8.4006187557 2.14236 0.00438296
8.41318512631 2.15573 0.00440883
8.42575149693 2.15981 0.00444536
8.43831786754 2.16809 0.00446351
8.45088423816 2.17107 0.00448895
8.46345060877 2.1944 0.00453609
8.47601697939 2.20468 0.00457264
8.48858335 2.20666 0.00459251
8.50114972061 2.22274 0.00462529
8.51371609123 2.22168 0.00465623
8.52628246184 2.24264 0.00470013
8.53884883246 2.25088 0.00473204
8.55141520307 2.26154 0.00476829
8.56398157369 2.27813 0.00481094
8.5765479443 2.2887 0.00484945
8.58911431491 2.29249 0.00487347
8.60168068553 2.31098 0.00492555
8.61424705614 2.31486 0.00495556
8.62681342676 2.32781 0.00499682
8.63937979737 2.33623 0.00504146
8.65194616799 2.36276 0.00508757
8.6645125386 2.36509 0.00512699
8.67707890922 2.37232 0.00516562
8.68964527983 2.38328 0.00520288
8.70221165044 2.38859 0.00525289
8.71477802106 2.40702 0.00529268
8.72734439167 2.41114 0.0053364
8.73991076229 2.43111 0.00539127
8.7524771329 2.43392 0.00543592
8.76504350352 2.44856 0.00548953
8.77760987413 2.4506 0.00551396
8.79017624474 2.46577 0.00558618
8.80274261536 2.47989 0.00563002
8.81530898597 2.49028 0.00568773
8.82787535659 2.49138 0.00572315
8.8404417272 2.51673 0.00579521
8.85300809782 2.50494 0.00583686
8.86557446843 2.53862 0.00589698
8.87814083904 2.53055 0.00595669
8.89070720966 2.54253 0.00599831
8.90327358027 2.54829 0.00606578
8.91583995089 2.5568 0.00611645
8.9284063215 2.57191 0.00618422
8.94097269212 2.57181 0.00624812
8.95353906273 2.58621 0.00630645
8.96610543335 2.58241 0.00635716
8.97867180396 2.59284 0.00642901
8.99123817457 2.58977 0.00648392
9.00380454519 2.5971 0.00655873
9.0163709158 2.59781 0.00659831
9.02893728642 2.6083 0.00669172
9.04150365703 2.60184 0.00674342
9.05407002765 2.59715 0.00679989
9.06663639826 2.59687 0.00686414
9.07920276887 2.59608 0.0069368
9.09176913949 2.58938 0.00700385
9.1043355101 2.58042 0.00705477
9.11690188072 2.58265 0.00712465
9.12946825133 2.58364 0.00721021
9.14203462195 2.57583 0.0072569
9.15460099256 2.58951 0.00734058
9.16716736318 2.59683 0.0074263
9.17973373379 2.59491 0.00749032
9.1923001044 2.60133 0.00756895
9.20486647502 2.61271 0.00765733
9.21743284563 2.63023 0.00774776
9.22999921625 2.63479 0.00784111
9.24256558686 2.62637 0.00787915
9.25513195748 2.63951 0.0079813
9.26769832809 2.63359 0.00804103
9.2802646987 2.65864 0.0081667
9.29283106932 2.66572 0.00823801
9.30539743993 2.66832 0.00831375
9.31796381055 2.69626 0.00845023
9.33053018116 2.69009 0.0085115
9.34309655178 2.70625 0.00860847
9.35566292239 2.70114 0.00867498
9.368229293 2.71559 0.00879821
9.38079566362 2.74038 0.00891159
9.39336203423 2.73399 0.00896894
9.40592840485 2.76777 0.00914235
9.41849477546 2.76899 0.0092245
9.43106114608 2.79176 0.00932917
9.44362751669 2.79463 0.00943266
9.45619388731 2.7985 0.0095302
9.46876025792 2.83208 0.00968732
9.48132662853 2.82927 0.00974916
9.49389299915 2.84293 0.00989129
9.50645936976 2.87301 0.0100336
9.51902574038 2.8835 0.0101515
9.53159211099 2.88655 0.0102567
9.54415848161 2.89544 0.0103604
9.55672485222 2.93203 0.0105501
9.56929122283 2.93402 0.0106563
9.58185759345 2.95398 0.0107703
9.59442396406 2.96658 0.0109323
9.60699033468 2.97114 0.0110633
9.61955670529 2.99163 0.011182
9.63212307591 3.01058 0.0113438
9.64468944652 3.02093 0.011486
9.65725581714 3.04998 0.0116851
9.66982218775 3.05737 0.0117598
9.68238855836 3.0836 0.0119846
9.69495492898 3.10614 0.0121704
9.70752129959 3.12988 0.0123305
9.72008767021 3.11342 0.0123952
9.73265404082 3.15871 0.0126736
9.74522041144 3.184 0.0128484
9.75778678205 3.17964 0.0129607
9.77035315266 3.20304 0.013152
9.78291952328 3.23539 0.0134103
9.79548589389 3.25129 0.01358
9.80805226451 3.28534 0.013788
9.82061863512 3.2933 0.0139756
9.83318500574 3.30551 0.0141643
9.84575137635 3.32763 0.0143813
9.85831774696 3.38706 0.0146865
9.87088411758 3.38191 0.0148102
9.88345048819 3.41702 0.0151366
9.89601685881 3.44334 0.0153679
9.90858322942 3.4592 0.0155303
9.92114960004 3.4743 0.0158072
9.93371597065 3.50229 0.016114
9.94628234127 3.52984 0.0162841
9.95884871188 3.55863 0.0165672
9.97141508249 3.60848 0.0169861
9.98398145311 3.60987 0.0172099
9.99654782372 3.62103 0.017329
10.0091141943 3.64606 0.0176871
10.021680565 3.67087 0.01802
10.0342469356 3.69225 0.0183347
10.0468133062 3.73612 0.018566
10.0593796768 3.76969 0.0190061
10.0719460474 3.80726 0.0194025
10.084512418 3.82285 0.0196544
10.0970787886 3.88094 0.0201283
10.1096451593 3.87936 0.0203694
10.1222115299 3.93116 0.0209713
10.1347779005 3.96768 0.0211444
10.1473442711 3.96123 0.0215083
10.1599106417 4.02259 0.02211
10.1724770123 4.07859 0.0226037
10.1850433829 4.05669 0.0227384
10.1976097536 4.10631 0.0232638
10.2101761242 4.12807 0.0238147
10.2227424948 4.16897 0.0242768
10.2353088654 4.20763 0.0246671
10.247875236 4.26249 0.0253677
10.2604416066 4.28881 0.0259023
10.2730079772 4.3223 0.0263612
10.2855743479 4.3681 0.0268697
10.2981407185 4.43792 0.027828
10.3107070891 4.446 0.0284369
10.3232734597 4.47753 0.0286003
10.3358398303 4.5464 0.0295188
10.3484062009 4.57027 0.0302485
10.3609725715 4.63804 0.0311885
10.3735389422 4.69214 0.0316247
10.3861053128 4.72892 0.0325646
10.3986716834 4.77964 0.0334889
10.411238054 4.76452 0.0339093
10.4238044246 4.82739 0.0347096
10.4363707952 4.85125 0.0356779
10.4489371658 4.95798 0.037214
10.4615035365 4.93018 0.0371576
10.4740699071 5.02586 0.0385031
10.4866362777 5.10348 0.0401761
10.4992026483 5.1584 0.0414931
10.5117690189 5.18896 0.0415664
10.5243353895 5.26134 0.0431163
10.5369017601 5.38121 0.045504
10.5494681308 5.36364 0.0462881
10.5620345014 5.42412 0.046845
10.574600872 5.44289 0.0485185
10.5871672426 5.50102 0.0503841
10.5997336132 5.65435 0.0525471
10.6122999838 5.7104 0.0536731
10.6248663544 5.79643 0.0559728
10.6374327251 5.82086 0.0583626
10.6499990957 5.84091 0.0585928
10.6625654663 5.9552 0.0615521
10.6751318369 6.00219 0.0644226
10.6876982075 5.97771 0.066501
10.7002645781 5.96982 0.0654069
10.7128309487 6.22843 0.0718051
10.7253973194 6.27203 0.0756199
10.73796369 6.42097 0.078413
10.7505300606 6.41578 0.0777668
10.7630964312 6.50936 0.0848912
10.7756628018 6.49196 0.0904272
10.7882291724 6.65622 0.0902795
10.800795543 6.81226 0.0935657
10.8133619137 6.76917 0.101299
10.8259282843 6.88899 0.113096
10.8384946549 7.08568 0.107507
10.8510610255 7.01055 0.112005
10.8636273961 7.05563 0.124612
10.8761937667 7.44917 0.146866
10.8887601373 7.33138 0.129648
10.901326508 7.41746 0.141127
10.9138928786 7.55502 0.163053
10.9264592492 7.68636 0.186555
10.9390256198 7.65009 0.166813
10.9515919904 7.92465 0.185861
10.964158361 7.8626 0.223466
10.9767247316 7.96555 0.245093
10.9892911023 8.19182 0.233635
11.0018574729 8.38522 0.262507
11.0144238435 8.88505 0.407098
11.0269902141 8.78545 0.32955
11.0395565847 8.84044 0.368415
11.0521229553 8.76255 0.423992
11.0646893259 10.4804 0.791804
11.0772556966 9.2043 0.580066
11.0898220672 8.76456 0.703804
11.1023884378 9.09351 0.983892
11.1149548084 7.91287 1.7017
11.127521179 10.2103 2.28157
11.1400875496 0.79851 1.42245
