0.0188495559215 18324.0214844
0.0314159265359 14361.5205078
0.0439822971503 10619.6015625
0.0565486677646 8451.453125
0.069115038379 6827.53271484
0.0816814089933 5623.49609375
0.0942477796077 4244.71777344
0.106814150222 3492.05175781
0.119380520836 3244.03442383
0.131946891451 3019.70922852
0.144513262065 2514.22485352
0.157079632679 2022.88647461
0.169646003294 1952.62573242
0.182212373908 1723.56213379
0.194778744523 1548.42224121
0.207345115137 1349.26074219
0.219911485751 1253.12304688
0.232477856366 1188.2401123
0.24504422698 1099.38781738
0.257610597594 1042.84558105
0.270176968209 950.038818359
0.282743338823 837.174621582
0.295309709437 810.952697754
0.307876080052 742.949584961
0.320442450666 727.189147949
0.333008821281 700.868591309
0.345575191895 650.21081543
0.358141562509 611.378479004
0.370707933124 594.04498291
0.383274303738 556.440429688
0.395840674352 526.768859863
0.408407044967 518.513916016
0.420973415581 483.639556885
0.433539786195 466.925262451
0.44610615681 450.513946533
0.458672527424 436.609893799
0.471238898038 424.878112793
0.483805268653 398.734405518
0.496371639267 393.512634277
0.508938009882 378.875854492
0.521504380496 376.842010498
0.53407075111 354.833343506
0.546637121725 346.123504639
0.559203492339 333.49319458
0.571769862953 326.21383667
0.584336233568 321.499023438
0.596902604182 303.980651855
0.609468974796 298.004730225
0.622035345411 299.016937256
0.634601716025 289.519012451
0.647168086639 280.751464844
0.659734457254 274.01675415
0.672300827868 271.336242676
0.684867198483 262.2081604
0.697433569097 258.041656494
0.709999939711 245.518356323
0.722566310326 246.487503052
0.73513268094 246.281845093
0.747699051554 234.82270813
0.760265422169 228.347473145
0.772831792783 227.628387451
0.785398163397 221.139892578
0.797964534012 225.161590576
0.810530904626 220.495162964
0.823097275241 215.702606201
0.835663645855 212.170181274
0.848230016469 209.407241821
0.860796387084 207.806121826
0.873362757698 202.200805664
0.885929128312 198.496322632
0.898495498927 195.793441772
0.911061869541 192.655899048
0.923628240155 191.207748413
0.93619461077 188.283401489
0.948760981384 185.249862671
0.961327351998 182.050918579
0.973893722613 180.208602905
0.986460093227 177.902633667
0.999026463842 176.559432983
1.01159283446 173.488479614
1.02415920507 170.209564209
1.03672557568 168.650466919
1.0492919463 167.982803345
1.06185831691 166.841339111
1.07442468753 164.013931274
1.08699105814 160.128173828
1.09955742876 159.972961426
1.11212379937 158.559402466
1.12469016999 157.910736084
1.1372565406 154.745132446
1.14982291121 152.842025757
1.16238928183 152.676986694
1.17495565244 151.35836792
1.18752202306 148.593811035
1.20008839367 146.897079468
1.21265476429 146.848587036
1.2252211349 144.788574219
1.23778750551 144.089370728
1.25035387613 141.807037354
1.26292024674 141.000778198
1.27548661736 140.29486084
1.28805298797 137.09072876
1.30061935859 136.606185913
1.3131857292 136.552536011
1.32575209981 135.456008911
1.33831847043 134.372024536
1.35088484104 133.169906616
1.36345121166 131.805541992
1.37601758227 129.317764282
1.38858395289 128.76071167
1.4011503235 129.843185425
1.41371669412 128.106964111
1.42628306473 127.21308136
1.43884943534 126.554153442
1.45141580596 126.163482666
1.46398217657 124.211753845
1.47654854719 123.808944702
1.4891149178 123.358047485
1.50168128842 121.99042511
1.51424765903 120.968223572
1.52681402964 120.6092453
1.53938040026 119.289497375
1.55194677087 118.774391174
1.56451314149 118.187110901
1.5770795121 117.509292603
1.58964588272 116.282836914
1.60221225333 115.501289368
1.61477862395 116.467857361
1.62734499456 114.939460754
1.63991136517 113.887664795
1.65247773579 113.700820923
1.6650441064 113.074356079
1.67761047702 112.627746582
1.69017684763 111.891403198
1.70274321825 111.597007751
1.71530958886 109.667243958
1.72787595947 109.687095642
1.74044233009 109.681289673
1.7530087007 108.749160767
1.76557507132 107.920639038
1.77814144193 107.654663086
1.79070781255 106.797172546
1.80327418316 107.286804199
1.81584055377 106.326698303
1.82840692439 105.981170654
1.840973295 105.134681702
1.85353966562 104.501144409
1.86610603623 104.530700684
1.87867240685 102.967636108
1.89123877746 103.112091064
1.90380514808 102.783744812
1.91637151869 102.135559082
1.9289378893 102.09513855
1.94150425992 101.886901855
1.95407063053 100.559272766
1.96663700115 100.16835022
1.97920337176 100.016021729
1.99176974238 99.7978134155
2.00433611299 99.366569519
2.0169024836 98.8517074585
2.02946885422 98.2196655273
2.04203522483 97.5685653687
2.05460159545 97.3074188232
2.06716796606 96.5772781372
2.07973433668 96.6846618652
2.09230070729 96.1443634033
2.10486707791 95.7669067383
2.11743344852 95.2725601196
2.12999981913 95.0019760132
2.14256618975 94.6410064697
2.15513256036 94.3131790161
2.16769893098 94.3786315918
2.18026530159 94.479675293
2.19283167221 93.277130127
2.20539804282 92.7146682739
2.21796441343 92.320892334
2.23053078405 92.2203826904
2.24309715466 91.8712997437
2.25566352528 91.5313644409
2.26822989589 90.7515335083
2.28079626651 91.0242462158
2.29336263712 90.5312576294
2.30592900773 90.3683624268
2.31849537835 90.0489578247
2.33106174896 89.7035293579
2.34362811958 89.0382614136
2.35619449019 89.0061645508
2.36876086081 88.8274536133
2.38132723142 88.0183334351
2.39389360204 88.1702041626
2.40645997265 87.8290252686
2.41902634326 87.7212905884
2.43159271388 87.1190567017
2.44415908449 87.1962432861
2.45672545511 86.7323226929
2.46929182572 86.7082138062
2.48185819634 86.2422485352
2.49442456695 85.2811889648
2.50699093756 85.4850082397
2.51955730818 85.7591247559
2.53212367879 85.6551055908
2.54469004941 84.4582519531
2.55725642002 84.8817443848
2.56982279064 84.2196655273
2.58238916125 83.7838363647
2.59495553187 84.1569061279
2.60752190248 83.7623977661
2.62008827309 83.374420166
2.63265464371 82.9025344849
2.64522101432 82.6465759277
2.65778738494 82.2727355957
2.67035375555 82.0895385742
2.68292012617 81.8706054688
2.69548649678 81.4052963257
2.70805286739 81.2814483643
2.72061923801 81.0022354126
2.73318560862 80.7433242798
2.74575197924 80.6969070435
2.75831834985 80.3993606567
2.77088472047 80.3345184326
2.78345109108 80.1768875122
2.79601746169 79.6756134033
2.80858383231 79.2939453125
2.82115020292 79.5359191895
2.83371657354 79.2640075684
2.84628294415 78.6597976685
2.85884931477 78.808013916
2.87141568538 78.3177871704
2.883982056 78.1444396973
2.89654842661 77.9898223877
2.90911479722 77.6546325684
2.92168116784 77.439956665
2.93424753845 77.6670608521
2.94681390907 77.1395797729
2.95938027968 76.6366424561
2.9719466503 76.9429397583
2.98451302091 76.4035415649
2.99707939152 76.4118118286
3.00964576214 76.1205444336
3.02221213275 76.0612640381
3.03477850337 75.8180465698
3.04734487398 75.5491027832
3.0599112446 75.581237793
3.07247761521 75.0962219238
3.08504398583 74.9464416504
3.09761035644 74.6999359131
3.11017672705 74.6593475342
3.12274309767 74.5510559082
3.13530946828 74.1323318481
3.1478758389 73.8535766602
3.16044220951 73.7366943359
3.17300858013 73.518737793
3.18557495074 73.3974151611
3.19814132135 73.3891525269
3.21070769197 73.1926803589
3.22327406258 72.8646087646
3.2358404332 72.7888870239
3.24840680381 72.3761672974
3.26097317443 72.5641784668
3.27353954504 72.063583374
3.28610591565 72.0315246582
3.29867228627 71.7916412354
3.31123865688 71.6883010864
3.3238050275 71.5914916992
3.33637139811 71.2227859497
3.34893776873 70.9953079224
3.36150413934 70.6999816895
3.37407050996 70.8159942627
3.38663688057 70.7524414062
3.39920325118 70.3591461182
3.4117696218 70.1976623535
3.42433599241 70.2678451538
3.43690236303 70.0103149414
3.44946873364 69.6436691284
3.46203510426 69.6677627563
3.47460147487 69.3352966309
3.48716784548 69.2518615723
3.4997342161 69.0045776367
3.51230058671 68.7651062012
3.52486695733 68.7781524658
3.53743332794 68.5513458252
3.54999969856 68.5778121948
3.56256606917 68.4772109985
3.57513243979 68.2936706543
3.5876988104 67.8891983032
3.60026518101 67.7595062256
3.61283155163 67.6135559082
3.62539792224 67.6896514893
3.63796429286 67.3554992676
3.65053066347 67.0757369995
3.66309703409 66.9667434692
3.6756634047 67.0933990479
3.68822977531 66.4161605835
3.70079614593 66.7860794067
3.71336251654 66.4189758301
3.72592888716 66.25340271
3.73849525777 65.9566650391
3.75106162839 66.2444534302
3.763627999 65.8509521484
3.77619436961 65.5579910278
3.78876074023 65.5665664673
3.80132711084 65.324798584
3.81389348146 65.2119674683
3.82645985207 65.0792694092
3.83902622269 65.0484008789
3.8515925933 65.0218582153
3.86415896392 64.7166976929
3.87672533453 64.5719146729
3.88929170514 64.1717453003
3.90185807576 64.169593811
3.91442444637 63.8997459412
3.92699081699 64.133644104
3.9395571876 63.6284255981
3.95212355822 63.6543617249
3.96468992883 63.6159133911
3.97725629944 63.5149612427
3.98982267006 63.1718330383
4.00238904067 63.3265190125
4.01495541129 62.8470344543
4.0275217819 62.9414901733
4.04008815252 62.8449554443
4.05265452313 62.666343689
4.06522089375 62.5604324341
4.07778726436 62.3119316101
4.09035363497 62.2421226501
4.10292000559 62.0637817383
4.1154863762 61.8183479309
4.12805274682 61.7047119141
4.14061911743 61.656452179
4.15318548805 61.5391616821
4.16575185866 61.5059280396
4.17831822927 61.4634475708
4.19088459989 61.2854957581
4.2034509705 61.0948791504
4.21601734112 60.9858551025
4.22858371173 60.9445304871
4.24115008235 60.7569656372
4.25371645296 60.7913589478
4.26628282357 60.4890937805
4.27884919419 60.2776145935
4.2914155648 60.301525116
4.30398193542 60.1057395935
4.31654830603 60.0094413757
4.32911467665 60.0087089539
4.34168104726 59.6900787354
4.35424741788 59.7038497925
4.36681378849 59.5446510315
4.3793801591 59.6331520081
4.39194652972 59.3327636719
4.40451290033 59.0768699646
4.41707927095 58.9382896423
4.42964564156 58.8984336853
4.44221201218 58.9097709656
4.45477838279 58.6566390991
4.4673447534 58.7196655273
4.47991112402 58.5733642578
4.49247749463 58.4705429077
4.50504386525 58.3028564453
4.51761023586 58.1630783081
4.53017660648 57.9672698975
4.54274297709 57.9447898865
4.55530934771 57.9080963135
4.56787571832 57.7744560242
4.58044208893 57.7060890198
4.59300845955 57.5881080627
4.60557483016 57.4443130493
4.61814120078 57.2553939819
4.63070757139 57.2713928223
4.64327394201 57.1632728577
4.65584031262 56.9861526489
4.66840668323 56.8211212158
4.68097305385 56.8042755127
4.69353942446 56.5471763611
4.70610579508 56.5889549255
4.71867216569 56.4096641541
4.73123853631 56.2839546204
4.74380490692 56.3640708923
4.75637127753 56.2986907959
4.76893764815 56.1232452393
4.78150401876 55.8084220886
4.79407038938 55.8386611938
4.80663675999 55.821105957
4.81920313061 55.6190338135
4.83176950122 55.7816810608
4.84433587184 55.6083488464
4.85690224245 55.3689155579
4.86946861306 55.2591667175
4.88203498368 55.1516265869
4.89460135429 55.0222740173
4.90716772491 55.0825500488
4.91973409552 54.9488258362
4.93230046614 55.0806846619
4.94486683675 54.854221344
4.95743320736 54.7153434753
4.96999957798 54.6722679138
4.98256594859 54.6216964722
4.99513231921 54.5316619873
5.00769868982 54.4143676758
5.02026506044 54.3215522766
5.03283143105 54.0743103027
5.04539780167 54.1572418213
5.05796417228 54.188117981
5.07053054289 53.9792366028
5.08309691351 53.7835960388
5.09566328412 53.8982505798
5.10822965474 53.7931251526
5.12079602535 53.675037384
5.13336239597 53.6609573364
5.14592876658 53.5745010376
5.15849513719 53.4372673035
5.17106150781 53.3786888123
5.18362787842 53.3403816223
5.19619424904 53.2589454651
5.20876061965 53.2352409363
5.22132699027 53.1428070068
5.23389336088 53.0642433167
5.24645973149 52.9878616333
5.25902610211 52.962223053
5.27159247272 52.9104270935
5.28415884334 52.7985992432
5.29672521395 52.8283576965
5.30929158457 52.7723731995
5.32185795518 52.7053756714
5.3344243258 52.5643119812
5.34699069641 52.5574836731
5.35955706702 52.520904541
5.37212343764 52.4587135315
5.38468980825 52.3465652466
5.39725617887 52.3456726074
5.40982254948 52.2093467712
5.4223889201 52.1994285583
5.43495529071 52.132270813
5.44752166132 52.1856117249
5.46008803194 51.9748687744
5.47265440255 52.0382270813
5.48522077317 51.9421272278
5.49778714378 51.8146705627
5.5103535144 51.9492645264
5.52291988501 51.8305702209
5.53548625563 51.8441352844
5.54805262624 51.7885665894
5.56061899685 51.7322273254
5.57318536747 51.7120437622
5.58575173808 51.6761512756
5.5983181087 51.693687439
5.61088447931 51.6332969666
5.62345084993 51.5899772644
5.63601722054 51.5478057861
5.64858359115 51.5774917603
5.66114996177 51.4358978271
5.67371633238 51.5863761902
5.686282703 51.3650665283
5.69884907361 51.4533729553
5.71141544423 51.3964157104
5.72398181484 51.414188385
5.73654818545 51.2761116028
5.74911455607 51.2759742737
5.76168092668 51.4738426208
5.7742472973 51.3186225891
5.78681366791 51.3477897644
5.79938003853 51.4007568359
5.81194640914 51.2549819946
5.82451277976 51.2942848206
5.83707915037 51.3499603271
5.84964552098 51.3044013977
5.8622118916 51.3652381897
5.87477826221 51.3514404297
5.88734463283 51.4230003357
5.89991100344 51.2878913879
5.91247737406 51.3331413269
5.92504374467 51.3410377502
5.93761011528 51.4847640991
5.9501764859 51.3411979675
5.96274285651 51.4056510925
5.97530922713 51.4785728455
5.98787559774 51.4470100403
6.00044196836 51.4126091003
6.01300833897 51.3831863403
6.02557470959 51.6611671448
6.0381410802 51.4743919373
6.05070745081 51.5756950378
6.06327382143 51.618598938
6.07584019204 51.5879592896
6.08840656266 51.6634101868
6.10097293327 51.6019210815
6.11353930389 51.7448539734
6.1261056745 51.6910018921
6.13867204511 51.7821998596
6.15123841573 51.8277320862
6.16380478634 51.8718719482
6.17637115696 51.9723625183
6.18893752757 52.0913772583
6.20150389819 52.0984039307
6.2140702688 52.1012992859
6.22663663941 52.2084236145
6.23920301003 52.2805252075
6.25176938064 52.3130264282
6.26433575126 52.3552017212
6.27690212187 52.5017242432
6.28946849249 52.5864562988
6.3020348631 52.6853103638
6.31460123372 52.802154541
6.32716760433 52.7083282471
6.33973397494 52.769317627
6.35230034556 52.9573898315
6.36486671617 53.0944671631
6.37743308679 53.1159057617
6.3899994574 53.2327423096
6.40256582802 53.3605194092
6.41513219863 53.4746246338
6.42769856924 53.5475311279
6.44026493986 53.5440635681
6.45283131047 53.5533599854
6.46539768109 53.4693107605
6.4779640517 53.4981842041
6.49053042232 53.3839988708
6.50309679293 53.2624168396
6.51566316355 53.1676521301
6.52822953416 53.1656265259
6.54079590477 53.1150054932
6.55336227539 53.0741577148
6.565928646 53.114566803
6.57849501662 53.1141738892
6.59106138723 52.8517875671
6.60362775785 52.8314323425
6.61619412846 52.8550987244
6.62876049907 52.7609291077
6.64132686969 52.7270622253
6.6538932403 52.6742286682
6.66645961092 52.7199172974
6.67902598153 52.5990753174
6.69159235215 52.5503540039
6.70415872276 52.5324821472
6.71672509337 52.4949645996
6.72929146399 52.3877487183
6.7418578346 52.4256744385
6.75442420522 52.455493927
6.76699057583 52.3435974121
6.77955694645 52.2075843811
6.79212331706 52.3674163818
6.80468968768 52.3977241516
6.81725605829 52.1849021912
6.8298224289 52.0308036804
6.84238879952 52.116355896
6.85495517013 52.0979347229
6.86752154075 52.0138320923
6.88008791136 51.9798583984
6.89265428198 51.8628768921
6.90522065259 51.9807167053
6.9177870232 51.8160057068
6.93035339382 51.8029060364
6.94291976443 51.8499107361
6.95548613505 51.9007835388
6.96805250566 51.7893600464
6.98061887628 51.6624946594
6.99318524689 51.7797584534
7.00575161751 51.6638679504
7.01831798812 51.6142692566
7.03088435873 51.6760520935
7.04345072935 51.6349220276
7.05601709996 51.6388282776
7.06858347058 51.6043777466
7.08114984119 51.5214271545
7.09371621181 51.6258621216
7.10628258242 51.5511932373
7.11884895303 51.4495277405
7.13141532365 51.4437713623
7.14398169426 51.5354957581
7.15654806488 51.5584182739
7.16911443549 51.3306007385
7.18168080611 51.3734550476
7.19424717672 51.3703727722
7.20681354733 51.3515357971
7.21937991795 51.3199691772
7.23194628856 51.2542228699
7.24451265918 51.2550697327
7.25707902979 51.179058075
7.26964540041 51.1878051758
7.28221177102 51.3142662048
7.29477814164 51.2223854065
7.30734451225 51.3056793213
7.31991088286 51.308265686
7.33247725348 51.3432579041
7.34504362409 51.2480278015
7.35760999471 51.3047180176
7.37017636532 51.2566184998
7.38274273594 51.302028656
7.39530910655 51.2471313477
7.40787547716 51.3091201782
7.42044184778 51.2726478577
7.43300821839 51.3061103821
7.44557458901 51.229095459
7.45814095962 51.2343788147
7.47070733024 51.2417564392
7.48327370085 51.4845161438
7.49584007147 51.2657623291
7.50840644208 51.4258804321
7.52097281269 51.339263916
7.53353918331 51.3014755249
7.54610555392 51.362411499
7.55867192454 51.4982948303
7.57123829515 51.3774414062
7.58380466577 51.4942169189
7.59637103638 51.5257377625
7.60893740699 51.3987312317
7.62150377761 51.4341926575
7.63407014822 51.413848877
7.64663651884 51.5672149658
7.65920288945 51.6240119934
7.67176926007 51.3884010315
7.68433563068 51.5501785278
7.69690200129 51.5086593628
7.70946837191 51.6303863525
7.72203474252 51.6928596497
7.73460111314 51.6084442139
7.74716748375 51.7214202881
7.75973385437 51.7604293823
7.77230022498 51.750453949
7.7848665956 51.9669113159
7.79743296621 51.8493347168
7.80999933682 51.8352470398
7.82256570744 52.0393486023
7.83513207805 52.0048751831
7.84769844867 52.1221733093
7.86026481928 52.189868927
7.8728311899 52.1161003113
7.88539756051 52.1993293762
7.89796393112 52.2566833496
7.91053030174 52.2805900574
7.92309667235 52.3128051758
7.93566304297 52.3307571411
7.94822941358 52.2834358215
7.9607957842 52.527797699
7.97336215481 52.5279464722
7.98592852543 52.661655426
7.99849489604 52.6257171631
8.01106126665 52.8036575317
8.02362763727 52.8735656738
8.03619400788 52.8999557495
8.0487603785 53.0545578003
8.06132674911 53.0089874268
8.07389311973 53.2013397217
8.08645949034 53.3587150574
8.09902586095 53.3072013855
8.11159223157 53.3844604492
8.12415860218 53.4741897583
8.1367249728 53.6606559753
8.14929134341 53.8583602905
8.16185771403 53.8167991638
8.17442408464 53.7671089172
8.18699045526 53.9173660278
8.19955682587 54.0517692566
8.21212319648 54.1147384644
8.2246895671 54.3767700195
8.23725593771 54.3151397705
8.24982230833 54.3939552307
8.26238867894 54.6082077026
8.27495504956 54.6492118835
8.28752142017 54.6564788818
8.30008779078 54.8702468872
8.3126541614 55.1049613953
8.32522053201 55.0063438416
8.33778690263 54.9324264526
8.35035327324 55.3535957336
8.36291964386 55.5534515381
8.37548601447 55.5394897461
8.38805238508 55.6999549866
8.4006187557 55.8582344055
8.41318512631 55.8134880066
8.42575149693 55.9728126526
8.43831786754 56.2686920166
8.45088423816 56.2890167236
8.46345060877 56.4318809509
8.47601697939 56.655418396
8.48858335 56.7175941467
8.50114972061 56.8383369446
8.51371609123 56.9550437927
8.52628246184 57.2173843384
8.53884883246 57.4199943542
8.55141520307 57.4951858521
8.56398157369 57.6125946045
8.5765479443 57.6899337769
8.58911431491 57.9084472656
8.60168068553 57.9728965759
8.61424705614 58.3792800903
8.62681342676 58.3193778992
8.63937979737 58.7222709656
8.65194616799 58.7342758179
8.6645125386 58.8811912537
8.67707890922 58.9592170715
8.68964527983 59.1017417908
8.70221165044 59.2047119141
8.71477802106 59.4145393372
8.72734439167 59.6467857361
8.73991076229 59.7959213257
8.7524771329 59.920337677
8.76504350352 59.9377670288
8.77760987413 60.4623260498
8.79017624474 60.4371376038
8.80274261536 60.5637931824
8.81530898597 60.6381225586
8.82787535659 60.9915313721
8.8404417272 61.0257148743
8.85300809782 60.9344596863
8.86557446843 61.704284668
8.87814083904 61.2542533875
8.89070720966 61.4541816711
8.90327358027 61.6666183472
8.91583995089 61.6735877991
8.9284063215 61.7645950317
8.94097269212 61.8610572815
8.95353906273 62.0928382874
8.96610543335 62.1673164368
8.97867180396 62.2612876892
8.99123817457 62.1287994385
9.00380454519 62.130695343
9.0163709158 62.3183555603
9.02893728642 62.3432121277
9.04150365703 62.1560173035
9.05407002765 61.9354362488
9.06663639826 62.1694755554
9.07920276887 61.9579048157
9.09176913949 61.9841804504
9.1043355101 62.0919723511
9.11690188072 61.9890403748
9.12946825133 61.7234268188
9.14203462195 61.8772583008
9.15460099256 61.9132041931
9.16716736318 61.6596488953
9.17973373379 62.2530021667
9.1923001044 61.6589317322
9.20486647502 61.900188446
9.21743284563 62.0875854492
9.22999921625 62.1194267273
9.24256558686 61.9469909668
9.25513195748 62.3596763611
9.26769832809 62.1628189087
9.2802646987 62.4589309692
9.29283106932 62.4250030518
9.30539743993 62.2870635986
9.31796381055 62.5877304077
9.33053018116 62.6138572693
9.34309655178 62.5028686523
9.35566292239 62.8253860474
9.368229293 62.9166603088
9.38079566362 63.011844635
9.39336203423 62.9141616821
9.40592840485 63.5067596436
9.41849477546 63.2335281372
9.43106114608 63.1297111511
9.44362751669 63.3743438721
9.45619388731 63.6518821716
9.46876025792 63.8237495422
9.48132662853 64.086730957
9.49389299915 63.9585227966
9.50645936976 63.9017295837
9.51902574038 64.6940765381
9.53159211099 64.5054473877
9.54415848161 64.4572143555
9.55672485222 64.8624191284
9.56929122283 64.7952346802
9.58185759345 65.1053085327
9.59442396406 65.640007019
9.60699033468 65.5425186157
9.61955670529 65.8473815918
9.63212307591 66.1112594604
9.64468944652 65.6544418335
9.65725581714 66.2109375
9.66982218775 66.9216537476
9.68238855836 67.0730285645
9.69495492898 66.8923568726
9.70752129959 67.5678939819
9.72008767021 67.2365036011
9.73265404082 67.8586730957
9.74522041144 67.801322937
9.75778678205 68.2858963013
9.77035315266 68.4365768433
9.78291952328 68.650894165
9.79548589389 68.9171218872
9.80805226451 70.1436309814
9.82061863512 69.5142440796
9.83318500574 69.8361129761
9.84575137635 69.6949157715
9.85831774696 69.5386199951
9.87088411758 70.1573944092
9.88345048819 70.7316055298
9.89601685881 71.2532577515
9.90858322942 71.1399993896
9.92114960004 71.5250244141
9.93371597065 72.3438110352
9.94628234127 72.4438400269
9.95884871188 73.4118499756
9.97141508249 72.635597229
9.98398145311 73.3003845215
9.99654782372 73.7707290649
10.0091141943 73.5167388916
10.021680565 74.5471115112
10.0342469356 75.1103668213
10.0468133062 75.6039962769
10.0593796768 75.8377380371
10.0719460474 75.6265029907
10.084512418 76.7484588623
10.0970787886 76.8554534912
10.1096451593 76.8811645508
10.1222115299 76.9722061157
10.1347779005 77.9356536865
10.1473442711 78.276473999
10.1599106417 78.3589477539
10.1724770123 78.9138031006
10.1850433829 79.1004333496
10.1976097536 80.4688568115
10.2101761242 79.8344039917
10.2227424948 79.7605285645
10.2353088654 81.5332336426
10.247875236 82.1510848999
10.2604416066 82.7852478027
10.2730079772 83.113899231
10.2855743479 83.589012146
10.2981407185 84.0016479492
10.3107070891 85.1302947998
10.3232734597 86.5382080078
10.3358398303 87.0741271973
10.3484062009 86.6892166138
10.3609725715 87.6428833008
10.3735389422 88.1146240234
10.3861053128 88.5318984985
10.3986716834 89.1557769775
10.411238054 90.5211639404
10.4238044246 92.4427108765
10.4363707952 90.6988754272
10.4489371658 93.967628479
10.4615035365 92.7265548706
10.4740699071 94.5639343262
10.4866362777 94.3728866577
10.4992026483 96.1871566772
10.5117690189 97.7178955078
10.5243353895 98.3449707031
10.5369017601 98.9983291626
10.5494681308 99.1303710938
10.5620345014 99.4418792725
10.574600872 99.6261520386
10.5871672426 102.162773132
10.5997336132 103.402687073
10.6122999838 102.769836426
10.6248663544 106.236755371
10.6374327251 105.942306519
10.6499990957 107.773788452
10.6625654663 107.525039673
10.6751318369 112.175727844
10.6876982075 111.318641663
10.7002645781 110.639984131
10.7128309487 114.09690094
10.7253973194 116.362442017
10.73796369 114.344329834
10.7505300606 112.132354736
10.7630964312 117.100791931
10.7756628018 120.5235672
10.7882291724 117.263702393
10.800795543 121.122612
10.8133619137 117.73223877
10.8259282843 127.784004211
10.8384946549 121.221862793
10.8510610255 125.389701843
10.8636273961 128.818740845
10.8761937667 132.379165649
10.8887601373 132.49382019
10.901326508 130.37171936
10.9138928786 134.379745483
10.9264592492 140.853713989
10.9390256198 131.888671875
10.9515919904 144.796524048
10.964158361 149.545333862
10.9767247316 137.741760254
10.9892911023 138.376266479
11.0018574729 142.186767578
11.0144238435 146.582717896
11.0269902141 142.13420105
11.0395565847 158.899673462
11.0521229553 158.140563965
11.0646893259 141.332763672
11.0772556966 143.173919678
11.0898220672 157.209884644
11.1023884378 146.230285645
11.1149548084 128.211166382
11.127521179 266.763183594
11.1400875496 374.639953613
