0.0188495559215 69065.046875 20144.3769531
0.0314159265359 52094.0820312 9689.26953125
0.0439822971503 37986.1328125 4675.04101562
0.0565486677646 35746.8867188 3634.52758789
0.069115038379 25350.4257812 2019.64855957
0.0816814089933 22107.9726562 1674.8203125
0.0942477796077 18018.7402344 1123.68469238
0.106814150222 13860.2597656 837.47845459
0.119380520836 14042.0761719 728.026550293
0.131946891451 12685.8603516 623.709777832
0.144513262065 10781.4521484 503.205932617
0.157079632679 9481.16796875 415.734466553
0.169646003294 8820.51367188 360.143493652
0.182212373908 7822.04785156 319.69732666
0.194778744523 7146.62792969 273.263031006
0.207345115137 6474.83398438 246.977050781
0.219911485751 5809.40917969 211.619140625
0.232477856366 5399.10449219 194.675384521
0.24504422698 5238.92773438 179.255966187
0.257610597594 4790.27734375 162.798522949
0.270176968209 4558.48632812 151.479782104
0.282743338823 3840.21655273 131.572998047
0.295309709437 3708.71313477 122.851379395
0.307876080052 3618.96899414 118.369186401
0.320442450666 3696.52368164 112.541374207
0.333008821281 3329.08227539 104.228141785
0.345575191895 3147.41381836 96.3570632935
0.358141562509 2967.8425293 93.0732803345
0.370707933124 2793.37182617 85.1324081421
0.383274303738 2551.94116211 81.1909332275
0.395840674352 2674.9831543 78.1105957031
0.408407044967 2579.15258789 75.9190139771
0.420973415581 2413.8972168 70.8500671387
0.433539786195 2206.70092773 66.9004135132
0.44610615681 2126.92749023 63.9392280579
0.458672527424 2198.20727539 63.0752296448
0.471238898038 2021.62524414 59.6548118591
0.483805268653 1963.36694336 57.3023948669
0.496371639267 1852.93579102 54.6307792664
0.508938009882 1761.49584961 52.7786750793
0.521504380496 1778.19604492 51.2003059387
0.53407075111 1625.07250977 48.8363990784
0.546637121725 1628.38256836 47.3735923767
0.559203492339 1529.96459961 45.7255516052
0.571769862953 1504.10864258 44.436630249
0.584336233568 1494.89233398 43.7159423828
0.596902604182 1363.36645508 41.3025360107
0.609468974796 1355.33862305 40.5770072937
0.622035345411 1361.2434082 39.5949401855
0.634601716025 1427.2590332 39.5872001648
0.647168086639 1282.88745117 37.3264656067
0.659734457254 1224.14526367 36.5360450745
0.672300827868 1244.70483398 35.7055015564
0.684867198483 1124.77026367 34.6422538757
0.697433569097 1149.1159668 33.7064628601
0.709999939711 1155.91821289 33.4421691895
0.722566310326 1027.40551758 31.9850063324
0.73513268094 1055.69702148 31.410358429
0.747699051554 1000.28735352 30.7107543945
0.760265422169 989.876708984 29.9239997864
0.772831792783 956.826904297 29.4028873444
0.785398163397 899.273193359 28.5982151031
0.797964534012 952.109619141 28.1597137451
0.810530904626 886.418701172 27.7902984619
0.823097275241 880.129150391 26.8588848114
0.835663645855 822.242431641 26.5111694336
0.848230016469 835.693603516 25.977853775
0.860796387084 835.176025391 25.5866012573
0.873362757698 772.841064453 24.9286670685
0.885929128312 762.692138672 24.5484142303
0.898495498927 740.045166016 24.0658798218
0.911061869541 759.176513672 23.8205699921
0.923628240155 668.747802734 22.8188819885
0.93619461077 675.908935547 22.8243579865
0.948760981384 652.784423828 22.2035751343
0.961327351998 657.825439453 22.0989151001
0.973893722613 675.515869141 21.8427619934
0.986460093227 635.719482422 21.3836612701
0.999026463842 623.669677734 21.0403823853
1.01159283446 609.410400391 20.7389316559
1.02415920507 561.626708984 20.1878890991
1.03672557568 536.952392578 19.7600822449
1.0492919463 519.400878906 19.549943924
1.06185831691 500.645996094 19.252412796
1.07442468753 484.326171875 18.8408184052
1.08699105814 508.748779297 18.8161201477
1.09955742876 519.995117188 18.6065044403
1.11212379937 491.316162109 18.4100189209
1.12469016999 455.7265625 17.8114051819
1.1372565406 494.640136719 17.9136104584
1.14982291121 489.514892578 17.7039165497
1.16238928183 442.749023438 17.2873497009
1.17495565244 432.660888672 17.0661411285
1.18752202306 411.730712891 16.814704895
1.20008839367 391.479003906 16.518283844
1.21265476429 426.223632812 16.5640506744
1.2252211349 425.920166016 16.2946586609
1.23778750551 381.478271484 15.991733551
1.25035387613 368.611572266 15.7740716934
1.26292024674 385.904296875 15.7183618546
1.27548661736 371.926757812 15.4321460724
1.28805298797 366.750244141 15.3443975449
1.30061935859 327.228271484 14.9803438187
1.3131857292 327.5625 14.8780479431
1.32575209981 328.290527344 14.7270622253
1.33831847043 298.389404297 14.4949140549
1.35088484104 336.099365234 14.4422292709
1.36345121166 300.497802734 14.2815647125
1.37601758227 248.994873047 13.8587274551
1.38858395289 306.755371094 14.0479688644
1.4011503235 280.285888672 13.7078294754
1.41371669412 283.626953125 13.6731109619
1.42628306473 276.32421875 13.4916992188
1.43884943534 262.006103516 13.3340454102
1.45141580596 265.915527344 13.2272348404
1.46398217657 269.537597656 13.1481189728
1.47654854719 261.873291016 12.984826088
1.4891149178 254.598144531 12.8965148926
1.50168128842 242.920410156 12.7248716354
1.51424765903 235.969970703 12.5816373825
1.52681402964 228.112792969 12.4535293579
1.53938040026 207.798583984 12.3048334122
1.55194677087 213.673583984 12.1794729233
1.56451314149 222.661865234 12.1507997513
1.5770795121 224.621582031 12.0187187195
1.58964588272 208.767822266 11.9815940857
1.60221225333 219.352783203 11.8230009079
1.61477862395 196.682128906 11.6986989975
1.62734499456 197.60546875 11.5750761032
1.63991136517 225.731201172 11.6004066467
1.65247773579 173.279296875 11.3433542252
1.6650441064 186.292480469 11.2856473923
1.67761047702 182.55078125 11.1748895645
1.69017684763 175.241943359 11.151222229
1.70274321825 187.588134766 11.0428352356
1.71530958886 187.862792969 10.9628381729
1.72787595947 151.826904297 10.7980260849
1.74044233009 146.594482422 10.6910820007
1.7530087007 155.791503906 10.6598358154
1.76557507132 163.820556641 10.574716568
1.77814144193 136.069091797 10.450961113
1.79070781255 124.868652344 10.3438072205
1.80327418316 140.761230469 10.2863521576
1.81584055377 133.847167969 10.235461235
1.82840692439 149.937744141 10.1556310654
1.840973295 109.8515625 10.0361280441
1.85353966562 111.844726562 9.93341255188
1.86610603623 143.759033203 9.97128582001
1.87867240685 115.981445312 9.80917453766
1.89123877746 125.799560547 9.82035732269
1.90380514808 114.855712891 9.6885137558
1.91637151869 128.694580078 9.68583488464
1.9289378893 109.300292969 9.51832866669
1.94150425992 119.019775391 9.52747535706
1.95407063053 89.3217773438 9.38248348236
1.96663700115 94.1806640625 9.34498405457
1.97920337176 73.2927246094 9.21883773804
1.99176974238 109.781005859 9.24524307251
2.00433611299 101.953857422 9.17578792572
2.0169024836 86.9016113281 9.10024356842
2.02946885422 80.9880371094 8.9883890152
2.04203522483 70.3911132812 8.92495727539
2.05460159545 90.0163574219 8.92897415161
2.06716796606 63.7172851562 8.79770278931
2.07973433668 87.1899414062 8.80334472656
2.09230070729 84.1616210938 8.76062107086
2.10486707791 86.0087890625 8.69114589691
2.11743344852 65.9357910156 8.62032699585
2.12999981913 67.8759765625 8.53598022461
2.14256618975 59.1171875 8.48592281342
2.15513256036 68.1130371094 8.45055007935
2.16769893098 69.5759277344 8.41348075867
2.18026530159 67.2775878906 8.35695552826
2.19283167221 57.6911621094 8.28211784363
2.20539804282 56.8742675781 8.22982120514
2.21796441343 47.8513183594 8.18118190765
2.23053078405 56.248046875 8.15564250946
2.24309715466 52.4709472656 8.08763980865
2.25566352528 58.7436523438 8.04551887512
2.26822989589 26.3488769531 7.93785619736
2.28079626651 52.6530761719 7.96975564957
2.29336263712 48.275390625 7.89702892303
2.30592900773 48.6115722656 7.84152936935
2.31849537835 46.0388183594 7.82377338409
2.33106174896 51.8076171875 7.77506160736
2.34362811958 39.994140625 7.72092485428
2.35619449019 35.572265625 7.64245319366
2.36876086081 42.5375976562 7.666036129
2.38132723142 32.7265625 7.56821203232
2.39389360204 29.3913574219 7.54772949219
2.40645997265 42.3635253906 7.49413967133
2.41902634326 47.5217285156 7.5114941597
2.43159271388 39.611328125 7.42249536514
2.44415908449 36.6745605469 7.39782571793
2.45672545511 31.4934082031 7.33033704758
2.46929182572 39.0693359375 7.31782102585
2.48185819634 25.9418945312 7.27638578415
2.49442456695 43.0341796875 7.24844264984
2.50699093756 29.2971191406 7.1877450943
2.51955730818 27.578125 7.15435600281
2.53212367879 12.2326660156 7.08081769943
2.54469004941 28.8559570312 7.0909538269
2.55725642002 22.5346679688 7.02206468582
2.56982279064 5.18139648438 6.98236894608
2.58238916125 24.7526855469 6.95160579681
2.59495553187 30.4379882812 6.96052455902
2.60752190248 25.5717773438 6.90564203262
2.62008827309 15.4809570312 6.8601026535
2.63265464371 6.13256835938 6.79793691635
2.64522101432 11.8310546875 6.78470039368
2.65778738494 10.2180175781 6.74956798553
2.67035375555 6.79956054688 6.70963096619
2.68292012617 18.3471679688 6.68309020996
2.69548649678 19.9123535156 6.6802983284
2.70805286739 16.8063964844 6.6367430687
2.72061923801 12.1875 6.59235239029
2.73318560862 11.5815429688 6.56765556335
2.74575197924 11.408203125 6.52437400818
2.75831834985 9.61962890625 6.50833511353
2.77088472047 10.1320800781 6.47148227692
2.78345109108 19.2951660156 6.45243930817
2.79601746169 -2.74267578125 6.39415645599
2.80858383231 17.845703125 6.39167118073
2.82115020292 1.36840820312 6.34588527679
2.83371657354 -2.37109375 6.29790973663
2.84628294415 8.67749023438 6.30922317505
2.85884931477 6.78662109375 6.25724220276
2.87141568538 3.19140625 6.23561191559
2.883982056 5.76245117188 6.20148897171
2.89654842661 9.41625976562 6.20151758194
2.90911479722 4.16162109375 6.14767599106
2.92168116784 -0.7333984375 6.11927366257
2.93424753845 -0.2802734375 6.08653402328
2.94681390907 5.49365234375 6.08357191086
2.95938027968 -2.83837890625 6.03494262695
2.9719466503 -7.20922851562 6.00555372238
2.98451302091 10.7216796875 6.01189422607
2.99707939152 -8.33862304688 5.96259117126
3.00964576214 15.1020507812 5.95560932159
3.02221213275 -8.00146484375 5.90720462799
3.03477850337 7.576171875 5.8989610672
3.04734487398 0.423828125 5.86849832535
3.0599112446 3.248046875 5.84303045273
3.07247761521 2.13989257812 5.82026576996
3.08504398583 2.484375 5.80468463898
3.09761035644 1.20288085938 5.77915096283
3.11017672705 -1.2041015625 5.73527240753
3.12274309767 7.29565429688 5.7493314743
3.13530946828 4.8544921875 5.70918655396
3.1478758389 2.51928710938 5.683781147
3.16044220951 6.85986328125 5.66366767883
3.17300858013 0.4912109375 5.64053821564
3.18557495074 2.21923828125 5.62086963654
3.19814132135 0.4384765625 5.58275079727
3.21070769197 -4.94384765625 5.56015253067
3.22327406258 -0.998046875 5.55027914047
3.2358404332 0.33056640625 5.52628278732
3.24840680381 0.704833984375 5.50476121902
3.26097317443 -1.34790039062 5.48169612885
3.27353954504 -3.41430664062 5.45633840561
3.28610591565 0.61669921875 5.44192838669
3.29867228627 3.4609375 5.43178749084
3.31123865688 8.84936523438 5.40542078018
3.3238050275 2.69482421875 5.38875579834
3.33637139811 6.11547851562 5.35832500458
3.34893776873 11.1188964844 5.36680746078
3.36150413934 14.6962890625 5.34017276764
3.37407050996 9.11889648438 5.30598640442
3.38663688057 7.66625976562 5.28770542145
3.39920325118 10.3471679688 5.28800392151
3.4117696218 3.52099609375 5.23416614532
3.42433599241 8.46801757812 5.23968458176
3.43690236303 4.32592773438 5.20180940628
3.44946873364 11.8115234375 5.20779848099
3.46203510426 5.52001953125 5.17232847214
3.47460147487 7.18188476562 5.14984130859
3.48716784548 12.1560058594 5.15445184708
3.4997342161 -2.29272460938 5.10393238068
3.51230058671 6.51831054688 5.09813117981
3.52486695733 2.265625 5.07714986801
3.53743332794 8.34155273438 5.06421232224
3.54999969856 15.5617675781 5.06212377548
3.56256606917 4.14770507812 5.01786327362
3.57513243979 16.599609375 5.031914711
3.5876988104 18.6640625 5.00043678284
3.60026518101 12.7824707031 4.99473047256
3.61283155163 7.21484375 4.95351696014
3.62539792224 20.080078125 4.96644735336
3.63796429286 9.20483398438 4.92240333557
3.65053066347 16.7741699219 4.92172670364
3.66309703409 14.2067871094 4.90047264099
3.6756634047 20.0461425781 4.89198160172
3.68822977531 13.7006835938 4.86079883575
3.70079614593 18.912109375 4.86170387268
3.71336251654 19.8522949219 4.83913898468
3.72592888716 16.3327636719 4.8252620697
3.73849525777 19.1276855469 4.80459213257
3.75106162839 27.2263183594 4.80220985413
3.763627999 24.3249511719 4.78510713577
3.77619436961 17.3676757812 4.75993013382
3.78876074023 22.3413085938 4.75283098221
3.80132711084 27.5593261719 4.73151254654
3.81389348146 24.9528808594 4.72396421432
3.82645985207 31.6337890625 4.7186422348
3.83902622269 35.2971191406 4.69803190231
3.8515925933 32.9252929688 4.68937253952
3.86415896392 27.8513183594 4.65533828735
3.87672533453 31.2414550781 4.66452884674
3.88929170514 28.853515625 4.6285610199
3.90185807576 33.8654785156 4.62743425369
3.91442444637 37.3518066406 4.61150693893
3.92699081699 46.4016113281 4.61413574219
3.9395571876 31.0075683594 4.57893848419
3.95212355822 33.4282226562 4.56174898148
3.96468992883 39.4680175781 4.55997371674
3.97725629944 41.2683105469 4.5502166748
3.98982267006 38.9833984375 4.53019571304
4.00238904067 45.3239746094 4.52541399002
4.01495541129 45.9765625 4.51067972183
4.0275217819 44.708984375 4.49955940247
4.04008815252 54.0424804688 4.49089765549
4.05265452313 51.4838867188 4.47069835663
4.06522089375 46.583984375 4.45555019379
4.07778726436 59.2668457031 4.46426343918
4.09035363497 52.7248535156 4.43201351166
4.10292000559 57.9826660156 4.42760324478
4.1154863762 53.201171875 4.40821266174
4.12805274682 60.0324707031 4.40532779694
4.14061911743 64.9514160156 4.39370393753
4.15318548805 55.8720703125 4.37171268463
4.16575185866 67.3432617188 4.37882089615
4.17831822927 67.4431152344 4.36395549774
4.19088459989 71.9895019531 4.34528160095
4.2034509705 62.5256347656 4.3351354599
4.21601734112 72.7170410156 4.32371330261
4.22858371173 65.4311523438 4.30720949173
4.24115008235 66.2526855469 4.29522705078
4.25371645296 77.5134277344 4.29350852966
4.26628282357 75.4770507812 4.27873039246
4.27884919419 72.7985839844 4.26150274277
4.2914155648 69.5971679688 4.24791622162
4.30398193542 77.7868652344 4.25012922287
4.31654830603 82.5712890625 4.23035383224
4.32911467665 83.1901855469 4.23251104355
4.34168104726 81.4460449219 4.20564699173
4.35424741788 88.7258300781 4.2141957283
4.36681378849 88.4445800781 4.19781064987
4.3793801591 91.5102539062 4.18520355225
4.39194652972 93.65625 4.17637443542
4.40451290033 91.7858886719 4.16622018814
4.41707927095 99.5478515625 4.16129302979
4.42964564156 97.6032714844 4.14698028564
4.44221201218 101.568847656 4.13606977463
4.45477838279 97.6552734375 4.12917947769
4.4673447534 109.845947266 4.11954164505
4.47991112402 103.763671875 4.11113119125
4.49247749463 118.818603516 4.11068105698
4.50504386525 105.155273438 4.08791589737
4.51761023586 106.089599609 4.07816743851
4.53017660648 115.165039062 4.07017755508
4.54274297709 114.056640625 4.06667137146
4.55530934771 121.574462891 4.05453252792
4.56787571832 126.692871094 4.05380487442
4.58044208893 124.718261719 4.04219102859
4.59300845955 131.466552734 4.0303478241
4.60557483016 135.156005859 4.03730010986
4.61814120078 127.830322266 4.00485086441
4.63070757139 144.485595703 4.02059602737
4.64327394201 136.727050781 3.99243855476
4.65584031262 139.76953125 3.99495744705
4.66840668323 141.751464844 3.98462319374
4.68097305385 145.09375 3.97321915627
4.69353942446 145.458496094 3.96323657036
4.70610579508 150.465820312 3.95875716209
4.71867216569 157.890625 3.95723605156
4.73123853631 161.423828125 3.95560383797
4.74380490692 161.580566406 3.93408226967
4.75637127753 165.457275391 3.93711733818
4.76893764815 168.703125 3.92448759079
4.78150401876 167.248291016 3.91705751419
4.79407038938 174.066162109 3.91377401352
4.80663675999 178.228027344 3.90416407585
4.81920313061 174.979736328 3.88988089561
4.83176950122 181.126708984 3.88867926598
4.84433587184 190.578613281 3.88433074951
4.85690224245 191.260986328 3.88513994217
4.86946861306 196.554443359 3.87095022202
4.88203498368 199.872802734 3.87032008171
4.89460135429 209.606201172 3.86260008812
4.90716772491 211.259521484 3.86472415924
4.91973409552 210.149902344 3.84532141685
4.93230046614 213.431884766 3.8424975872
4.94486683675 212.201171875 3.83183026314
4.95743320736 226.356689453 3.83818912506
4.96999957798 227.489746094 3.82503437996
4.98256594859 229.350585938 3.81830763817
4.99513231921 229.816894531 3.81333684921
5.00769868982 231.074462891 3.7993953228
5.02026506044 240.614257812 3.80140972137
5.03283143105 249.444580078 3.80266356468
5.04539780167 251.877929688 3.78974246979
5.05796417228 258.612792969 3.79554843903
5.07053054289 260.136962891 3.78101658821
5.08309691351 258.516357422 3.77343702316
5.09566328412 270.995849609 3.77359747887
5.10822965474 278.79296875 3.77858734131
5.12079602535 270.314208984 3.75624895096
5.13336239597 286.581542969 3.75828170776
5.14592876658 289.95703125 3.75910401344
5.15849513719 288.564697266 3.74748849869
5.17106150781 294.718261719 3.74045729637
5.18362787842 304.579589844 3.74608206749
5.19619424904 302.557128906 3.73301458359
5.20876061965 309.776855469 3.73449516296
5.22132699027 318.545166016 3.72530198097
5.23389336088 331.507324219 3.73721194267
5.24645973149 330.944824219 3.72637367249
5.25902610211 331.540039062 3.71223735809
5.27159247272 341.453125 3.71832418442
5.28415884334 339.721435547 3.70487236977
5.29672521395 343.855957031 3.70155525208
5.30929158457 354.843994141 3.70044875145
5.32185795518 367.350097656 3.70532441139
5.3344243258 367.198242188 3.69992995262
5.34699069641 374.681152344 3.69020676613
5.35955706702 380.270751953 3.69324874878
5.37212343764 389.947753906 3.6906015873
5.38468980825 392.834228516 3.68858575821
5.39725617887 399.700439453 3.6844959259
5.40982254948 402.033691406 3.68016791344
5.4223889201 410.088623047 3.6764087677
5.43495529071 419.338623047 3.67619276047
5.44752166132 431.498535156 3.67775630951
5.46008803194 428.686035156 3.66482901573
5.47265440255 431.427978516 3.66755390167
5.48522077317 448.614257812 3.67027163506
5.49778714378 455.712402344 3.66426801682
5.5103535144 456.78515625 3.66353344917
5.52291988501 465.618652344 3.65712356567
5.53548625563 471.592773438 3.65855050087
5.54805262624 478.177978516 3.65368533134
5.56061899685 486.030029297 3.65472316742
5.57318536747 498.338623047 3.6576962471
5.58575173808 499.454589844 3.65035462379
5.5983181087 510.892578125 3.64806032181
5.61088447931 519.87109375 3.65318202972
5.62345084993 530.480712891 3.64886689186
5.63601722054 532.860595703 3.65546321869
5.64858359115 539.410888672 3.63766312599
5.66114996177 548.873291016 3.64399027824
5.67371633238 550.296142578 3.63723134995
5.686282703 575.025146484 3.65215301514
5.69884907361 567.835693359 3.63664507866
5.71141544423 585.820068359 3.64456892014
5.72398181484 591.328857422 3.64249372482
5.73654818545 599.429931641 3.64037108421
5.74911455607 605.103759766 3.63646292686
5.76168092668 615.067626953 3.63980054855
5.7742472973 625.038330078 3.63778448105
5.78681366791 634.192138672 3.64214515686
5.79938003853 653.520751953 3.64768123627
5.81194640914 650.250732422 3.63888382912
5.82451277976 667.096435547 3.64054989815
5.83707915037 672.963134766 3.64318943024
5.84964552098 681.264892578 3.63896608353
5.8622118916 696.906494141 3.64507555962
5.87477826221 703.602294922 3.64545106888
5.88734463283 716.854736328 3.64695167542
5.89991100344 730.886474609 3.64998149872
5.91247737406 736.052490234 3.65135741234
5.92504374467 746.860107422 3.64644098282
5.93761011528 753.654541016 3.64897084236
5.9501764859 768.875244141 3.6531791687
5.96274285651 792.025634766 3.66426897049
5.97530922713 787.511962891 3.65157842636
5.98787559774 802.301025391 3.65917730331
6.00044196836 813.394287109 3.6615831852
6.01300833897 831.031982422 3.66651940346
6.02557470959 837.817626953 3.66356897354
6.0381410802 861.098876953 3.67750835419
6.05070745081 865.055419922 3.66897106171
6.06327382143 880.959716797 3.67917132378
6.07584019204 887.387451172 3.67148113251
6.08840656266 912.113525391 3.68936014175
6.10097293327 921.992919922 3.68873524666
6.11353930389 929.556884766 3.68842101097
6.1261056745 945.830322266 3.69037914276
6.13867204511 954.017822266 3.69335842133
6.15123841573 974.626220703 3.69753909111
6.16380478634 986.393798828 3.70682048798
6.17637115696 999.319091797 3.70348739624
6.18893752757 1015.63500977 3.71403741837
6.20150389819 1024.40649414 3.70751714706
6.2140702688 1045.98022461 3.7246234417
6.22663663941 1053.8215332 3.7177593708
6.23920301003 1073.8215332 3.73167657852
6.25176938064 1085.58032227 3.72754240036
6.26433575126 1110.33618164 3.74454498291
6.27690212187 1123.61303711 3.74636435509
6.28946849249 1138.08911133 3.74844908714
6.3020348631 1153.8503418 3.75847220421
6.31460123372 1170.86254883 3.76009583473
6.32716760433 1188.49731445 3.76672959328
6.33973397494 1200.87231445 3.77194356918
6.35230034556 1227.09594727 3.77905440331
6.36486671617 1241.95239258 3.7914993763
6.37743308679 1258.50415039 3.78964662552
6.3899994574 1282.07348633 3.80445408821
6.40256582802 1292.4675293 3.80371427536
6.41513219863 1311.74047852 3.81659865379
6.42769856924 1331.08227539 3.81607151031
6.44026493986 1351.40551758 3.8347196579
6.45283131047 1347.07104492 3.83298230171
6.46539768109 1350.35375977 3.84330606461
6.4779640517 1364.99536133 3.85384464264
6.49053042232 1360.86254883 3.85803866386
6.50309679293 1368.8918457 3.86690092087
6.51566316355 1376.89575195 3.87732028961
6.52822953416 1379.69750977 3.88233709335
6.54079590477 1393.12719727 3.89996790886
6.55336227539 1392.70581055 3.89906740189
6.565928646 1403.51000977 3.91532921791
6.57849501662 1410.42456055 3.92449951172
6.59106138723 1412.87182617 3.93075013161
6.60362775785 1423.73754883 3.94110894203
6.61619412846 1425.08764648 3.95232248306
6.62876049907 1438.28442383 3.96216511726
6.64132686969 1443.66772461 3.97401356697
6.6538932403 1456.42749023 3.98802518845
6.66645961092 1450.32250977 3.9848690033
6.67902598153 1462.14477539 4.00062465668
6.69159235215 1465.88354492 4.00924158096
6.70415872276 1476.09887695 4.02125883102
6.71672509337 1479.46508789 4.03106069565
6.72929146399 1486.75512695 4.04099750519
6.7418578346 1494.38012695 4.04843091965
6.75442420522 1506.34399414 4.06867456436
6.76699057583 1512.19946289 4.07177829742
6.77955694645 1523.57592773 4.08992099762
6.79212331706 1527.74145508 4.09991455078
6.80468968768 1539.48657227 4.1126499176
6.81725605829 1542.24829102 4.12347364426
6.8298224289 1542.73754883 4.12051153183
6.84238879952 1549.36791992 4.14218187332
6.85495517013 1561.75708008 4.14932823181
6.86752154075 1572.12963867 4.16626882553
6.88008791136 1577.97485352 4.17699575424
6.89265428198 1589.69702148 4.19297504425
6.90522065259 1595.21948242 4.19899368286
6.9177870232 1598.17993164 4.21438169479
6.93035339382 1613.60083008 4.22623586655
6.94291976443 1619.94555664 4.24135303497
6.95548613505 1625.77905273 4.24839687347
6.96805250566 1633.3737793 4.2644405365
6.98061887628 1640.62915039 4.27840042114
6.99318524689 1655.90893555 4.2889456749
7.00575161751 1662.64282227 4.31017065048
7.01831798812 1680.5871582 4.32750797272
7.03088435873 1681.1315918 4.33380937576
7.04345072935 1682.31518555 4.34231567383
7.05601709996 1701.27270508 4.36452198029
7.06858347058 1702.45727539 4.37181043625
7.08114984119 1718.6394043 4.38841629028
7.09371621181 1732.94360352 4.41574954987
7.10628258242 1744.3371582 4.41934347153
7.11884895303 1748.23364258 4.44205617905
7.13141532365 1756.99047852 4.45122814178
7.14398169426 1768.18139648 4.46951293945
7.15654806488 1776.47729492 4.48060703278
7.16911443549 1785.37768555 4.49963521957
7.18168080611 1796.73999023 4.51672649384
7.19424717672 1815.66088867 4.53821325302
7.20681354733 1811.98901367 4.54090642929
7.21937991795 1823.67993164 4.56500816345
7.23194628856 1842.11499023 4.57954025269
7.24451265918 1858.54077148 4.60901737213
7.25707902979 1862.1965332 4.61684083939
7.26964540041 1863.41381836 4.62538290024
7.28221177102 1886.46166992 4.65042114258
7.29477814164 1899.70776367 4.67318582535
7.30734451225 1913.29760742 4.69784212112
7.31991088286 1910.40258789 4.69821643829
7.33247725348 1927.59204102 4.72153091431
7.34504362409 1944.97485352 4.75072813034
7.35760999471 1956.11157227 4.76427173615
7.37017636532 1958.83959961 4.77866125107
7.38274273594 1977.15209961 4.80262470245
7.39530910655 1992.25756836 4.82420158386
7.40787547716 2002.34057617 4.84364175797
7.42044184778 2020.64282227 4.86724710464
7.43300821839 2031.23510742 4.88690710068
7.44557458901 2035.95043945 4.90215921402
7.45814095962 2055.45874023 4.92768716812
7.47070733024 2062.90209961 4.94637107849
7.48327370085 2086.15942383 4.97476291656
7.49584007147 2094.36450195 4.99338674545
7.50840644208 2107.57543945 5.01094198227
7.52097281269 2119.69799805 5.0379486084
7.53353918331 2131.74975586 5.05957984924
7.54610555392 2149.00073242 5.08721780777
7.55867192454 2153.74047852 5.09013319016
7.57123829515 2171.38745117 5.13175773621
7.58380466577 2184.1237793 5.14514541626
7.59637103638 2203.58422852 5.17857837677
7.60893740699 2208.87670898 5.1932091713
7.62150377761 2234.02319336 5.23150730133
7.63407014822 2238.87426758 5.24361753464
7.64663651884 2265.62768555 5.27939367294
7.65920288945 2266.18969727 5.29280328751
7.67176926007 2296.14526367 5.33671140671
7.68433563068 2307.60522461 5.35176610947
7.69690200129 2318.49682617 5.38235044479
7.70946837191 2324.39575195 5.39658737183
7.72203474252 2350.08178711 5.43618154526
7.73460111314 2370.51049805 5.46852254868
7.74716748375 2380.4675293 5.48683929443
7.75973385437 2400.40649414 5.52433681488
7.77230022498 2421.88012695 5.55006217957
7.7848665956 2430.83374023 5.58238792419
7.79743296621 2456.35717773 5.61260175705
7.80999933682 2463.11157227 5.63478708267
7.82256570744 2495.6628418 5.68896532059
7.83513207805 2499.49487305 5.69706821442
7.84769844867 2519.49389648 5.73651266098
7.86026481928 2533.87084961 5.76169061661
7.8728311899 2565.79370117 5.81641864777
7.88539756051 2573.40258789 5.82680225372
7.89796393112 2604.0871582 5.87653493881
7.91053030174 2623.86547852 5.91545438766
7.92309667235 2642.56616211 5.95220804214
7.93566304297 2663.86450195 5.98224306107
7.94822941358 2679.88647461 6.02288866043
7.9607957842 2693.14086914 6.04758882523
7.97336215481 2717.51147461 6.09644508362
7.98592852543 2749.68139648 6.13282346725
7.99849489604 2757.23364258 6.1708574295
8.01106126665 2788.27514648 6.21375179291
8.02362763727 2802.62231445 6.24840164185
8.03619400788 2816.76977539 6.28094005585
8.0487603785 2842.00366211 6.32725143433
8.06132674911 2865.7175293 6.37291240692
8.07389311973 2889.52416992 6.40954351425
8.08645949034 2899.98413086 6.44146060944
8.09902586095 2936.52563477 6.50521087646
8.11159223157 2962.60766602 6.54954576492
8.12415860218 2980.39624023 6.59559011459
8.1367249728 3004.1784668 6.62572526932
8.14929134341 3036.81567383 6.70049715042
8.16185771403 3052.5769043 6.72639417648
8.17442408464 3081.6809082 6.77811145782
8.18699045526 3096.08374023 6.82686471939
8.19955682587 3127.28149414 6.87818384171
8.21212319648 3149.23461914 6.92368936539
8.2246895671 3163.84008789 6.96756315231
8.23725593771 3193.25170898 7.01689004898
8.24982230833 3221.87475586 7.08838939667
8.26238867894 3258.32202148 7.13823986053
8.27495504956 3283.79467773 7.19815778732
8.28752142017 3318.61645508 7.25815391541
8.30008779078 3354.76000977 7.32731342316
8.3126541614 3368.70776367 7.3724899292
8.32522053201 3390.30981445 7.41991233826
8.33778690263 3410.08813477 7.4759221077
8.35035327324 3456.2878418 7.55428218842
8.36291964386 3476.4675293 7.60322999954
8.37548601447 3507.9074707 7.66963195801
8.38805238508 3545.90209961 7.75272464752
8.4006187557 3553.44311523 7.79190063477
8.41318512631 3595.41381836 7.85786485672
8.42575149693 3623.33959961 7.94579458237
8.43831786754 3652.38452148 7.99400997162
8.45088423816 3694.35571289 8.08033847809
8.46345060877 3725.96411133 8.15359020233
8.47601697939 3754.85668945 8.23098373413
8.48858335 3783.60229492 8.295170784
8.50114972061 3815.12231445 8.35718250275
8.51371609123 3840.33520508 8.44402980804
8.52628246184 3868.21411133 8.51203155518
8.53884883246 3905.57250977 8.59561729431
8.55141520307 3930.39575195 8.66779136658
8.56398157369 3964.05493164 8.74939632416
8.5765479443 4004.66674805 8.84439373016
8.58911431491 4042.59741211 8.92460441589
8.60168068553 4074.06762695 9.01714706421
8.61424705614 4095.99438477 9.0896692276
8.62681342676 4147.10839844 9.19797992706
8.63937979737 4170.34082031 9.28943538666
8.65194616799 4212.56542969 9.36636352539
8.6645125386 4232.375 9.45776557922
8.67707890922 4267.59570312 9.55572509766
8.68964527983 4305.76953125 9.64657974243
8.70221165044 4345.46777344 9.7761964798
8.71477802106 4379.69042969 9.85014343262
8.72734439167 4409.66894531 9.95938587189
8.73991076229 4422.04882812 10.0305309296
8.7524771329 4474.62402344 10.1735038757
8.76504350352 4496.46972656 10.2667579651
8.77760987413 4537.65136719 10.3602113724
8.79017624474 4573.98828125 10.506029129
8.80274261536 4610.13574219 10.6009244919
8.81530898597 4639.20800781 10.7220039368
8.82787535659 4678.59082031 10.8378067017
8.8404417272 4711.35058594 10.9540920258
8.85300809782 4714.83007812 11.0672531128
8.86557446843 4787.45214844 11.192987442
8.87814083904 4788.77734375 11.3288898468
8.89070720966 4827.58300781 11.4298734665
8.90327358027 4842.36328125 11.5636548996
8.91583995089 4890.30371094 11.7041664124
8.9284063215 4926.53515625 11.8440351486
8.94097269212 4926.41308594 11.9665317535
8.95353906273 4977.0390625 12.110912323
8.96610543335 4998.60839844 12.2495794296
8.97867180396 5023.03417969 12.3942613602
8.99123817457 5033.78125 12.5243787766
9.00380454519 5073.00390625 12.7057571411
9.0163709158 5076.34472656 12.7853279114
9.02893728642 5108.14746094 12.9835233688
9.04150365703 5142.62304688 13.1548118591
9.05407002765 5138.28808594 13.2723264694
9.06663639826 5151.73632812 13.4192733765
9.07920276887 5147.00585938 13.5563583374
9.09176913949 5136.98339844 13.6922292709
9.1043355101 5142.15039062 13.8277835846
9.11690188072 5193.65625 14.0403232574
9.12946825133 5172.17578125 14.1709012985
9.14203462195 5176.82519531 14.2953977585
9.15460099256 5198.83007812 14.4520893097
9.16716736318 5245.15332031 14.6739683151
9.17973373379 5260.24804688 14.8322305679
9.1923001044 5274.08789062 14.9898176193
9.20486647502 5292.56542969 15.1579008102
9.21743284563 5325.75195312 15.334359169
9.22999921625 5362.11132812 15.5667648315
9.24256558686 5391.66796875 15.7234830856
9.25513195748 5353.25683594 15.8127527237
9.26769832809 5410.00195312 16.0535869598
9.2802646987 5454.84375 16.2951030731
9.29283106932 5466.84179688 16.4335365295
9.30539743993 5483.33007812 16.6053733826
9.31796381055 5530.484375 16.8619270325
9.33053018116 5564.9609375 17.0716514587
9.34309655178 5616.92089844 17.3029937744
9.35566292239 5611.78027344 17.4464359283
9.368229293 5643.56542969 17.6994991302
9.38079566362 5686.49902344 17.9141521454
9.39336203423 5717.80664062 18.1155948639
9.40592840485 5751.75585938 18.398147583
9.41849477546 5792.515625 18.6397609711
9.43106114608 5854.25195312 18.8827877045
9.44362751669 5889.46582031 19.1518325806
9.45619388731 5948.25585938 19.4539966583
9.46876025792 6004.26464844 19.7488555908
9.48132662853 6025.31054688 19.9305324554
9.49389299915 5995.953125 20.1007118225
9.50645936976 6062.99804688 20.4025211334
9.51902574038 6111.16992188 20.6995697021
9.53159211099 6142.61523438 20.968624115
9.54415848161 6190.5078125 21.2453842163
9.55672485222 6258.66113281 21.6190757751
9.56929122283 6283.23730469 21.8823928833
9.58185759345 6295.83398438 22.0529880524
9.59442396406 6389.8515625 22.5390949249
9.60699033468 6436.43847656 22.8943004608
9.61955670529 6485.734375 23.155828476
9.63212307591 6549.26269531 23.5473499298
9.64468944652 6572.49121094 23.8466377258
9.65725581714 6627.11425781 24.2464866638
9.66982218775 6664.57519531 24.4543113708
9.68238855836 6699.14941406 24.8734512329
9.69495492898 6777.60644531 25.3366317749
9.70752129959 6778.52539062 25.5500640869
9.72008767021 6836.10839844 25.9126091003
9.73265404082 6954.52832031 26.5545482635
9.74522041144 6956.26171875 26.7903194427
9.75778678205 7000.50585938 27.1614971161
9.77035315266 7067.22070312 27.6084213257
9.78291952328 7205.12597656 28.334810257
9.79548589389 7285.22167969 28.8167610168
9.80805226451 7246.53320312 28.9608592987
9.82061863512 7259.87695312 29.345911026
9.83318500574 7454.76171875 30.2058868408
9.84575137635 7477.85058594 30.6020908356
9.85831774696 7502.89453125 30.9677200317
9.87088411758 7669.45800781 31.7294692993
9.88345048819 7675.18457031 32.2294998169
9.89601685881 7784.890625 32.8774261475
9.90858322942 7858.11328125 33.3394851685
9.92114960004 7837.36230469 33.7766227722
9.93371597065 7971.95507812 34.6566925049
9.94628234127 8002.09667969 34.9347763062
9.95884871188 8113.96191406 35.6951522827
9.97141508249 8148.74609375 36.3723449707
9.98398145311 8256.36425781 37.1805915833
9.99654782372 8386.19824219 37.771812439
10.0091141943 8433.92578125 38.5305709839
10.021680565 8530.57324219 39.3944473267
10.0342469356 8514.21484375 39.8741607666
10.0468133062 8682.83300781 40.619884491
10.0593796768 8678.53320312 41.3204040527
10.0719460474 8844.51269531 42.4707298279
10.084512418 8981.13574219 43.3765449524
10.0970787886 9053.02929688 44.2250404358
10.1096451593 9078.65332031 44.8580284119
10.1222115299 9262.47753906 46.4359359741
10.1347779005 9193.66210938 46.2763671875
10.1473442711 9232.85351562 47.2698287964
10.1599106417 9345.29980469 48.5078468323
10.1724770123 9580.53125 50.0185127258
10.1850433829 9533.00195312 50.3203544617
10.1976097536 9655.96972656 51.5341720581
10.2101761242 9850.15332031 53.3349838257
10.2227424948 9945.68652344 54.3858299255
10.2353088654 10037.8808594 55.2828788757
10.247875236 10148.9462891 56.8037338257
10.2604416066 10291.1777344 58.3515129089
10.2730079772 10315.9023438 59.1691093445
10.2855743479 10422.5771484 60.3270530701
10.2981407185 10546.5732422 62.3340034485
10.3107070891 10777.6210938 64.657951355
10.3232734597 10788.8203125 64.7564697266
10.3358398303 10988.9541016 67.0397033691
10.3484062009 11079.96875 68.8700408936
10.3609725715 11178.8994141 70.7445068359
10.3735389422 11502.4189453 72.7027816772
10.3861053128 11545.1132812 74.6566238403
10.3986716834 11580.9335938 76.3700180054
10.411238054 11727.9511719 78.2575149536
10.4238044246 11709.0429688 79.2534713745
10.4363707952 11974.9794922 82.5882415771
10.4489371658 12060.1445312 85.2606887817
10.4615035365 12275.6416016 86.6585998535
10.4740699071 12394.3271484 89.2127914429
10.4866362777 12641.6464844 93.4783325195
10.4992026483 12855.0390625 97.048538208
10.5117690189 12930.6542969 97.2444000244
10.5243353895 13040.4785156 100.510231018
10.5369017601 13245.9863281 105.611808777
10.5494681308 13267.3007812 107.829483032
10.5620345014 13437.8867188 109.317611694
10.574600872 13872.2460938 115.816726685
10.5871672426 13856.6464844 119.213905334
10.5997336132 13837.7480469 121.66368103
10.6122999838 14087.5996094 125.12171936
10.6248663544 14247.5273438 130.185821533
10.6374327251 14838.5351562 139.801940918
10.6499990957 14729.515625 139.158630371
10.6625654663 14824.2734375 144.796066284
10.6751318369 14742.5644531 149.973861694
10.6876982075 15364.1914062 160.568328857
10.7002645781 15526.2949219 159.439437866
10.7128309487 15932.65625 173.047805786
10.7253973194 15943.8886719 181.368789673
10.73796369 16023.953125 185.444198608
10.7505300606 16226.7714844 185.936706543
10.7630964312 16417.0097656 202.630767822
10.7756628018 16662.65625 218.953231812
10.7882291724 16872.03125 216.599716187
10.800795543 17613.2011719 228.440109253
10.8133619137 17314.4492188 245.048904419
10.8259282843 17842.328125 276.6640625
10.8384946549 17784.2265625 256.513061523
10.8510610255 18112.671875 273.65411377
10.8636273961 18024.9433594 301.691223145
10.8761937667 17917.0117188 338.8387146
10.8887601373 18394.5761719 309.680267334
10.901326508 19055.3300781 344.021514893
10.9138928786 19642.9355469 401.839141846
10.9264592492 20032.6132812 461.047576904
10.9390256198 20033.6679688 413.847625732
10.9515919904 20070.2070312 448.861846924
10.964158361 19778.8945312 536.428649902
10.9767247316 21362.6386719 621.677185059
10.9892911023 21560.3964844 583.873779297
11.0018574729 21735.9472656 648.142822266
11.0144238435 25297.0507812 1093.28637695
11.0269902141 23843.1425781 848.308227539
11.0395565847 24705.7363281 973.17175293
11.0521229553 20887.5898438 975.825927734
11.0646893259 21368.1796875 1599.56274414
11.0772556966 21312.9824219 1304.04125977
11.0898220672 26236.2851562 1973.7401123
11.1023884378 25841.4511719 2640.9152832
11.1149548084 20579.1796875 4203.22998047
11.127521179 32463.0058594 6808.94384766
11.1400875496 28926.96875 17368.5097656
