0.0188495559215 51749.9023438 15030.2285156
0.0314159265359 42438.9492188 7812.83300781
0.0439822971503 31907.9609375 3864.71313477
0.0565486677646 28338.6601562 2845.70654297
0.069115038379 21687.6328125 1685.31188965
0.0816814089933 17933.0117188 1329.1427002
0.0942477796077 15213.8623047 919.14630127
0.106814150222 11891.4414062 688.838562012
0.119380520836 11471.7958984 575.279602051
0.131946891451 10729.4785156 505.488769531
0.144513262065 9045.07128906 402.881774902
0.157079632679 7597.96875 319.911499023
0.169646003294 7164.71679688 279.317962646
0.182212373908 6384.03613281 247.772247314
0.194778744523 6003.421875 215.428405762
0.207345115137 5092.59033203 185.329238892
0.219911485751 4805.53320312 163.588088989
0.232477856366 4520.97119141 151.198242188
0.24504422698 4318.95117188 137.642410278
0.257610597594 4067.75927734 126.823188782
0.270176968209 3492.48828125 110.647018433
0.282743338823 3068.80078125 97.8998413086
0.295309709437 3023.70166016 92.3010559082
0.307876080052 2828.77490234 86.8331222534
0.320442450666 2866.30419922 82.2579345703
0.333008821281 2608.09033203 76.3381958008
0.345575191895 2444.08154297 70.1290740967
0.358141562509 2342.65673828 68.15599823
0.370707933124 2228.34228516 62.5210418701
0.383274303738 2084.35595703 60.068572998
0.395840674352 2053.85107422 56.2686195374
0.408407044967 2009.45898438 54.99426651
0.420973415581 1866.58007812 51.0479125977
0.433539786195 1709.453125 48.1113090515
0.44610615681 1648.4777832 45.9412765503
0.458672527424 1637.203125 44.6367416382
0.471238898038 1544.25268555 42.5579299927
0.483805268653 1476.64013672 40.6097679138
0.496371639267 1487.52124023 39.6150169373
0.508938009882 1347.4465332 37.5412445068
0.521504380496 1364.20068359 36.465259552
0.53407075111 1277.61572266 34.9930458069
0.546637121725 1275.76147461 33.9063529968
0.559203492339 1196.18530273 32.6448440552
0.571769862953 1173.18334961 31.684835434
0.584336233568 1138.38476562 30.9271602631
0.596902604182 1071.11547852 29.435760498
0.609468974796 1075.08300781 28.9985637665
0.622035345411 1027.19897461 27.8780670166
0.634601716025 1075.09082031 27.883808136
0.647168086639 931.755371094 25.9708766937
0.659734457254 926.669189453 25.6938381195
0.672300827868 946.96875 25.1531105042
0.684867198483 834.756591797 24.1993751526
0.697433569097 871.733642578 23.6884212494
0.709999939711 820.645507812 23.10704422
0.722566310326 794.434082031 22.5359592438
0.73513268094 809.442382812 22.0975990295
0.747699051554 754.039794922 21.4949932098
0.760265422169 736.656738281 20.8780193329
0.772831792783 712.915039062 20.5100002289
0.785398163397 667.6875 19.9161643982
0.797964534012 711.585205078 19.6550445557
0.810530904626 712.963134766 19.691947937
0.823097275241 668.470947266 18.7901344299
0.835663645855 610.460205078 18.4410820007
0.848230016469 652.613525391 18.2636451721
0.860796387084 610.633300781 17.7466640472
0.873362757698 588.727050781 17.4128551483
0.885929128312 585.602294922 17.1697254181
0.898495498927 557.901367188 16.7659492493
0.911061869541 552.608154297 16.4925079346
0.923628240155 527.163085938 15.9992055893
0.93619461077 533.280517578 16.0089473724
0.948760981384 518.528320312 15.5812520981
0.961327351998 494.04296875 15.3612117767
0.973893722613 517.192138672 15.2390365601
0.986460093227 468.606689453 14.812787056
0.999026463842 449.233886719 14.5196275711
1.01159283446 456.998291016 14.3990316391
1.02415920507 401.171875 13.9056758881
1.03672557568 422.173583984 13.7939739227
1.0492919463 414.656738281 13.6699399948
1.06185831691 396.372802734 13.4374246597
1.07442468753 370.830566406 13.0843257904
1.08699105814 376.406738281 13.0146083832
1.09955742876 372.500976562 12.8164234161
1.11212379937 367.507324219 12.7480487823
1.12469016999 347.767578125 12.3552570343
1.1372565406 355.269287109 12.3401756287
1.14982291121 324.0078125 12.0746850967
1.16238928183 329.638916016 11.952381134
1.17495565244 316.214355469 11.7719163895
1.18752202306 311.939941406 11.6414356232
1.20008839367 298.015869141 11.4366149902
1.21265476429 304.191162109 11.3941259384
1.2252211349 305.631103516 11.2155427933
1.23778750551 287.398681641 11.057094574
1.25035387613 273.196044922 10.8853263855
1.26292024674 270.514892578 10.7887630463
1.27548661736 285.604492188 10.6890277863
1.28805298797 259.434326172 10.540143013
1.30061935859 259.017822266 10.3929138184
1.3131857292 244.945800781 10.2672948837
1.32575209981 238.938720703 10.1384868622
1.33831847043 231.802734375 10.0291070938
1.35088484104 238.672607422 9.92152118683
1.36345121166 234.87109375 9.88743400574
1.37601758227 198.465576172 9.59197425842
1.38858395289 210.637207031 9.6221036911
1.4011503235 197.193847656 9.40582752228
1.41371669412 202.962158203 9.39434909821
1.42628306473 212.209960938 9.31978988647
1.43884943534 203.825195312 9.216132164
1.45141580596 194.601806641 9.101146698
1.46398217657 212.230224609 9.09858989716
1.47654854719 184.504638672 8.90954303741
1.4891149178 185.581298828 8.86942958832
1.50168128842 187.581542969 8.78489112854
1.51424765903 186.052001953 8.69682312012
1.52681402964 161.876953125 8.54675674438
1.53938040026 172.153320312 8.52365875244
1.55194677087 177.470703125 8.4408416748
1.56451314149 164.222412109 8.35851192474
1.5770795121 157.4921875 8.24204540253
1.58964588272 160.876220703 8.26182937622
1.60221225333 151.236083984 8.0995721817
1.61477862395 143.416015625 8.03838920593
1.62734499456 137.016845703 7.93181610107
1.63991136517 141.87890625 7.90509080887
1.65247773579 126.648681641 7.79214191437
1.6650441064 143.557617188 7.7764673233
1.67761047702 121.275878906 7.64141893387
1.69017684763 127.707519531 7.65929698944
1.70274321825 126.584228516 7.55660200119
1.71530958886 135.321289062 7.52682304382
1.72787595947 127.683105469 7.46333408356
1.74044233009 117.735351562 7.37118864059
1.7530087007 125.058105469 7.35245656967
1.76557507132 116.117431641 7.25270271301
1.77814144193 110.931640625 7.20691156387
1.79070781255 96.6293945312 7.11458396912
1.80327418316 98.3957519531 7.04963779449
1.81584055377 106.728515625 7.05091524124
1.82840692439 109.838867188 6.97413396835
1.840973295 105.141113281 6.95439243317
1.85353966562 78.1772460938 6.80667304993
1.86610603623 95.2741699219 6.81979942322
1.87867240685 89.6962890625 6.74467277527
1.89123877746 91.2351074219 6.73850059509
1.90380514808 91.8210449219 6.66933679581
1.91637151869 85.3901367188 6.62566709518
1.9289378893 73.4067382812 6.51440668106
1.94150425992 85.0310058594 6.53351926804
1.95407063053 74.4758300781 6.45926809311
1.96663700115 77.0068359375 6.43137359619
1.97920337176 59.4870605469 6.33659362793
1.99176974238 67.7077636719 6.31234502792
2.00433611299 76.1557617188 6.29942035675
2.0169024836 62.5793457031 6.23948001862
2.02946885422 68.5676269531 6.1875371933
2.04203522483 51.1843261719 6.11911439896
2.05460159545 63.6235351562 6.11938667297
2.06716796606 54.8559570312 6.05185270309
2.07973433668 61.0625 6.03178358078
2.09230070729 51.7763671875 5.98520612717
2.10486707791 60.3852539062 5.95522260666
2.11743344852 49.4304199219 5.91334104538
2.12999981913 54.2600097656 5.86369800568
2.14256618975 50.369140625 5.83428764343
2.15513256036 53.1320800781 5.80201148987
2.16769893098 50.0095214844 5.76701116562
2.18026530159 47.9526367188 5.72715854645
2.19283167221 47.8317871094 5.69060850143
2.20539804282 47.6616210938 5.65556335449
2.21796441343 44.4597167969 5.628926754
2.23053078405 36.798828125 5.58110237122
2.24309715466 44.6665039062 5.5579252243
2.25566352528 40.859375 5.51096343994
2.26822989589 35.46484375 5.47432279587
2.28079626651 35.5339355469 5.45652770996
2.29336263712 34.087890625 5.41012382507
2.30592900773 40.0893554688 5.38461971283
2.31849537835 32.3627929688 5.35951948166
2.33106174896 43.671875 5.34195947647
2.34362811958 42.8640136719 5.32041120529
2.35619449019 37.9924316406 5.26246643066
2.36876086081 29.2802734375 5.25001192093
2.38132723142 29.365234375 5.19732522964
2.39389360204 29.1652832031 5.18764638901
2.40645997265 33.1862792969 5.1406493187
2.41902634326 30.4399414062 5.13949108124
2.43159271388 27.8713378906 5.08444976807
2.44415908449 29.9460449219 5.07594108582
2.45672545511 28.9716796875 5.03489208221
2.46929182572 32.4318847656 5.02275657654
2.48185819634 26.3654785156 5.00027990341
2.49442456695 22.134765625 4.94899463654
2.50699093756 24.2060546875 4.93044137955
2.51955730818 27.5434570312 4.91652917862
2.53212367879 12.8342285156 4.8577542305
2.54469004941 26.3305664062 4.86883401871
2.55725642002 10.3254394531 4.79871082306
2.56982279064 14.02734375 4.80200338364
2.58238916125 23.6311035156 4.77338218689
2.59495553187 14.1188964844 4.75354480743
2.60752190248 17.1333007812 4.72824859619
2.62008827309 20.2348632812 4.7162399292
2.63265464371 10.8366699219 4.66784715652
2.64522101432 12.9641113281 4.6553735733
2.65778738494 13.0817871094 4.63357782364
2.67035375555 16.1564941406 4.61634111404
2.68292012617 12.2578125 4.57600069046
2.69548649678 8.8828125 4.56580686569
2.70805286739 14.4711914062 4.55032014847
2.72061923801 11.7104492188 4.52063274384
2.73318560862 8.27709960938 4.49815750122
2.74575197924 5.17944335938 4.46308231354
2.75831834985 9.560546875 4.46231031418
2.77088472047 7.81665039062 4.43325185776
2.78345109108 7.7275390625 4.40875101089
2.79601746169 -1.728515625 4.37897920609
2.80858383231 2.416015625 4.3595252037
2.82115020292 1.27807617188 4.34626102448
2.83371657354 2.34521484375 4.31981372833
2.84628294415 6.14770507812 4.32091093063
2.85884931477 12.001953125 4.29783058167
2.87141568538 4.56469726562 4.27429580688
2.883982056 9.12939453125 4.25577020645
2.89654842661 -0.10888671875 4.23541975021
2.90911479722 0.17578125 4.20531654358
2.92168116784 2.44140625 4.19552230835
2.93424753845 -1.42309570312 4.16594934464
2.94681390907 -1.15380859375 4.15765047073
2.95938027968 4.76904296875 4.14408922195
2.9719466503 -3.69213867188 4.11469602585
2.98451302091 1.49291992188 4.10710763931
2.99707939152 -1.62890625 4.0900144577
3.00964576214 6.93310546875 4.07272624969
3.02221213275 3.578125 4.06028223038
3.03477850337 -0.663330078125 4.02994394302
3.04734487398 -2.23657226562 4.01458358765
3.0599112446 7.46752929688 4.00988149643
3.07247761521 5.85693359375 3.99287295341
3.08504398583 -2.56665039062 3.9680993557
3.09761035644 1.32275390625 3.95836353302
3.11017672705 -1.61791992188 3.92623114586
3.12274309767 7.17724609375 3.94064450264
3.13530946828 -2.05493164062 3.90104460716
3.1478758389 7.95092773438 3.90216040611
3.16044220951 1.185546875 3.87290596962
3.17300858013 -2.95971679688 3.85742163658
3.18557495074 -0.096923828125 3.84661817551
3.19814132135 6.12084960938 3.83217096329
3.21070769197 0.303955078125 3.81334519386
3.22327406258 -0.678466796875 3.80083227158
3.2358404332 -9.1337890625 3.76988983154
3.24840680381 -8.23779296875 3.75619649887
3.26097317443 -4.49389648438 3.74836850166
3.27353954504 -0.706298828125 3.73899292946
3.28610591565 -7.03149414062 3.71525454521
3.29867228627 5.22216796875 3.72402048111
3.31123865688 5.80297851562 3.70123672485
3.3238050275 -0.973876953125 3.68595719337
3.33637139811 1.58374023438 3.66546797752
3.34893776873 1.13647460938 3.66546559334
3.36150413934 0.946044921875 3.64334750175
3.37407050996 4.84497070312 3.63145589828
3.38663688057 7.70239257812 3.62464261055
3.39920325118 0.945068359375 3.6121404171
3.4117696218 1.44799804688 3.58293843269
3.42433599241 5.84228515625 3.58819317818
3.43690236303 6.11645507812 3.56678771973
3.44946873364 5.97607421875 3.56321954727
3.46203510426 6.34326171875 3.54571557045
3.47460147487 9.28198242188 3.53289341927
3.48716784548 6.0654296875 3.52650856972
3.4997342161 2.92944335938 3.50160980225
3.51230058671 7.25537109375 3.49517726898
3.52486695733 4.35131835938 3.48080921173
3.53743332794 3.59887695312 3.46497297287
3.54999969856 10.1638183594 3.4658396244
3.56256606917 6.83544921875 3.44184136391
3.57513243979 8.0390625 3.4411752224
3.5876988104 8.70043945312 3.41860127449
3.60026518101 4.1220703125 3.41392278671
3.61283155163 7.68701171875 3.39596867561
3.62539792224 11.7153320312 3.39819860458
3.63796429286 10.3623046875 3.37644290924
3.65053066347 14.4655761719 3.37448382378
3.66309703409 10.7380371094 3.35721898079
3.6756634047 8.2880859375 3.34260392189
3.68822977531 14.0441894531 3.33499836922
3.70079614593 9.39624023438 3.32446837425
3.71336251654 12.6596679688 3.3125743866
3.72592888716 11.271484375 3.30445075035
3.73849525777 16.4250488281 3.29463624954
3.75106162839 15.9506835938 3.28494787216
3.763627999 11.0393066406 3.26934862137
3.77619436961 12.7854003906 3.26077890396
3.78876074023 17.3874511719 3.25749850273
3.80132711084 15.8725585938 3.2361843586
3.81389348146 18.9445800781 3.23740744591
3.82645985207 24.708984375 3.23531532288
3.83902622269 19.3020019531 3.21085500717
3.8515925933 22.6276855469 3.21138143539
3.86415896392 27.7033691406 3.19914865494
3.87672533453 17.3337402344 3.18899917603
3.88929170514 23.0 3.17380523682
3.90185807576 29.7448730469 3.17728495598
3.91442444637 21.3271484375 3.1525144577
3.92699081699 27.7172851562 3.1545715332
3.9395571876 29.5234375 3.1462020874
3.95212355822 23.5275878906 3.12468600273
3.96468992883 29.8854980469 3.126278162
3.97725629944 29.3825683594 3.11739802361
3.98982267006 29.8186035156 3.1061964035
4.00238904067 30.9365234375 3.09887075424
4.01495541129 33.8920898438 3.09191393852
4.0275217819 32.4956054688 3.08363413811
4.04008815252 30.5646972656 3.0673687458
4.05265452313 39.9084472656 3.06727743149
4.06522089375 31.7888183594 3.05101704597
4.07778726436 43.08203125 3.06019592285
4.09035363497 41.6130371094 3.04178118706
4.10292000559 41.3068847656 3.03397226334
4.1154863762 39.5515136719 3.02253770828
4.12805274682 42.0090332031 3.01785516739
4.14061911743 40.8754882812 3.00444340706
4.15318548805 41.537109375 2.99769711494
4.16575185866 47.5036621094 3.00028252602
4.17831822927 47.525390625 2.99004101753
4.19088459989 52.8369140625 2.97986960411
4.2034509705 44.8923339844 2.97117424011
4.21601734112 53.3715820312 2.96512103081
4.22858371173 54.4487304688 2.9610054493
4.24115008235 50.4279785156 2.94734716415
4.25371645296 60.1101074219 2.94847106934
4.26628282357 54.4714355469 2.93334126472
4.27884919419 54.3981933594 2.92359495163
4.2914155648 53.3703613281 2.91563892365
4.30398193542 54.1740722656 2.9115395546
4.31654830603 55.146484375 2.89531993866
4.32911467665 62.2819824219 2.90457987785
4.34168104726 64.8601074219 2.89049649239
4.35424741788 64.7778320312 2.89050912857
4.36681378849 64.8203125 2.87954092026
4.3793801591 68.8464355469 2.8730931282
4.39194652972 70.5393066406 2.86728262901
4.40451290033 69.7221679688 2.86084318161
4.41707927095 68.8332519531 2.85040068626
4.42964564156 72.1259765625 2.84583115578
4.44221201218 77.3740234375 2.84119319916
4.45477838279 75.5417480469 2.83742403984
4.4673447534 76.4995117188 2.82248830795
4.47991112402 75.6408691406 2.82043194771
4.49247749463 85.9934082031 2.82014966011
4.50504386525 87.0151367188 2.81610560417
4.51761023586 84.4865722656 2.80586743355
4.53017660648 84.0415039062 2.79297590256
4.54274297709 87.0056152344 2.79468488693
4.55530934771 86.8249511719 2.7804646492
4.56787571832 93.5744628906 2.7835214138
4.58044208893 93.9543457031 2.7774477005
4.59300845955 91.7180175781 2.76181912422
4.60557483016 95.044921875 2.76745414734
4.61814120078 97.3364257812 2.75313878059
4.63070757139 103.056396484 2.7577548027
4.64327394201 103.427001953 2.74457883835
4.65584031262 98.7954101562 2.73906326294
4.66840668323 103.622558594 2.73570466042
4.68097305385 107.552978516 2.72962594032
4.69353942446 107.436523438 2.72237610817
4.70610579508 112.789306641 2.72133636475
4.71867216569 110.537841797 2.71247601509
4.73123853631 114.861816406 2.71337532997
4.74380490692 111.876708984 2.69534921646
4.75637127753 125.045654297 2.70851922035
4.76893764815 122.010742188 2.6942961216
4.78150401876 120.243896484 2.68838882446
4.79407038938 127.386474609 2.68871283531
4.80663675999 128.504882812 2.68029618263
4.81920313061 134.293212891 2.67882633209
4.83176950122 129.663818359 2.66880297661
4.84433587184 131.251953125 2.66075396538
4.85690224245 140.072021484 2.66994428635
4.86946861306 142.593261719 2.65904450417
4.88203498368 142.123535156 2.65578627586
4.89460135429 144.468017578 2.64605498314
4.90716772491 151.298828125 2.65333938599
4.91973409552 147.189453125 2.63661026955
4.93230046614 152.462158203 2.63774609566
4.94486683675 151.302001953 2.63010382652
4.95743320736 156.275146484 2.6296684742
4.96999957798 159.032470703 2.62265300751
4.98256594859 160.657470703 2.61839222908
4.99513231921 159.267089844 2.61326575279
5.00769868982 165.293212891 2.6088783741
5.02026506044 169.806152344 2.60822701454
5.03283143105 173.576904297 2.6068072319
5.04539780167 176.198242188 2.59889554977
5.05796417228 176.761230469 2.59885311127
5.07053054289 179.901367188 2.5909743309
5.08309691351 182.327636719 2.58926939964
5.09566328412 188.416503906 2.58694648743
5.10822965474 189.564697266 2.58624315262
5.12079602535 192.109863281 2.57912683487
5.13336239597 200.028076172 2.57735133171
5.14592876658 203.677734375 2.57921600342
5.15849513719 201.062255859 2.56963253021
5.17106150781 205.752197266 2.56526732445
5.18362787842 212.598876953 2.56920576096
5.19619424904 216.909667969 2.56574082375
5.20876061965 217.948730469 2.56297874451
5.22132699027 219.534912109 2.55242013931
5.23389336088 227.283203125 2.55949473381
5.24645973149 230.503662109 2.555519104
5.25902610211 235.841552734 2.55051922798
5.27159247272 238.8046875 2.55104017258
5.28415884334 241.509521484 2.54550337791
5.29672521395 246.686279297 2.54543590546
5.30929158457 246.247070312 2.53713011742
5.32185795518 253.500244141 2.53922820091
5.3344243258 259.5234375 2.54129457474
5.34699069641 260.678466797 2.53088521957
5.35955706702 263.991455078 2.53248476982
5.37212343764 274.438232422 2.53422451019
5.38468980825 275.688964844 2.53215909004
5.39725617887 274.130615234 2.52352452278
5.40982254948 283.200195312 2.52748942375
5.4223889201 286.709960938 2.5230383873
5.43495529071 295.265136719 2.52492499352
5.44752166132 295.719482422 2.51873445511
5.46008803194 300.687988281 2.51620531082
5.47265440255 302.498291016 2.51801013947
5.48522077317 310.976806641 2.5168402195
5.49778714378 315.913085938 2.51278567314
5.5103535144 319.269042969 2.51466870308
5.52291988501 326.373291016 2.51121282578
5.53548625563 329.543457031 2.51134777069
5.54805262624 335.240234375 2.50907087326
5.56061899685 340.828613281 2.50996088982
5.57318536747 342.930908203 2.50628805161
5.58575173808 350.443359375 2.50731515884
5.5983181087 355.070556641 2.50285029411
5.61088447931 360.815185547 2.50599265099
5.62345084993 363.220214844 2.49869275093
5.63601722054 368.481689453 2.50644850731
5.64858359115 379.572998047 2.50009059906
5.66114996177 380.340087891 2.49936008453
5.67371633238 384.008056641 2.49710249901
5.686282703 393.676757812 2.50090193748
5.69884907361 394.234130859 2.4951031208
5.71141544423 402.041992188 2.49656271935
5.72398181484 413.233398438 2.50163936615
5.73654818545 417.049560547 2.49865460396
5.74911455607 422.005859375 2.49689817429
5.76168092668 431.833251953 2.50178861618
5.7742472973 439.283447266 2.50092124939
5.78681366791 438.077636719 2.49741721153
5.79938003853 453.546386719 2.50312781334
5.81194640914 453.028564453 2.49858021736
5.82451277976 459.694335938 2.4955098629
5.83707915037 465.675048828 2.49900317192
5.84964552098 474.840332031 2.49907922745
5.8622118916 483.454833984 2.50145626068
5.87477826221 487.844726562 2.50153851509
5.88734463283 497.805419922 2.50330591202
5.89991100344 503.316650391 2.50188660622
5.91247737406 508.636962891 2.50433921814
5.92504374467 518.61328125 2.5031349659
5.93761011528 528.412353516 2.5092086792
5.9501764859 535.060546875 2.50888490677
5.96274285651 545.194091797 2.51165437698
5.97530922713 552.496582031 2.51167464256
5.98787559774 558.512695312 2.51342010498
6.00044196836 560.926025391 2.51072001457
6.01300833897 572.045410156 2.5132920742
6.02557470959 579.440429688 2.51355195045
6.0381410802 592.734619141 2.52089095116
6.05070745081 596.341552734 2.5157790184
6.06327382143 611.504882812 2.52629590034
6.07584019204 614.221679688 2.51961684227
6.08840656266 627.838623047 2.52912545204
6.10097293327 633.797119141 2.52802824974
6.11353930389 645.558837891 2.53320860863
6.1261056745 655.583740234 2.53361177444
6.13867204511 663.079345703 2.53718900681
6.15123841573 675.106689453 2.53832650185
6.16380478634 682.148925781 2.54385495186
6.17637115696 687.075683594 2.53836870193
6.18893752757 700.995605469 2.5478181839
6.20150389819 708.368164062 2.54443955421
6.2140702688 717.822021484 2.5518579483
6.22663663941 730.613769531 2.55312538147
6.23920301003 745.03125 2.56323170662
6.25176938064 747.084472656 2.55556511879
6.26433575126 767.104980469 2.56966280937
6.27690212187 779.125244141 2.57323479652
6.28946849249 788.678466797 2.57435655594
6.3020348631 801.362304688 2.58272027969
6.31460123372 811.175048828 2.58234596252
6.32716760433 818.284912109 2.58293962479
6.33973397494 830.380371094 2.58937120438
6.35230034556 844.705322266 2.59135389328
6.36486671617 853.203369141 2.59855532646
6.37743308679 869.333984375 2.60104513168
6.3899994574 883.543457031 2.60966467857
6.40256582802 894.389892578 2.61206674576
6.41513219863 903.738525391 2.61787414551
6.42769856924 923.171142578 2.62231659889
6.44026493986 927.659423828 2.6277410984
6.45283131047 928.89453125 2.62983107567
6.46539768109 937.127441406 2.64158916473
6.4779640517 941.056884766 2.64403867722
6.49053042232 943.844726562 2.65131902695
6.50309679293 947.694824219 2.65610265732
6.51566316355 947.697509766 2.65894961357
6.52822953416 956.250732422 2.66759562492
6.54079590477 963.124755859 2.67785906792
6.55336227539 962.073242188 2.67664146423
6.565928646 968.081298828 2.68669509888
6.57849501662 969.855224609 2.6906452179
6.59106138723 974.709228516 2.69743800163
6.60362775785 986.867919922 2.70826005936
6.61619412846 991.120849609 2.7185986042
6.62876049907 994.107910156 2.72054743767
6.64132686969 999.255371094 2.72983407974
6.6538932403 1000.53149414 2.73351287842
6.66645961092 1003.09960938 2.73671340942
6.67902598153 1013.55712891 2.74939417839
6.69159235215 1013.15869141 2.75295162201
6.70415872276 1012.01318359 2.75469589233
6.71672509337 1023.38085938 2.76864957809
6.72929146399 1026.52416992 2.7739841938
6.7418578346 1032.36279297 2.77957034111
6.75442420522 1039.26733398 2.79241895676
6.76699057583 1045.72827148 2.79650735855
6.77955694645 1050.19897461 2.80628156662
6.79212331706 1052.48071289 2.81267476082
6.80468968768 1054.27148438 2.81636452675
6.81725605829 1065.71826172 2.83148884773
6.8298224289 1068.11083984 2.83111333847
6.84238879952 1073.18579102 2.84642338753
6.85495517013 1080.59936523 2.85044407845
6.86752154075 1086.96435547 2.86146521568
6.88008791136 1088.11328125 2.86650562286
6.89265428198 1099.83178711 2.88045930862
6.90522065259 1105.51708984 2.8861322403
6.9177870232 1105.05126953 2.89466905594
6.93035339382 1113.90087891 2.90138983727
6.94291976443 1121.20556641 2.91417956352
6.95548613505 1125.81640625 2.9195125103
6.96805250566 1132.30249023 2.9315764904
6.98061887628 1134.44970703 2.93883919716
6.99318524689 1143.90454102 2.94522833824
7.00575161751 1146.58642578 2.95820236206
7.01831798812 1153.06933594 2.96529102325
7.03088435873 1166.71826172 2.98057246208
7.04345072935 1171.16674805 2.98942995071
7.05601709996 1174.94873047 2.99703764915
7.06858347058 1177.3503418 3.00336027145
7.08114984119 1182.17944336 3.009547472
7.09371621181 1197.92480469 3.03323817253
7.10628258242 1204.66113281 3.03480005264
7.11884895303 1204.05297852 3.04765200615
7.13141532365 1213.01782227 3.05641746521
7.14398169426 1220.70654297 3.06897616386
7.15654806488 1227.19970703 3.07726216316
7.16911443549 1238.20898438 3.09444785118
7.18168080611 1245.69384766 3.10592389107
7.19424717672 1248.859375 3.11239767075
7.20681354733 1260.7175293 3.12638187408
7.21937991795 1259.29980469 3.13495850563
7.23194628856 1269.9934082 3.14327335358
7.24451265918 1276.72216797 3.15964412689
7.25707902979 1292.02392578 3.17588973045
7.26964540041 1296.1965332 3.18460655212
7.28221177102 1302.02539062 3.19328355789
7.29477814164 1308.45874023 3.20663905144
7.30734451225 1318.28759766 3.22398948669
7.31991088286 1329.52758789 3.23559260368
7.33247725348 1333.92211914 3.245251894
7.34504362409 1348.55566406 3.26763486862
7.35760999471 1350.10791016 3.27168178558
7.37017636532 1361.00854492 3.28937029839
7.38274273594 1371.03320312 3.30362963676
7.39530910655 1377.88891602 3.31540393829
7.40787547716 1379.27490234 3.3239428997
7.42044184778 1393.83691406 3.34188628197
7.43300821839 1405.8190918 3.35949635506
7.44557458901 1407.21655273 3.36836767197
7.45814095962 1420.47924805 3.38578391075
7.47070733024 1430.17260742 3.40264487267
7.48327370085 1436.51000977 3.41367387772
7.49584007147 1449.63305664 3.43306231499
7.50840644208 1458.65576172 3.44507908821
7.52097281269 1464.98217773 3.46186733246
7.53353918331 1476.80883789 3.47987914085
7.54610555392 1488.60083008 3.49882268906
7.55867192454 1494.70996094 3.50336408615
7.57123829515 1501.34521484 3.52708387375
7.58380466577 1521.48583984 3.54647278786
7.59637103638 1524.68359375 3.560349226
7.60893740699 1536.41918945 3.57768893242
7.62150377761 1542.37915039 3.5938243866
7.63407014822 1555.54003906 3.61102080345
7.64663651884 1566.48095703 3.62888407707
7.65920288945 1579.16064453 3.64925742149
7.67176926007 1583.81811523 3.66496944427
7.68433563068 1598.83569336 3.68182015419
7.69690200129 1612.60180664 3.70859861374
7.70946837191 1626.92675781 3.72780776024
7.72203474252 1635.9699707 3.74716472626
7.73460111314 1644.13476562 3.76400732994
7.74716748375 1658.35839844 3.78341412544
7.75973385437 1669.71337891 3.80705475807
7.77230022498 1685.89599609 3.82606673241
7.7848665956 1687.32226562 3.84393239021
7.79743296621 1703.03173828 3.8629989624
7.80999933682 1716.33886719 3.88636016846
7.82256570744 1727.92089844 3.91352725029
7.83513207805 1744.03808594 3.93176269531
7.84769844867 1756.47363281 3.957695961
7.86026481928 1772.10205078 3.98045921326
7.8728311899 1789.59033203 4.0139374733
7.88539756051 1790.03027344 4.01653862
7.89796393112 1804.80078125 4.04474306107
7.91053030174 1821.65917969 4.07463169098
7.92309667235 1831.47949219 4.09701395035
7.93566304297 1841.39794922 4.11313486099
7.94822941358 1869.10205078 4.15717220306
7.9607957842 1878.90917969 4.17485666275
7.97336215481 1891.33642578 4.20431900024
7.98592852543 1914.29248047 4.23015451431
7.99849489604 1926.45800781 4.26317739487
8.01106126665 1942.04980469 4.28708744049
8.02362763727 1952.60253906 4.3116350174
8.03619400788 1969.18457031 4.34079790115
8.0487603785 1985.69482422 4.37188673019
8.06132674911 1999.11181641 4.40049600601
8.07389311973 2013.18457031 4.42344093323
8.08645949034 2032.70605469 4.45772314072
8.09902586095 2044.59863281 4.48844051361
8.11159223157 2063.62451172 4.52006387711
8.12415860218 2080.03710938 4.55600786209
8.1367249728 2100.70019531 4.58109474182
8.14929134341 2109.80957031 4.61913871765
8.16185771403 2139.05419922 4.6556687355
8.17442408464 2137.73486328 4.66958093643
8.18699045526 2166.94042969 4.72292661667
8.19955682587 2181.60888672 4.75132465363
8.21212319648 2203.75830078 4.78996086121
8.2246895671 2213.89990234 4.82035207748
8.23725593771 2239.22558594 4.85964441299
8.24982230833 2245.45019531 4.89496278763
8.26238867894 2271.15087891 4.92994403839
8.27495504956 2282.16308594 4.96441078186
8.28752142017 2313.21582031 5.01320695877
8.30008779078 2324.62597656 5.046626091
8.3126541614 2355.06787109 5.09989070892
8.32522053201 2359.29492188 5.12126541138
8.33778690263 2384.55371094 5.17236232758
8.35035327324 2399.29248047 5.20804738998
8.36291964386 2424.75097656 5.25425815582
8.37548601447 2441.39697266 5.29463720322
8.38805238508 2462.47802734 5.34638834
8.4006187557 2491.61767578 5.39960241318
8.41318512631 2512.05761719 5.43583011627
8.42575149693 2522.03173828 5.48633003235
8.43831786754 2553.84570312 5.53264284134
8.45088423816 2561.68115234 5.56878423691
8.46345060877 2591.97900391 5.62878751755
8.47601697939 2617.10253906 5.6880364418
8.48858335 2623.98193359 5.71773862839
8.50114972061 2663.46582031 5.78058671951
8.51371609123 2679.08203125 5.83857822418
8.52628246184 2699.99560547 5.88747215271
8.53884883246 2727.95410156 5.94772434235
8.55141520307 2739.04296875 5.99062585831
8.56398157369 2773.71875 6.06028556824
8.5765479443 2785.94433594 6.10750722885
8.58911431491 2818.85693359 6.17077827454
8.60168068553 2835.06103516 6.22820901871
8.61424705614 2861.56591797 6.2917766571
8.62681342676 2878.97509766 6.34531831741
8.63937979737 2907.08691406 6.42291927338
8.65194616799 2936.62841797 6.47652721405
8.6645125386 2959.79052734 6.5512046814
8.67707890922 2974.33056641 6.60703706741
8.68964527983 3022.07080078 6.69601345062
8.70221165044 3025.25732422 6.75587272644
8.71477802106 3059.58837891 6.82021570206
8.72734439167 3075.63525391 6.8899731636
8.73991076229 3092.68261719 6.94984340668
8.7524771329 3117.96484375 7.03480291367
8.76504350352 3143.67578125 7.11279010773
8.77760987413 3171.88183594 7.17712020874
8.79017624474 3177.52392578 7.25293064117
8.80274261536 3216.27832031 7.33633184433
8.81530898597 3235.43457031 7.41886711121
8.82787535659 3255.26025391 7.48923587799
8.8404417272 3293.18896484 7.58982610703
8.85300809782 3290.43554688 7.66133165359
8.86557446843 3346.69140625 7.75638866425
8.87814083904 3345.89355469 7.84823656082
8.89070720966 3362.06005859 7.9036026001
8.90327358027 3392.68408203 8.02416992188
8.91583995089 3414.37207031 8.1056470871
8.9284063215 3455.98632812 8.22555351257
8.94097269212 3445.24609375 8.29561233521
8.95353906273 3470.97607422 8.3824262619
8.96610543335 3480.93994141 8.47130298615
8.97867180396 3491.16992188 8.56174468994
8.99123817457 3518.14648438 8.68010234833
9.00380454519 3546.40527344 8.80738925934
9.0163709158 3554.67431641 8.87135314941
9.02893728642 3574.48193359 9.00549221039
9.04150365703 3580.83300781 9.09777450562
9.05407002765 3588.84472656 9.19583415985
9.06663639826 3590.04248047 9.28514862061
9.07920276887 3606.43603516 9.41059780121
9.09176913949 3593.89746094 9.49613761902
9.1043355101 3618.71630859 9.62386798859
9.11690188072 3633.31445312 9.73773288727
9.12946825133 3626.34765625 9.84115791321
9.14203462195 3634.5703125 9.93578147888
9.15460099256 3648.28759766 10.0420866013
9.16716736318 3669.234375 10.1775426865
9.17973373379 3684.49267578 10.2953567505
9.1923001044 3695.46484375 10.4070558548
9.20486647502 3705.24121094 10.518529892
9.21743284563 3722.14697266 10.6304197311
9.22999921625 3750.27392578 10.7966251373
9.24256558686 3756.05957031 10.8794956207
9.25513195748 3779.45361328 11.0298509598
9.26769832809 3805.50976562 11.1736516953
9.2802646987 3814.87792969 11.3022985458
9.29283106932 3841.22265625 11.4311027527
9.30539743993 3858.65478516 11.5615730286
9.31796381055 3896.43701172 11.7493772507
9.33053018116 3886.12207031 11.8313159943
9.34309655178 3938.42236328 12.0223398209
9.35566292239 3936.86572266 12.125834465
9.368229293 3971.49560547 12.3258180618
9.38079566362 3981.43994141 12.4366664886
9.39336203423 4012.12451172 12.5939779282
9.40592840485 4011.59863281 12.7427711487
9.41849477546 4070.5234375 12.971247673
9.43106114608 4075.08935547 13.0634078979
9.44362751669 4116.3828125 13.2838315964
9.45619388731 4160.55810547 13.5003604889
9.46876025792 4175.63720703 13.6558980942
9.48132662853 4182.39355469 13.7653217316
9.49389299915 4226.98730469 14.0192184448
9.50645936976 4275.30712891 14.2330169678
9.51902574038 4292.08789062 14.4042568207
9.53159211099 4319.69726562 14.6038541794
9.54415848161 4399.29736328 14.8973007202
9.55672485222 4356.38916016 14.9597663879
9.56929122283 4442.41552734 15.2953109741
9.58185759345 4446.47851562 15.4039506912
9.59442396406 4507.64160156 15.7332906723
9.60699033468 4536.10449219 15.9719543457
9.61955670529 4552.99560547 16.1140956879
9.63212307591 4550.82177734 16.278585434
9.64468944652 4581.49658203 16.519865036
9.65725581714 4666.85253906 16.9098834991
9.66982218775 4659.63085938 16.9751148224
9.68238855836 4687.84375 17.2762718201
9.69495492898 4741.1015625 17.5949554443
9.70752129959 4792.42382812 17.8683509827
9.72008767021 4787.97021484 18.0104885101
9.73265404082 4852.51171875 18.4118251801
9.74522041144 4922.57763672 18.750623703
9.75778678205 4939.13037109 18.973361969
9.77035315266 4935.24902344 19.1544818878
9.78291952328 5033.22998047 19.6645050049
9.79548589389 5100.40576172 20.029756546
9.80805226451 5075.44042969 20.1350746155
9.82061863512 5123.90966797 20.509016037
9.83318500574 5159.22851562 20.8335437775
9.84575137635 5243.4375 21.2960186005
9.85831774696 5304.58349609 21.6727638245
9.87088411758 5310.88183594 21.8944778442
9.88345048819 5366.25 22.3869285583
9.89601685881 5400.06591797 22.7142124176
9.90858322942 5473.8359375 23.1010932922
9.92114960004 5466.20166016 23.4239616394
9.93371597065 5594.84619141 24.1403255463
9.94628234127 5633.36767578 24.3869552612
9.95884871188 5678.74511719 24.8177833557
9.97141508249 5716.65820312 25.3312397003
9.98398145311 5778.53125 25.853012085
9.99654782372 5819.73828125 26.109041214
10.0091141943 5877.40917969 26.7127552032
10.021680565 5919.15527344 27.2294178009
10.0342469356 5994.16308594 27.8458900452
10.0468133062 6033.00976562 28.1049995422
10.0593796768 6089.921875 28.7917785645
10.0719460474 6119.59863281 29.2991065979
10.084512418 6266.00292969 30.1042804718
10.0970787886 6274.0546875 30.5465145111
10.1096451593 6358.22753906 31.219537735
10.1222115299 6398.23535156 31.9994411469
10.1347779005 6440.81933594 32.2158966064
10.1473442711 6562.84179688 33.2573890686
10.1599106417 6661.04492188 34.2001342773
10.1724770123 6715.67675781 34.8420944214
10.1850433829 6701.99707031 35.1269836426
10.1976097536 6753.82324219 35.8417434692
10.2101761242 6908.64648438 37.1727905273
10.2227424948 6967.3515625 37.8734855652
10.2353088654 7068.5859375 38.6486587524
10.247875236 7070.375 39.3977279663
10.2604416066 7239.92871094 40.7697944641
10.2730079772 7205.78710938 41.1218986511
10.2855743479 7363.25292969 42.2860069275
10.2981407185 7446.79882812 43.6778869629
10.3107070891 7391.49609375 44.3272361755
10.3232734597 7586.44042969 45.2395362854
10.3358398303 7650.07128906 46.4837379456
10.3484062009 7753.92871094 47.9444618225
10.3609725715 7845.46875 49.3581466675
10.3735389422 7877.51757812 49.7900352478
10.3861053128 8058.24609375 51.8765144348
10.3986716834 8194.23339844 53.6272354126
10.411238054 8197.46875 54.440952301
10.4238044246 8345.30859375 55.9690818787
10.4363707952 8416.58496094 57.7048683167
10.4489371658 8484.57617188 59.6184234619
10.4615035365 8565.58886719 60.2147941589
10.4740699071 8612.96289062 61.7934074402
10.4866362777 8876.58203125 65.2803497314
10.4992026483 9022.19726562 67.7534561157
10.5117690189 9033.140625 67.6435317993
10.5243353895 9126.05273438 70.0152206421
10.5369017601 9210.16796875 73.1980819702
10.5494681308 9203.62011719 74.5985565186
10.5620345014 9556.73925781 77.1395187378
10.574600872 9646.53710938 80.2863540649
10.5871672426 9936.09277344 84.6965560913
10.5997336132 10006.0175781 87.0196838379
10.6122999838 10021.6621094 88.3373565674
10.6248663544 10223.515625 92.5626754761
10.6374327251 10156.4453125 95.6984863281
10.6499990957 10424.5830078 97.8651657104
10.6625654663 10431.2011719 101.357200623
10.6751318369 10505.6669922 106.060134888
10.6876982075 10809.6630859 112.402191162
10.7002645781 11051.5917969 112.684608459
10.7128309487 11022.9101562 119.499076843
10.7253973194 11277.0566406 127.535598755
10.73796369 11327.0966797 130.342102051
10.7505300606 11304.1425781 129.133499146
10.7630964312 11417.7675781 140.540039062
10.7756628018 11511.9941406 151.036727905
10.7882291724 12003.4921875 153.091339111
10.800795543 12215.4570312 158.096084595
10.8133619137 12115.3525391 170.84211731
10.8259282843 12180.9628906 188.975357056
10.8384946549 12268.0917969 176.734802246
10.8510610255 12685.3476562 190.955276489
10.8636273961 12852.671875 213.712844849
10.8761937667 13221.9121094 247.057022095
10.8887601373 13421.4335938 223.700119019
10.901326508 13275.1523438 239.023727417
10.9138928786 13832.8857422 281.782836914
10.9264592492 13254.3105469 306.659851074
10.9390256198 13640.921875 282.032653809
10.9515919904 13919.3349609 310.708679199
10.964158361 13889.7529297 375.277374268
10.9767247316 14344.8154297 418.634155273
10.9892911023 14601.6787109 396.05178833
11.0018574729 15647.6865234 463.390594482
11.0144238435 14720.2099609 650.078674316
11.0269902141 16947.4296875 600.098937988
11.0395565847 16371.1552734 647.58795166
11.0521229553 16328.8603516 749.053222656
11.0646893259 15841.0908203 1172.8840332
11.0772556966 16342.0810547 984.572265625
11.0898220672 14257.4150391 1105.96960449
11.1023884378 14845.1142578 1552.46118164
11.1149548084 17817.9179688 3526.86181641
11.127521179 13827.1142578 3074.6418457
11.1400875496 13331.0703125 8431.25292969
