0.00942477796077 37139.2539062 10302.6425781
0.0157079632679 43030.4648438 7491.93896484
0.0219911485751 39162.4492188 4406.95800781
0.0282743338823 32857.1992188 3038.33789062
0.0345575191895 27397.6640625 1914.05627441
0.0408407044967 22198.9882812 1448.58825684
0.0471238898038 19663.8496094 1024.04699707
0.053407075111 17211.9863281 827.513305664
0.0596902604182 16021.0185547 662.695617676
0.0659734457254 14281.4052734 548.355895996
0.0722566310326 13399.6621094 470.20791626
0.0785398163397 11516.0322266 367.168670654
0.0848230016469 10317.421875 300.187316895
0.0911061869541 8810.43359375 247.533279419
0.0973893722613 8307.06347656 212.080123901
0.103672557568 7209.54541016 177.508850098
0.109955742876 6710.97412109 151.637741089
0.116238928183 6320.06298828 137.392410278
0.12252211349 5784.14599609 117.901580811
0.128805298797 5592.71777344 109.096488953
0.135088484104 5117.60253906 95.5494995117
0.141371669412 4737.18554688 84.2833480835
0.147654854719 4375.89208984 74.0180282593
0.153938040026 4093.03344727 67.5486068726
0.160221225333 3885.56787109 60.3224449158
0.16650441064 3520.90356445 53.3315086365
0.172787595947 3372.99633789 48.5153923035
0.179070781255 3149.50463867 44.9664878845
0.185353966562 2971.95996094 39.8817634583
0.191637151869 2820.26049805 37.5231323242
0.197920337176 2677.62475586 33.6028442383
0.204203522483 2506.09301758 31.0503387451
0.210486707791 2420.55932617 28.7645778656
0.216769893098 2295.67456055 26.68866539
0.223053078405 2161.59570312 24.3590087891
0.229336263712 2038.4954834 22.3858165741
0.235619449019 1950.65759277 20.9032154083
0.241902634326 1869.19433594 19.446313858
0.248185819634 1739.48193359 17.6098823547
0.254469004941 1683.06176758 16.7459564209
0.260752190248 1595.23010254 15.3530092239
0.267035375555 1552.53820801 14.6744918823
0.273318560862 1502.37695312 13.7684431076
0.279601746169 1411.36035156 12.7294988632
0.285884931477 1347.7890625 11.8766498566
0.292168116784 1303.32470703 11.3212614059
0.298451302091 1233.58166504 10.3973178864
0.304734487398 1197.96582031 9.93771362305
0.311017672705 1162.19445801 9.39815139771
0.317300858013 1112.47021484 8.87792110443
0.32358404332 1063.00036621 8.23935890198
0.329867228627 1023.87127686 7.86535596848
0.336150413934 996.125427246 7.44780397415
0.342433599241 957.71295166 7.12710428238
0.348716784548 915.193115234 6.59485626221
0.354999969856 888.078369141 6.34170675278
0.361283155163 860.40057373 6.0423541069
0.36756634047 827.389038086 5.67314624786
0.373849525777 798.578857422 5.42034626007
0.380132711084 770.936096191 5.11201143265
0.386415896392 751.181762695 4.93128108978
0.392699081699 732.144714355 4.73622989655
0.398982267006 698.692382812 4.40060567856
0.405265452313 673.071411133 4.2470459938
0.41154863762 652.517456055 3.98635816574
0.417831822927 640.173278809 3.91208195686
0.424115008235 621.563293457 3.71185255051
0.430398193542 603.049621582 3.5487601757
0.436681378849 586.696044922 3.4132270813
0.442964564156 566.580627441 3.2549803257
0.449247749463 547.531616211 3.10133075714
0.455530934771 531.44708252 2.9675681591
0.461814120078 516.485595703 2.82286453247
0.468097305385 506.299621582 2.76397609711
0.474380490692 494.14541626 2.63957691193
0.480663675999 479.73828125 2.54863166809
0.486946861306 464.929199219 2.43233132362
0.493230046614 453.323913574 2.34470367432
0.499513231921 440.57019043 2.24965715408
0.505796417228 432.615722656 2.18549346924
0.512079602535 420.976196289 2.09512782097
0.518362787842 410.821075439 2.01415944099
0.524645973149 403.295928955 1.96529436111
0.530929158457 390.54876709 1.88396918774
0.537212343764 379.290344238 1.79875600338
0.543495529071 370.170806885 1.74352622032
0.549778714378 361.285858154 1.67890417576
0.556061899685 358.696685791 1.66116833687
0.562345084993 348.8487854 1.57776665688
0.5686282703 342.241027832 1.54246866703
0.574911455607 333.832672119 1.48963832855
0.581194640914 325.126098633 1.43401312828
0.587477826221 316.195709229 1.38112509251
0.593761011528 310.124633789 1.34227597713
0.600044196836 305.309539795 1.30526506901
0.606327382143 297.243347168 1.26402890682
0.61261056745 289.973693848 1.21389567852
0.618893752757 283.049560547 1.17669260502
0.625176938064 281.112121582 1.1567054987
0.631460123372 273.797546387 1.11848843098
0.637743308679 270.053436279 1.08734846115
0.644026493986 261.993896484 1.0511469841
0.650309679293 258.850769043 1.02453160286
0.6565928646 252.710769653 0.993989109993
0.662876049907 247.197113037 0.962869942188
0.669159235215 241.114868164 0.932213008404
0.675442420522 238.572875977 0.910442709923
0.681725605829 235.349685669 0.896699249744
0.688008791136 229.171905518 0.85945725441
0.694291976443 225.927642822 0.846434891224
0.700575161751 221.446029663 0.81565374136
0.706858347058 217.52331543 0.798951148987
0.713141532365 212.08505249 0.770756065845
0.719424717672 210.321853638 0.75845760107
0.725707902979 207.195404053 0.740823984146
0.731991088286 201.780502319 0.717138051987
0.738274273594 198.110778809 0.697202801704
0.744557458901 194.425369263 0.681341052055
0.750840644208 192.198532104 0.666895270348
0.757123829515 189.60055542 0.651997685432
0.763407014822 186.557052612 0.636706888676
0.769690200129 181.830184937 0.617080271244
0.775973385437 178.661865234 0.599636256695
0.782256570744 178.396881104 0.595955789089
0.788539756051 173.272384644 0.572927415371
0.794822941358 171.757598877 0.56874871254
0.801106126665 168.17791748 0.548472285271
0.807389311973 166.226501465 0.539909005165
0.81367249728 162.211517334 0.521726131439
0.819955682587 161.384902954 0.516461372375
0.826238867894 158.413574219 0.503087759018
0.832522053201 156.670059204 0.493549615145
0.838805238508 155.015899658 0.484263122082
0.845088423816 151.400024414 0.473405390978
0.851371609123 148.872131348 0.459826350212
0.85765479443 147.264892578 0.451768755913
0.863937979737 145.06892395 0.442912399769
0.870221165044 142.98739624 0.433150500059
0.876504350352 140.369369507 0.42332008481
0.882787535659 138.329574585 0.413253605366
0.889070720966 136.573608398 0.406522095203
0.895353906273 136.128555298 0.402327686548
0.90163709158 131.930526733 0.386729866266
0.907920276887 131.672637939 0.38482221961
0.914203462195 129.485107422 0.374190121889
0.920486647502 128.021469116 0.369823455811
0.926769832809 126.589241028 0.36197245121
0.933053018116 123.73790741 0.352564245462
0.939336203423 123.617553711 0.349127948284
0.945619388731 121.815887451 0.343804717064
0.951902574038 119.592254639 0.334345221519
0.958185759345 117.117881775 0.326515257359
0.964468944652 115.696128845 0.318879961967
0.970752129959 114.762458801 0.315930962563
0.977035315266 114.095649719 0.311939150095
0.983318500574 111.997550964 0.304924041033
0.989601685881 110.512306213 0.298772394657
0.995884871188 108.487342834 0.291561901569
1.0021680565 108.112007141 0.289050102234
1.0084512418 107.258041382 0.285724312067
1.01473442711 105.920768738 0.279374539852
1.02101761242 104.471832275 0.274655580521
1.02730079772 102.574821472 0.268672078848
1.03358398303 102.628761292 0.266770631075
1.03986716834 100.580978394 0.260292828083
1.04615035365 100.303062439 0.258577555418
1.05243353895 98.5120010376 0.252135396004
1.05871672426 97.6291732788 0.249367803335
1.06499990957 96.7593078613 0.244753018022
1.07128309487 95.5060424805 0.240972205997
1.07756628018 94.5491943359 0.237149149179
1.08384946549 93.1034240723 0.232668533921
1.0901326508 92.5204315186 0.229910761118
1.0964158361 91.9217376709 0.227086469531
1.10269902141 90.5296096802 0.222541496158
1.10898220672 89.6138153076 0.219705626369
1.11526539202 88.4932403564 0.215989470482
1.12154857733 87.2413711548 0.211614429951
1.12783176264 87.2857894897 0.210246682167
1.13411494795 85.7772598267 0.205970659852
1.14039813325 85.5575485229 0.204811543226
1.14668131856 84.8182296753 0.201573237777
1.15296450387 83.4071044922 0.197077125311
1.15924768917 82.8487625122 0.195561721921
1.16553087448 81.9205093384 0.192039653659
1.17181405979 81.1723175049 0.18972542882
1.1780972451 80.6065292358 0.186827272177
1.1843804304 80.3871459961 0.186576128006
1.19066361571 78.89818573 0.181566521525
1.19694680102 78.4524612427 0.180307507515
1.20322998632 77.7828369141 0.176993250847
1.20951317163 76.9202728271 0.175357177854
1.21579635694 76.3500289917 0.172485843301
1.22207954225 76.1034698486 0.171546459198
1.22836272755 75.4184036255 0.168830573559
1.23464591286 74.5510635376 0.166427850723
1.24092909817 73.8765487671 0.164724007249
1.24721228348 73.5971450806 0.162753328681
1.25349546878 72.8845291138 0.160582557321
1.25977865409 72.4654541016 0.159078881145
1.2660618394 71.9451751709 0.157089412212
1.2723450247 70.8505096436 0.154428005219
1.27862821001 70.6964111328 0.152895569801
1.28491139532 70.447883606 0.152284055948
1.29119458063 69.500213623 0.148952499032
1.29747776593 69.1078567505 0.148148596287
1.30376095124 68.7735977173 0.146537005901
1.31004413655 68.1443634033 0.144775673747
1.31632732185 67.7185745239 0.14302892983
1.32261050716 67.3186721802 0.141764894128
1.32889369247 66.8409805298 0.140192970634
1.33517687778 66.6570053101 0.139151334763
1.34146006308 66.4926071167 0.137847945094
1.34774324839 65.3887939453 0.135674223304
1.3540264337 65.3161392212 0.134771898389
1.360309619 65.4340820312 0.134260520339
1.36659280431 64.9976806641 0.132979154587
1.37287598962 64.6711883545 0.131513848901
1.37915917493 64.6691207886 0.131252393126
1.38544236023 64.007194519 0.129292830825
1.39172554554 63.7628135681 0.128143206239
1.39800873085 63.6360931396 0.127543643117
1.40429191615 63.4991569519 0.126517564058
1.41057510146 62.9941749573 0.125293195248
1.41685828677 62.4558677673 0.123525254428
1.42314147208 62.5247116089 0.123486213386
1.42942465738 61.8135299683 0.12128829211
1.43570784269 62.069934845 0.121438637376
1.441991028 61.5656929016 0.119811803102
1.4482742133 61.8581581116 0.12019713223
1.45455739861 61.2820739746 0.118337072432
1.46084058392 61.5016517639 0.118328876793
1.46712376923 61.271697998 0.117288373411
1.47340695453 61.40599823 0.117270536721
1.47969013984 61.1161270142 0.116114228964
1.48597332515 60.8991127014 0.115324512124
1.49225651046 60.9492034912 0.114951774478
1.49853969576 60.9884567261 0.114685565233
1.50482288107 60.9163475037 0.113681659102
1.51110606638 60.5290031433 0.112846784294
1.51738925168 60.7595176697 0.112578608096
1.52367243699 60.7947883606 0.112279847264
1.5299556223 60.9631385803 0.111979685724
1.53623880761 60.9469947815 0.111551709473
1.54252199291 60.6341018677 0.110733442008
1.54880517822 61.6051368713 0.11185888201
1.55508836353 61.3562316895 0.110684126616
1.56137154883 61.1391830444 0.110342405736
1.56765473414 61.2813911438 0.109874159098
1.57393791945 61.5467987061 0.109879441559
1.58022110476 61.5238265991 0.109321214259
1.58650429006 61.6292724609 0.10923589021
1.59278747537 62.3749084473 0.109976679087
1.59907066068 62.4583206177 0.109415926039
1.60535384598 62.6059188843 0.109368123114
1.61163703129 61.4382553101 0.107550427318
1.6179202166 58.8959121704 0.103704124689
1.62420340191 57.1839408875 0.101216308773
1.63048658721 55.6640892029 0.0990653708577
1.63676977252 54.3813209534 0.0972408875823
1.64305295783 52.9498138428 0.0951892212033
1.64933614313 51.7512817383 0.0936307162046
1.65561932844 51.1265716553 0.0925880596042
1.66190251375 50.1270523071 0.0914580747485
1.66818569906 49.1531333923 0.089839912951
1.67446888436 48.4926452637 0.0893709659576
1.68075206967 47.6878814697 0.0880999490619
1.68703525498 47.1423187256 0.0873362347484
1.69331844028 46.161113739 0.0860389024019
1.69960162559 45.8400917053 0.0860064104199
1.7058848109 45.1857223511 0.0847637355328
1.71216799621 44.7121009827 0.0845312252641
1.71845118151 44.1092033386 0.0835366547108
1.72473436682 43.7268409729 0.0834017470479
1.73101755213 43.0359840393 0.0823509395123
1.73730073744 42.6197509766 0.0818103328347
1.74358392274 42.1902999878 0.0816395580769
1.74986710805 41.7459640503 0.0809383690357
1.75615029336 41.6994056702 0.0810996294022
1.76243347866 41.3296279907 0.0807513073087
1.76871666397 40.4600410461 0.0795493200421
1.77499984928 40.2062835693 0.0794362798333
1.78128303459 40.159778595 0.079447992146
1.78756621989 39.6222877502 0.0790788903832
1.7938494052 39.5529174805 0.078918941319
1.80013259051 38.9567489624 0.0785008147359
1.80641577581 38.9978790283 0.0785133466125
1.81269896112 38.4799537659 0.0781803429127
1.81898214643 38.6276893616 0.0785433873534
1.82526533174 38.2803268433 0.0782629922032
1.83154851704 37.8706626892 0.0778570771217
1.83783170235 37.7546310425 0.077916406095
1.84411488766 37.3371772766 0.07750184834
1.85039807296 37.2335128784 0.0776956006885
1.85668125827 36.979637146 0.0774381682277
1.86296444358 36.8321685791 0.0776326581836
1.86924762889 36.9963111877 0.0781317800283
1.87553081419 36.2048873901 0.0770675167441
1.8818139995 36.4321899414 0.0778087750077
1.88809718481 36.2194519043 0.0777635499835
1.89438037011 35.9375915527 0.0777193978429
1.90066355542 36.0100135803 0.0779284238815
1.90694674073 35.7110862732 0.0779625102878
1.91322992604 35.7375831604 0.0783694237471
1.91951311134 35.75440979 0.0786315053701
1.92579629665 35.3841819763 0.0784466788173
1.93207948196 35.3692131042 0.0785447657108
1.93836266726 34.9539489746 0.0786916986108
1.94464585257 35.3125572205 0.079322502017
1.95092903788 34.946811676 0.0791964232922
1.95721222319 34.9775619507 0.0795592665672
1.96349540849 35.1229934692 0.0803297832608
1.9697785938 34.7445793152 0.0801364332438
1.97606177911 34.9290466309 0.0807463973761
1.98234496442 34.7899780273 0.0810629352927
1.98862814972 34.6048965454 0.0812299698591
1.99491133503 34.4883613586 0.0813990980387
2.00119452034 34.3584289551 0.0816975012422
2.00747770564 34.4270553589 0.0822659209371
2.01376089095 34.3683280945 0.082825794816
2.02004407626 34.5407867432 0.083431571722
2.02632726157 34.2924118042 0.0835953950882
2.03261044687 34.4438743591 0.0845223590732
2.03889363218 34.7052955627 0.0856158584356
2.04517681749 34.3180541992 0.0853691399097
2.05146000279 34.7088699341 0.0866839960217
2.0577431881 34.0712852478 0.0861505046487
2.06402637341 34.5886611938 0.0878406241536
2.07030955872 34.438835144 0.0880566239357
2.07659274402 34.2346839905 0.0884843915701
2.08287592933 34.847530365 0.0905382111669
2.08915911464 34.0555076599 0.0895989686251
2.09544229994 34.463722229 0.0908411368728
2.10172548525 34.4619140625 0.0920786857605
2.10800867056 34.4240493774 0.0926316529512
2.11429185587 34.6235809326 0.093792244792
2.12057504117 34.1750907898 0.0938792228699
2.12685822648 34.8628463745 0.0960088074207
2.13314141179 34.3460769653 0.0960079431534
2.13942459709 34.5728187561 0.0972232744098
2.1457077824 34.677028656 0.0986684337258
2.15199096771 34.1436233521 0.0986575856805
2.15827415302 34.5077476501 0.100069411099
2.16455733832 33.7182197571 0.0997112691402
2.17084052363 34.5954856873 0.102690145373
2.17712370894 34.0709495544 0.102806307375
2.18340689424 33.5709953308 0.102881759405
2.18969007955 34.2288703918 0.105567343533
2.19597326486 32.5875663757 0.103024944663
2.20225645017 34.284324646 0.10850379616
2.20853963547 32.2980537415 0.105021432042
2.21482282078 33.1331520081 0.108416587114
2.22110600609 32.2677497864 0.108018815517
2.2273891914 31.4487819672 0.107613764703
2.2336723767 32.3167610168 0.11090297997
2.23995556201 30.1848678589 0.107500895858
2.24623874732 31.0153923035 0.111365117133
2.25252193262 29.087305069 0.107885159552
2.25880511793 28.4440803528 0.107936419547
2.26508830324 27.7801971436 0.10795108974
2.27137148855 26.1746730804 0.105431631207
2.27765467385 25.2588005066 0.104107990861
2.28393785916 24.6632843018 0.104402907193
2.29022104447 24.3951663971 0.105851247907
2.29650422977 24.2947807312 0.106800802052
2.30278741508 24.0849647522 0.10845027864
2.30907060039 24.0311107635 0.11013443768
2.3153537857 24.0869235992 0.112401925027
2.321636971 24.0772380829 0.1141885221
2.32792015631 24.1519737244 0.11651943624
2.33420334162 24.1798706055 0.118849344552
2.34048652692 24.1099815369 0.120825067163
2.34676971223 24.3105583191 0.123166278005
2.35305289754 24.1212177277 0.125204101205
2.35933608285 24.3985652924 0.128143012524
2.36561926815 24.46352005 0.131618231535
2.37190245346 24.645275116 0.133794307709
2.37818563877 24.8360042572 0.13723449409
2.38446882407 24.9808158875 0.140842437744
2.39075200938 25.1008987427 0.144000679255
2.39703519469 25.2955265045 0.147101119161
2.40331838 25.3996734619 0.150475665927
2.4096015653 25.5974159241 0.155288472772
2.41588475061 25.7155380249 0.158115059137
2.42216793592 26.1549186707 0.163043230772
2.42845112122 26.2847309113 0.167991280556
2.43473430653 26.3268146515 0.171419128776
2.44101749184 26.5619449615 0.175212934613
2.44730067715 26.8417663574 0.180598646402
2.45358386245 26.8670978546 0.185846105218
2.45986704776 27.4076099396 0.192533820868
2.46615023307 27.3533039093 0.194583967328
2.47243341838 27.8288440704 0.203825160861
2.47871660368 28.3579368591 0.210901215672
2.48499978899 28.5528869629 0.216656535864
2.4912829743 28.6112442017 0.221576213837
2.4975661596 29.4401741028 0.232376083732
2.50384934491 29.4040431976 0.23961904645
2.51013253022 29.7261371613 0.245740413666
2.51641571553 30.172334671 0.253930807114
2.52269890083 30.5330905914 0.265289455652
2.52898208614 31.0552005768 0.277005642653
2.53526527145 31.3825263977 0.283114135265
2.54154845675 31.5701389313 0.293397158384
2.54783164206 32.1772155762 0.308464556932
2.55411482737 32.693271637 0.323027223349
2.56039801268 33.2450256348 0.330618262291
2.56668119798 33.3655357361 0.344565540552
2.57296438329 34.337600708 0.369474321604
2.5792475686 34.7640228271 0.381318926811
2.5855307539 35.3692054749 0.393455207348
2.59181393921 35.8014411926 0.416578710079
2.59809712452 36.2595901489 0.440015465021
2.60438030983 36.8528594971 0.454879015684
2.61066349513 37.1768836975 0.475082963705
2.61694668044 38.988609314 0.522614002228
2.62322986575 39.400302887 0.55107241869
2.62951305105 39.6309318542 0.549843609333
2.63579623636 40.4542655945 0.603927969933
2.64207942167 42.0370445251 0.665839850903
2.64836260698 42.1739311218 0.690028429031
2.65464579228 44.2924079895 0.718375563622
2.66092897759 43.3549346924 0.767143368721
2.6672121629 45.344707489 0.889864385128
2.6734953482 45.255443573 0.888864994049
2.67977853351 47.333656311 0.941204369068
2.68606171882 47.3678512573 1.03597104549
2.69234490413 50.006778717 1.30720019341
2.69862808943 51.0325622559 1.23678660393
2.70491127474 49.3007926941 1.26489496231
2.71119446005 52.4120101929 1.50791692734
2.71747764536 52.5357284546 2.06237196922
2.72376083066 54.5071983337 1.76805853844
2.73004401597 55.4397125244 2.02556014061
2.73632720128 54.4210319519 2.31063771248
2.74261038658 59.2335624695 3.82459783554
2.74889357189 65.786819458 3.47569322586
2.7551767572 59.8425140381 3.93803048134
2.76145994251 64.9777832031 5.5226111412
2.76774312781 61.3852500916 9.63894462585
2.77402631312 74.2325134277 11.3274078369
2.78030949843 78.1954727173 24.7238864899
2.78659268373 19.7674541473 38.4921150208
