0.00942477796077 27183.8828125 7540.06494141
0.0157079632679 31564.0507812 5494.98046875
0.0219911485751 28820.1015625 3242.76318359
0.0282743338823 24465.0527344 2261.99926758
0.0345575191895 20314.3730469 1418.97167969
0.0408407044967 16741.0058594 1092.20666504
0.0471238898038 14836.9580078 772.49609375
0.053407075111 13006.5048828 625.158874512
0.0596902604182 12198.7392578 504.447052002
0.0659734457254 11088.0478516 425.604919434
0.0722566310326 10427.1816406 365.774627686
0.0785398163397 8926.67773438 284.49798584
0.0848230016469 7989.70458984 232.358383179
0.0911061869541 6965.45214844 195.594284058
0.0973893722613 6569.78759766 167.63331604
0.103672557568 5823.99072266 143.300872803
0.109955742876 5411.26855469 122.184486389
0.116238928183 5159.30664062 112.074493408
0.12252211349 4753.49267578 96.8134765625
0.128805298797 4645.75048828 90.546546936
0.135088484104 4279.81347656 79.8323440552
0.141371669412 3996.53564453 71.0333709717
0.147654854719 3760.27392578 63.5340423584
0.153938040026 3540.85571289 58.3660354614
0.160221225333 3371.91699219 52.2821731567
0.16650441064 3077.73413086 46.5536994934
0.172787595947 2996.70214844 43.0396575928
0.179070781255 2833.02587891 40.3840103149
0.185353966562 2723.36743164 36.4839744568
0.191637151869 2615.3515625 34.734462738
0.197920337176 2516.75854492 31.5240402222
0.204203522483 2384.38525391 29.4820899963
0.210486707791 2334.12670898 27.6784992218
0.216769893098 2217.75488281 25.7249736786
0.223053078405 2123.26806641 23.8696994781
0.229336263712 2039.25378418 22.3367462158
0.235619449019 1997.52685547 21.3475856781
0.241902634326 1931.09057617 20.0333709717
0.248185819634 1833.1295166 18.5010433197
0.254469004941 1795.91296387 17.8119068146
0.260752190248 1741.62451172 16.7051811218
0.267035375555 1690.77929688 15.9255771637
0.273318560862 1675.65087891 15.3007545471
0.279601746169 1605.72290039 14.4262695312
0.285884931477 1570.71313477 13.7842988968
0.292168116784 1512.86132812 13.0857620239
0.298451302091 1478.07055664 12.4017114639
0.304734487398 1458.15759277 12.0395669937
0.311017672705 1423.83691406 11.4583311081
0.317300858013 1381.04418945 10.9654188156
0.32358404332 1351.80981445 10.421995163
0.329867228627 1308.46032715 9.99578285217
0.336150413934 1298.18615723 9.65056705475
0.342433599241 1265.43969727 9.36074924469
0.348716784548 1245.6315918 8.91928291321
0.354999969856 1212.13647461 8.59940338135
0.361283155163 1190.56542969 8.30459976196
0.36756634047 1163.9876709 7.92487096786
0.373849525777 1138.36242676 7.67004871368
0.380132711084 1130.61950684 7.43977928162
0.386415896392 1098.99755859 7.15808057785
0.392699081699 1102.00561523 7.07117414474
0.398982267006 1063.2878418 6.64005088806
0.405265452313 1036.19543457 6.48053264618
0.41154863762 1019.0480957 6.16861772537
0.417831822927 1009.80047607 6.1132068634
0.424115008235 995.119445801 5.88529253006
0.430398193542 981.908203125 5.72054004669
0.436681378849 975.208312988 5.61501455307
0.442964564156 955.329711914 5.42960834503
0.449247749463 938.430175781 5.2564368248
0.455530934771 921.382202148 5.0859670639
0.461814120078 909.133911133 4.91012811661
0.468097305385 901.209106445 4.86038208008
0.474380490692 885.859375 4.67332458496
0.480663675999 877.905761719 4.60413837433
0.486946861306 866.797729492 4.47459602356
0.493230046614 853.145324707 4.35256052017
0.499513231921 837.288146973 4.21537876129
0.505796417228 836.920532227 4.16734695435
0.512079602535 818.721984863 4.0145778656
0.518362787842 820.089355469 3.95971679688
0.524645973149 803.646118164 3.85575962067
0.530929158457 792.418945312 3.76144337654
0.537212343764 787.647766113 3.67366623878
0.543495529071 768.665039062 3.559217453
0.549778714378 769.48449707 3.51361274719
0.556061899685 756.898620605 3.44397807121
0.562345084993 753.478515625 3.34633255005
0.5686282703 743.373474121 3.28871321678
0.574911455607 733.869140625 3.21283864975
0.581194640914 724.064880371 3.13156104088
0.587477826221 717.185424805 3.06993103027
0.593761011528 707.737304688 3.00068116188
0.600044196836 704.796569824 2.95059299469
0.606327382143 699.391357422 2.91059756279
0.61261056745 686.243041992 2.80981516838
0.618893752757 679.284057617 2.76043319702
0.625176938064 677.651855469 2.72522091866
0.631460123372 671.750244141 2.68024539948
0.637743308679 668.510559082 2.62808561325
0.644026493986 657.019287109 2.57175207138
0.650309679293 655.844116211 2.53169846535
0.6565928646 646.530090332 2.47860884666
0.662876049907 641.56842041 2.43423581123
0.669159235215 632.477355957 2.38030457497
0.675442420522 627.337585449 2.32971596718
0.681725605829 624.528259277 2.31463336945
0.688008791136 614.94317627 2.24160718918
0.694291976443 615.620849609 2.24078965187
0.700575161751 606.714538574 2.16984248161
0.706858347058 604.97265625 2.15628266335
0.713141532365 594.879760742 2.09628248215
0.719424717672 590.637023926 2.06475830078
0.725707902979 593.156616211 2.05482554436
0.731991088286 584.045410156 2.00937771797
0.738274273594 575.743103027 1.96023643017
0.744557458901 574.610900879 1.94679009914
0.750840644208 569.33972168 1.9091603756
0.757123829515 565.530822754 1.87851810455
0.763407014822 559.715881348 1.84415721893
0.769690200129 558.623352051 1.82838284969
0.775973385437 551.84185791 1.78509366512
0.782256570744 549.638916016 1.76960241795
0.788539756051 544.524169922 1.73324739933
0.794822941358 539.231872559 1.71835327148
0.801106126665 536.764038086 1.68316066265
0.807389311973 534.66973877 1.6689876318
0.81367249728 530.41217041 1.63785338402
0.819955682587 524.265991211 1.61046278477
0.826238867894 519.215820312 1.58154559135
0.832522053201 517.66986084 1.56339454651
0.838805238508 515.626037598 1.54350435734
0.845088423816 509.266723633 1.52429187298
0.851371609123 506.785461426 1.49721312523
0.85765479443 501.499542236 1.47082340717
0.863937979737 498.839874268 1.45502781868
0.870221165044 495.150115967 1.43202352524
0.876504350352 492.038848877 1.41540062428
0.882787535659 488.629486084 1.39141154289
0.889070720966 483.483581543 1.37090981007
0.895353906273 483.635284424 1.36139571667
0.90163709158 476.658477783 1.32867228985
0.907920276887 473.32699585 1.31535387039
0.914203462195 472.472595215 1.2971098423
0.920486647502 468.607727051 1.28527283669
0.926769832809 467.511230469 1.26846826077
0.933053018116 462.319580078 1.2483997345
0.939336203423 459.958221436 1.23107719421
0.945619388731 457.530700684 1.22274720669
0.951902574038 453.338989258 1.19888556004
0.958185759345 449.882659912 1.18500590324
0.964468944652 446.940704346 1.16303873062
0.970752129959 445.202362061 1.15659236908
0.977035315266 441.573455811 1.13893020153
0.983318500574 439.805847168 1.12836015224
0.989601685881 434.322723389 1.10562908649
0.995884871188 434.204620361 1.09749388695
1.0021680565 430.689788818 1.08278155327
1.0084512418 428.066833496 1.07175779343
1.01473442711 425.118103027 1.05303442478
1.02101761242 423.738037109 1.04526293278
1.02730079772 419.909301758 1.03077125549
1.03358398303 419.290039062 1.02147400379
1.03986716834 414.117675781 1.00310015678
1.04615035365 412.863830566 0.996051251888
1.05243353895 410.144226074 0.981181144714
1.05871672426 407.153991699 0.971467792988
1.06499990957 404.878631592 0.956104636192
1.07128309487 403.625091553 0.949860095978
1.07756628018 400.060882568 0.935272812843
1.08384946549 397.452941895 0.924761116505
1.0901326508 394.821899414 0.913078248501
1.0964158361 393.701904297 0.904735803604
1.10269902141 391.164123535 0.893461465836
1.10898220672 387.621368408 0.882379353046
1.11526539202 385.942718506 0.87380695343
1.12154857733 381.797027588 0.858160734177
1.12783176264 381.363830566 0.85125297308
1.13411494795 378.591552734 0.841309309006
1.14039813325 377.007232666 0.835062265396
1.14668131856 374.444641113 0.822845816612
1.15296450387 371.899047852 0.811465322971
1.15924768917 369.485992432 0.80497854948
1.16553087448 367.064544678 0.793487966061
1.17181405979 365.28225708 0.786728560925
1.1780972451 363.520874023 0.775951564312
1.1843804304 362.039886475 0.773698031902
1.19066361571 358.773223877 0.759038329124
1.19694680102 357.172576904 0.75432652235
1.20322998632 355.471984863 0.74274712801
1.20951317163 353.045074463 0.738360464573
1.21579635694 350.459503174 0.725890696049
1.22207954225 349.345703125 0.721780955791
1.22836272755 347.483215332 0.712431669235
1.23464591286 346.916442871 0.708570539951
1.24092909817 341.860687256 0.696892976761
1.24721228348 341.68963623 0.690585851669
1.25349546878 339.140869141 0.682324409485
1.25977865409 338.169494629 0.677546143532
1.2660618394 335.998901367 0.669162452221
1.2723450247 333.802062988 0.662689447403
1.27862821001 331.945526123 0.653774797916
1.28491139532 329.945556641 0.649327635765
1.29119458063 327.544921875 0.63829690218
1.29747776593 327.134063721 0.637310624123
1.30376095124 323.213470459 0.625604987144
1.31004413655 323.268096924 0.62333470583
1.31632732185 321.886047363 0.616672694683
1.32261050716 318.524108887 0.608117520809
1.32889369247 317.234039307 0.602806925774
1.33517687778 315.631164551 0.596803724766
1.34146006308 315.086273193 0.59151238203
1.34774324839 312.667358398 0.586501717567
1.3540264337 311.101409912 0.580282449722
1.360309619 310.391937256 0.575838208199
1.36659280431 307.579681396 0.568616092205
1.37287598962 305.554962158 0.561204135418
1.37915917493 304.140686035 0.557530641556
1.38544236023 303.165374756 0.552529573441
1.39172554554 300.086181641 0.543955147266
1.39800873085 299.536071777 0.54138815403
1.40429191615 298.695709229 0.536570727825
1.41057510146 295.751495361 0.529950678349
1.41685828677 294.627349854 0.52450966835
1.42314147208 293.372619629 0.521613836288
1.42942465738 290.832061768 0.513141274452
1.43570784269 289.696289062 0.509898543358
1.441991028 288.571655273 0.504790842533
1.4482742133 286.823638916 0.501245975494
1.45455739861 285.387329102 0.495152413845
1.46084058392 284.237335205 0.49156793952
1.46712376923 282.308563232 0.48558396101
1.47340695453 280.669677734 0.481771916151
1.47969013984 279.563934326 0.477165728807
1.48597332515 277.497070312 0.47193774581
1.49225651046 277.186004639 0.469545185566
1.49853969576 274.329742432 0.46340277791
1.50482288107 273.620941162 0.458652228117
1.51110606638 271.909545898 0.455037117004
1.51738925168 270.682342529 0.450396180153
1.52367243699 269.053131104 0.44628828764
1.5299556223 268.176269531 0.442564696074
1.53623880761 266.933258057 0.438950061798
1.54252199291 265.347259521 0.435153245926
1.54880517822 264.222259521 0.431572407484
1.55508836353 262.96963501 0.42656981945
1.56137154883 261.172576904 0.423707515001
1.56765473414 259.071533203 0.417677849531
1.57393791945 258.036560059 0.414443016052
1.58022110476 256.636383057 0.410255581141
1.58650429006 256.108520508 0.408474951982
1.59278747537 254.60017395 0.404477834702
1.59907066068 253.784744263 0.40065908432
1.60535384598 252.051986694 0.396935224533
1.61163703129 249.904556274 0.392449110746
1.6179202166 250.72454834 0.391877323389
1.62420340191 248.105041504 0.386267900467
1.63048658721 247.208724976 0.383492767811
1.63676977252 245.929733276 0.379981637001
1.64305295783 244.16078186 0.37585118413
1.64933614313 242.954223633 0.373016059399
1.65561932844 242.04649353 0.369273662567
1.66190251375 241.229934692 0.367537140846
1.66818569906 239.219329834 0.362096101046
1.67446888436 238.532516479 0.361131876707
1.68075206967 236.997787476 0.356692135334
1.68703525498 235.64302063 0.352951169014
1.69331844028 235.055038452 0.351008266211
1.69960162559 233.868911743 0.349011391401
1.7058848109 233.143753052 0.34505546093
1.71216799621 231.475692749 0.342496484518
1.71845118151 230.474777222 0.338957071304
1.72473436682 229.613937378 0.337384611368
1.73101755213 227.904953003 0.333202272654
1.73730073744 227.210983276 0.330599367619
1.74358392274 226.43687439 0.329320430756
1.74986710805 224.491821289 0.324629366398
1.75615029336 223.055206299 0.321410983801
1.76243347866 222.809707642 0.32012039423
1.76871666397 221.720870972 0.317219525576
1.77499984928 220.585784912 0.314845472574
1.78128303459 219.866897583 0.312080025673
1.78756621989 218.11807251 0.30941042304
1.7938494052 217.107803345 0.305888712406
1.80013259051 216.606582642 0.30534234643
1.80641577581 215.259613037 0.301427572966
1.81269896112 214.731369019 0.300398886204
1.81898214643 213.256332397 0.296609818935
1.82526533174 212.03314209 0.294262558222
1.83154851704 211.125717163 0.291960000992
1.83783170235 210.44972229 0.290057569742
1.84411488766 209.460601807 0.28737655282
1.85039807296 208.067901611 0.285123825073
1.85668125827 207.085464478 0.282400488853
1.86296444358 206.657394409 0.281290769577
1.86924762889 205.109130859 0.277792900801
1.87553081419 204.554870605 0.276288807392
1.8818139995 203.496490479 0.274116933346
1.88809718481 202.412445068 0.271764189005
1.89438037011 201.647384644 0.26996961236
1.90066355542 200.302215576 0.266597598791
1.90694674073 199.75440979 0.265644937754
1.91322992604 198.680847168 0.263445109129
1.91951311134 198.350158691 0.261596351862
1.92579629665 197.047622681 0.259589284658
1.93207948196 195.641738892 0.256248176098
1.93836266726 195.401977539 0.25620123744
1.94464585257 194.973846436 0.253843396902
1.95092903788 193.313751221 0.251294702291
1.95721222319 192.290725708 0.248878449202
1.96349540849 191.508956909 0.247398152947
1.9697785938 191.000823975 0.245914742351
1.97606177911 189.733566284 0.243221029639
1.98234496442 189.115097046 0.241937071085
1.98862814972 188.059234619 0.239967271686
1.99491133503 187.438781738 0.238283246756
2.00119452034 186.941543579 0.236990824342
2.00747770564 185.660949707 0.234577581286
2.01376089095 184.769515991 0.232970714569
2.02004407626 184.149688721 0.231153979897
2.02632726157 183.094436646 0.228973060846
2.03261044687 182.339126587 0.227575287223
2.03889363218 181.654830933 0.226380214095
2.04517681749 181.157424927 0.224541947246
2.05146000279 179.870147705 0.222420617938
2.0577431881 179.473052979 0.221255451441
2.06402637341 178.481719971 0.219489946961
2.07030955872 177.82723999 0.217822432518
2.07659274402 177.488693237 0.216866835952
2.08287592933 175.895629883 0.214614108205
2.08915911464 175.870330811 0.213849261403
2.09544229994 174.857589722 0.211458668113
2.10172548525 173.801971436 0.210254088044
2.10800867056 173.2134552 0.208413645625
2.11429185587 172.262374878 0.206906691194
2.12057504117 171.976150513 0.205946058035
2.12685822648 171.257720947 0.204380974174
2.13314141179 170.050064087 0.202372640371
2.13942459709 169.770339966 0.201378598809
2.1457077824 168.759689331 0.199732601643
2.15199096771 168.200805664 0.198735803366
2.15827415302 167.408569336 0.196633324027
2.16455733832 166.317276001 0.195434659719
2.17084052363 165.929779053 0.193840354681
2.17712370894 165.298370361 0.193119600415
2.18340689424 164.437530518 0.191394820809
2.18969007955 163.859115601 0.189998343587
2.19597326486 163.490493774 0.189065754414
2.20225645017 162.734115601 0.18784108758
2.20853963547 161.925292969 0.186303645372
2.21482282078 161.425643921 0.185195893049
2.22110600609 161.040328979 0.184074476361
2.2273891914 159.912811279 0.182693511248
2.2336723767 159.108184814 0.180761069059
2.23995556201 158.617355347 0.180141195655
2.24623874732 158.212219238 0.178933784366
2.25252193262 157.239471436 0.17752198875
2.25880511793 156.836883545 0.176606535912
2.26508830324 156.37461853 0.17531503737
2.27137148855 155.10496521 0.173813909292
2.27765467385 154.63230896 0.172422230244
2.28393785916 154.404388428 0.171902194619
2.29022104447 153.937042236 0.170989617705
2.29650422977 153.172958374 0.169344767928
2.30278741508 152.468353271 0.168699324131
2.30907060039 151.921112061 0.167082026601
2.3153537857 151.24772644 0.166256502271
2.321636971 150.902679443 0.165066093206
2.32792015631 150.050247192 0.164115801454
2.33420334162 149.320892334 0.162820085883
2.34048652692 148.698852539 0.161541998386
2.34676971223 148.122467041 0.160504922271
2.35305289754 147.539718628 0.159486860037
2.35933608285 147.269180298 0.158820316195
2.36561926815 146.767227173 0.158071741462
2.37190245346 146.166183472 0.156570866704
2.37818563877 145.505905151 0.155832320452
2.38446882407 144.826477051 0.154483601451
2.39075200938 144.315750122 0.153715372086
2.39703519469 144.119796753 0.153101578355
2.40331838 143.283676147 0.151684209704
2.4096015653 143.041061401 0.151008233428
2.41588475061 142.329879761 0.149976044893
2.42216793592 141.800048828 0.148883670568
2.42845112122 141.293746948 0.148364216089
2.43473430653 140.922576904 0.147232607007
2.44101749184 140.332305908 0.146472364664
2.44730067715 139.378601074 0.144827872515
2.45358386245 139.444412231 0.144911393523
2.45986704776 138.765014648 0.143534496427
2.46615023307 138.346374512 0.142879009247
2.47243341838 137.582565308 0.141754209995
2.47871660368 137.428100586 0.141303226352
2.48499978899 136.719329834 0.140062302351
2.4912829743 135.907165527 0.138930499554
2.4975661596 135.811065674 0.138636037707
2.50384934491 135.501602173 0.137773871422
2.51013253022 134.661819458 0.136662989855
2.51641571553 134.385574341 0.136116430163
2.52269890083 134.027206421 0.135211795568
2.52898208614 133.401153564 0.134559303522
2.53526527145 133.221633911 0.133813336492
2.54154845675 132.645904541 0.133033722639
2.54783164206 132.210494995 0.1321785748
2.55411482737 131.752655029 0.131635099649
2.56039801268 131.212921143 0.130617663264
2.56668119798 130.813034058 0.129746571183
2.57296438329 130.377670288 0.129236996174
2.5792475686 129.942001343 0.128460690379
2.5855307539 129.621887207 0.127705231309
2.59181393921 129.341384888 0.127300024033
2.59809712452 128.756607056 0.126358047128
2.60438030983 128.147598267 0.125585988164
2.61066349513 127.929100037 0.124784581363
2.61694668044 127.489852905 0.124346144497
2.62322986575 127.004013062 0.123538896441
2.62951305105 126.567886353 0.122636124492
2.63579623636 126.154319763 0.122132115066
2.64207942167 125.715286255 0.121327832341
2.64836260698 125.481674194 0.120869897306
2.65464579228 125.137077332 0.120170004666
2.66092897759 124.854919434 0.119680032134
2.6672121629 124.484260559 0.119161784649
2.6734953482 124.145256042 0.118305556476
2.67977853351 123.619758606 0.11774367094
2.68606171882 123.104644775 0.116890996695
2.69234490413 123.028488159 0.116671033204
2.69862808943 122.85647583 0.116180121899
2.70491127474 122.486358643 0.115632198751
2.71119446005 121.98765564 0.114819064736
2.71747764536 121.772583008 0.114347502589
2.72376083066 121.29196167 0.113606095314
2.73004401597 121.033866882 0.113049708307
2.73632720128 120.660743713 0.112713888288
2.74261038658 120.493087769 0.112161330879
2.74889357189 120.39390564 0.111689902842
2.7551767572 119.700363159 0.111006222665
2.76145994251 119.431976318 0.110325820744
2.76774312781 119.246208191 0.110037267208
2.77402631312 119.061759949 0.109545402229
2.78030949843 118.579101562 0.108928948641
2.78659268373 118.310539246 0.10844579339
2.79287586904 118.156700134 0.1080602929
2.79915905435 117.732170105 0.107309617102
2.80544223966 117.660545349 0.107160121202
2.81172542496 117.370132446 0.106497742236
2.81800861027 116.894424438 0.106204137206
2.82429179558 116.647674561 0.105299755931
2.83057498088 116.462211609 0.105076164007
2.83685816619 116.374267578 0.10476732254
2.8431413515 116.024505615 0.104260578752
2.84942453681 115.704650879 0.103717036545
2.85570772211 115.486946106 0.103301763535
2.86199090742 115.253074646 0.102901265025
2.86827409273 115.009651184 0.102428615093
2.87455727803 114.550361633 0.10177911818
2.88084046334 114.633407593 0.101702079177
2.88712364865 114.199317932 0.101027220488
2.89340683396 114.32334137 0.101035438478
2.89969001926 114.098426819 0.10053113848
2.90597320457 113.789680481 0.100100010633
2.91225638988 113.550796509 0.0995419472456
2.91853957518 113.314247131 0.0992729961872
2.92482276049 113.21546936 0.0988795012236
2.9311059458 112.90284729 0.0984148606658
2.93738913111 112.73727417 0.0981293022633
2.94367231641 112.617965698 0.0977643877268
2.94995550172 112.486778259 0.0974147096276
2.95623868703 112.289573669 0.0971670672297
2.96252187234 112.20362854 0.0967204421759
2.96880505764 111.979621887 0.0964461266994
2.97508824295 111.801269531 0.09606808424
2.98137142826 111.758827209 0.0958122164011
2.98765461356 111.566993713 0.0954184904695
2.99393779887 111.463531494 0.0952067151666
3.00022098418 111.462615967 0.0950272530317
3.00650416949 111.334434509 0.0946668386459
3.01278735479 110.985839844 0.0941549688578
3.0190705401 111.000305176 0.0940282642841
3.02535372541 110.824378967 0.0935805663466
3.03163691071 110.802780151 0.0934872850776
3.03792009602 110.76448822 0.0931256935
3.04420328133 110.704040527 0.0930127575994
3.05048646664 110.575187683 0.0926864147186
3.05676965194 110.484947205 0.0924485623837
3.06305283725 110.436836243 0.0921247154474
3.06933602256 110.363746643 0.0919723957777
3.07561920786 110.420173645 0.0917045846581
3.08190239317 110.373031616 0.0916587784886
3.08818557848 110.207893372 0.0911831781268
3.09446876379 110.116744995 0.0910434424877
3.10075194909 110.065849304 0.0906688570976
3.1070351344 110.138626099 0.0907199382782
3.11331831971 110.137756348 0.0903983861208
3.11960150501 109.993164062 0.0902294144034
3.12588469032 110.050819397 0.0899478346109
3.13216787563 109.960487366 0.089807510376
3.13845106094 109.990463257 0.0896207466722
3.14473424624 110.183334351 0.0895483717322
3.15101743155 110.124946594 0.0894415155053
3.15730061686 110.100227356 0.0891392156482
3.16358380216 110.372589111 0.0891810655594
3.16986698747 110.287307739 0.0890052318573
3.17615017278 110.226516724 0.0886372700334
3.18243335809 110.255111694 0.0886769518256
3.18871654339 110.374481201 0.0884233266115
3.1949997287 110.400520325 0.0883577466011
3.20128291401 110.666297913 0.0883596539497
3.20756609932 110.854934692 0.0884562730789
3.21384928462 110.779342651 0.0880358666182
3.22013246993 110.722862244 0.0880564525723
3.22641565524 110.258026123 0.0877315849066
3.23269884054 110.053405762 0.0877492055297
3.23898202585 109.814941406 0.0875422284007
3.24526521116 109.805435181 0.087703563273
3.25154839647 109.383644104 0.0874315500259
3.25783158177 109.336585999 0.0874882861972
3.26411476708 108.786148071 0.0871198251843
3.27039795239 108.603813171 0.0871350988746
3.27668113769 108.332122803 0.0869087800384
3.282964323 108.111862183 0.0869080126286
3.28924750831 107.770782471 0.0867215842009
3.29553069362 107.505027771 0.0866072326899
3.30181387892 107.259796143 0.0864527225494
3.30809706423 107.056785583 0.0865145027637
3.31438024954 106.876602173 0.0863586291671
3.32066343484 106.634284973 0.0863316059113
3.32694662015 106.398727417 0.0862288922071
3.33322980546 106.322563171 0.0862049981952
3.33951299077 106.066207886 0.0861384347081
3.34579617607 105.872535706 0.0861055403948
3.35207936138 105.575027466 0.0859514251351
3.35836254669 105.278747559 0.0858667641878
3.36464573199 105.116409302 0.0858244299889
3.3709289173 104.958244324 0.0857262387872
3.37721210261 104.852500916 0.0858668982983
3.38349528792 104.475479126 0.0855310633779
3.38977847322 104.336799622 0.0856087207794
3.39606165853 104.028862 0.0854998975992
3.40234484384 103.846748352 0.0854215249419
3.40862802914 103.67098999 0.0854581743479
3.41491121445 103.488563538 0.0852414891124
3.42119439976 103.537635803 0.0856184661388
3.42747758507 103.003875732 0.0851271077991
3.43376077037 102.830909729 0.0851618945599
3.44004395568 102.6434021 0.0851318985224
3.44632714099 102.604560852 0.0852317139506
3.4526103263 102.330764771 0.0850400030613
3.4588935116 102.025260925 0.0850534364581
3.46517669691 101.89768219 0.084934681654
3.47145988222 101.672271729 0.0849498808384
3.47774306752 101.570327759 0.0849119573832
3.48402625283 101.455940247 0.08501432091
3.49030943814 101.201950073 0.084965094924
3.49659262345 101.007347107 0.0847654938698
3.50287580875 100.806861877 0.0849100276828
3.50915899406 100.648429871 0.0848293602467
3.51544217937 100.665122986 0.0849578529596
3.52172536467 100.474143982 0.0849474146962
3.52800854998 100.240966797 0.0848813727498
3.53429173529 100.063278198 0.0848565623164
3.5405749206 99.9359588623 0.0848123729229
3.5468581059 99.6983718872 0.0849123075604
3.55314129121 99.5941925049 0.0847124233842
3.55942447652 99.3540039062 0.0848845988512
3.56570766182 99.2857666016 0.0848629102111
3.57199084713 99.2090301514 0.0849684625864
3.57827403244 98.9277191162 0.0848112031817
3.58455721775 98.7627029419 0.0848910138011
3.59084040305 98.7868118286 0.0850532203913
3.59712358836 98.5121917725 0.084925852716
3.60340677367 98.5956878662 0.0851047635078
3.60968995897 98.0794372559 0.0849336907268
3.61597314428 98.2092971802 0.085023611784
3.62225632959 98.1827697754 0.0852892622352
3.6285395149 98.0738830566 0.0852838978171
3.6348227002 97.9559860229 0.0853220969439
3.64110588551 97.782081604 0.0852730870247
3.64738907082 97.5058670044 0.08524671942
3.65367225612 97.4493637085 0.0854355245829
3.65995544143 97.246131897 0.0853131636977
3.66623862674 97.2871932983 0.0855035632849
3.67252181205 97.1373062134 0.0856317728758
3.67880499735 96.9804840088 0.0855674445629
3.68508818266 96.8302993774 0.0856536105275
3.69137136797 96.7429580688 0.0857231095433
3.69765455328 96.7715988159 0.0858990997076
3.70393773858 96.7007522583 0.0860274732113
3.71022092389 96.4827194214 0.0859736129642
3.7165041092 96.3742218018 0.0860628262162
3.7227872945 96.4051895142 0.0862858518958
3.72907047981 96.26587677 0.0863121077418
3.73535366512 96.2025985718 0.0864692181349
3.74163685043 96.0290145874 0.0864549800754
3.74792003573 95.9005737305 0.0865395590663
3.75420322104 95.8846054077 0.0866275057197
3.76048640635 95.6023330688 0.0866586267948
3.76676959165 95.7717056274 0.0869970321655
3.77305277696 95.5871505737 0.0870439559221
3.77933596227 95.4816207886 0.0869277790189
3.78561914758 95.5470275879 0.0874275937676
3.79190233288 95.4031600952 0.0873328149319
3.79818551819 95.2758560181 0.0874895974994
3.8044687035 95.0824584961 0.0874824821949
3.8107518888 95.1722183228 0.0878265425563
3.81703507411 95.1611709595 0.0879463031888
3.82331825942 95.1831512451 0.0881600603461
3.82960144473 95.0777511597 0.0882798209786
3.83588463003 95.0823974609 0.0885615944862
3.84216781534 95.0422058105 0.0886015370488
3.84845100065 94.8912811279 0.0888049453497
3.85473418595 94.7867126465 0.0888548791409
3.86101737126 94.7338867188 0.08906968683
3.86730055657 94.770942688 0.0893254131079
3.87358374188 94.7451324463 0.0894507318735
3.87986692718 94.7063446045 0.089725188911
3.88615011249 94.763961792 0.0898731797934
3.8924332978 94.594291687 0.0901037454605
3.8987164831 94.7040405273 0.0903097912669
3.90499966841 94.6552963257 0.0905196517706
3.91128285372 94.8168182373 0.0910508334637
3.91756603903 94.6080245972 0.0909268334508
3.92384922433 94.717666626 0.0913588553667
3.93013240964 94.5697402954 0.0914038717747
3.93641559495 94.5983810425 0.0918189063668
3.94269878026 94.6287307739 0.0918976441026
3.94898196556 94.6755752563 0.092265740037
3.95526515087 94.4036102295 0.0923201665282
3.96154833618 94.6111526489 0.0928129553795
3.96783152148 94.6267166138 0.0929773524404
3.97411470679 94.8493499756 0.0935836434364
3.9803978921 94.4710159302 0.0934029519558
3.98668107741 94.8181610107 0.094129152596
3.99296426271 94.7637481689 0.0941557064652
3.99924744802 94.8002624512 0.0946621149778
4.00553063333 94.9001541138 0.0949521958828
4.01181381863 94.8619232178 0.0952290892601
4.01809700394 94.7862625122 0.0954383760691
4.02438018925 95.0401763916 0.0960142016411
4.03066337456 94.9648666382 0.0962759628892
4.03694655986 95.003326416 0.0965104699135
4.04322974517 94.8701171875 0.0967014804482
4.04951293048 95.127571106 0.0973672866821
4.05579611578 95.1326370239 0.0976443588734
4.06207930109 95.0733566284 0.098003923893
4.0683624864 95.4597549438 0.0984850004315
4.07464567171 95.4439620972 0.0990881174803
4.08092885701 95.4615859985 0.0992521420121
4.08721204232 95.6180496216 0.0997369512916
4.09349522763 95.6835403442 0.100304268301
4.09977841293 95.6701889038 0.100573569536
4.10606159824 95.7497406006 0.100990027189
4.11234478355 95.853187561 0.101516537368
4.11862796886 96.1426467896 0.102090857923
4.12491115416 96.0598602295 0.102609835565
4.13119433947 96.2559585571 0.10298473388
4.13747752478 96.5413360596 0.103762902319
4.14376071008 96.3316040039 0.103877492249
4.15004389539 96.5585632324 0.104559928179
4.1563270807 96.6011734009 0.105038337409
4.16261026601 96.7573776245 0.105552308261
4.16889345131 96.9599533081 0.106264650822
4.17517663662 97.0739517212 0.106794714928
4.18145982193 97.1418304443 0.107252016664
4.18774300724 97.2554702759 0.107831075788
4.19402619254 97.4927520752 0.108675688505
4.20030937785 97.7959136963 0.109440915287
4.20659256316 97.711517334 0.109628051519
4.21287574846 97.9157104492 0.110649883747
4.21915893377 98.3439788818 0.111347675323
4.22544211908 98.2628173828 0.11180921644
4.23172530439 98.2560348511 0.112326227129
4.23800848969 98.6231231689 0.113357640803
4.244291675 98.5939254761 0.113761886954
4.25057486031 99.0566329956 0.114646792412
4.25685804561 99.1379165649 0.115536533296
4.26314123092 99.1246414185 0.116015046835
4.26942441623 99.5654983521 0.117075704038
4.27570760154 99.5662078857 0.117668643594
4.28199078684 99.8702468872 0.118598818779
4.28827397215 99.6810073853 0.119022384286
4.29455715746 100.168830872 0.120075270534
4.30084034276 100.285163879 0.12095798552
4.30712352807 100.670082092 0.122038513422
4.31340671338 100.58139801 0.122568629682
4.31968989869 100.968353271 0.123880214989
4.32597308399 101.11341095 0.124402791262
4.3322562693 101.114318848 0.125298783183
4.33853945461 101.507713318 0.126507282257
4.34482263991 101.532035828 0.127120628953
4.35110582522 101.555160522 0.128210842609
4.35738901053 102.067802429 0.129259750247
4.36367219584 102.125091553 0.130273640156
4.36995538114 102.469810486 0.131433755159
4.37623856645 102.715713501 0.13274666667
4.38252175176 102.730705261 0.133619621396
4.38880493706 103.317710876 0.134901151061
4.39508812237 103.138244629 0.135957598686
4.40137130768 103.58165741 0.13715402782
4.40765449299 103.597068787 0.138249203563
4.41393767829 103.874359131 0.13943938911
4.4202208636 103.955734253 0.140485435724
4.42650404891 103.79234314 0.141658723354
4.43278723422 104.510620117 0.14298504591
4.43907041952 104.281112671 0.144386976957
4.44535360483 104.708717346 0.145582824945
4.45163679014 104.834182739 0.147200465202
4.45791997544 104.805717468 0.148105114698
4.46420316075 105.240264893 0.149841636419
4.47048634606 104.597671509 0.1504881531
4.47676953137 105.38129425 0.152512162924
4.48305271667 105.239936829 0.153667777777
4.48933590198 105.167678833 0.154936373234
4.49561908729 105.345077515 0.15662561357
4.50190227259 104.747421265 0.157293558121
4.5081854579 105.11164093 0.158756256104
4.51446864321 105.063476562 0.160554096103
4.52075182852 105.284729004 0.162362501025
4.52703501382 104.871437073 0.163264349103
4.53331819913 104.623901367 0.164436325431
4.53960138444 104.318817139 0.16573163867
4.54588456974 104.160995483 0.167337208986
4.55216775505 104.058135986 0.168730273843
4.55845094036 103.940231323 0.170127466321
4.56473412567 103.519515991 0.171449527144
4.57101731097 103.377464294 0.172631546855
4.57730049628 103.260116577 0.17389215529
4.58358368159 103.430618286 0.175917610526
4.58986686689 103.366508484 0.177403122187
4.5961500522 103.211730957 0.178744852543
4.60243323751 103.490684509 0.180849447846
4.60871642282 103.456802368 0.182213559747
4.61499960812 103.255531311 0.183870971203
4.62128279343 103.359130859 0.185291185975
4.62756597874 103.140480042 0.186757996678
4.63384916404 103.094787598 0.188322097063
4.64013234935 103.564002991 0.191052645445
4.64641553466 103.05279541 0.191489800811
4.65269871997 103.69834137 0.194324105978
4.65898190527 103.306137085 0.195576608181
4.66526509058 103.315704346 0.197279408574
4.67154827589 103.551040649 0.199264898896
4.6778314612 103.44808197 0.200833618641
4.6841146465 103.349441528 0.202854052186
4.69039783181 103.966560364 0.205556258559
4.69668101712 104.164009094 0.207552045584
4.70296420242 103.924552917 0.20954850316
4.70924738773 103.726615906 0.210981622338
4.71553057304 104.492950439 0.213867798448
4.72181375835 104.409675598 0.215938568115
4.72809694365 104.675727844 0.218534141779
4.73438012896 104.852310181 0.220912560821
4.74066331427 104.815643311 0.222379460931
4.74694649957 105.237388611 0.225853338838
4.75322968488 105.221908569 0.227615579963
4.75951287019 105.484893799 0.230342566967
4.7657960555 105.640899658 0.232917770743
4.7720792408 105.786300659 0.235150232911
4.77836242611 106.318214417 0.238796934485
4.78464561142 106.514884949 0.241539284587
4.79092879672 106.198127747 0.242403134704
4.79721198203 106.587493896 0.246288329363
4.80349516734 107.037635803 0.250034868717
4.80977835265 107.136665344 0.251879096031
4.81606153795 106.925308228 0.254037261009
4.82234472326 107.587715149 0.258234679699
4.82862790857 107.766044617 0.261581838131
4.83491109387 107.462249756 0.262131839991
4.84119427918 108.199874878 0.2675139606
4.84747746449 108.74458313 0.271762877703
4.8537606498 109.610313416 0.276165992022
4.8600438351 108.532806396 0.275850236416
4.86632702041 109.763954163 0.282609522343
4.87261020572 109.554534912 0.284538626671
4.87889339102 110.040740967 0.288522750139
4.88517657633 109.929664612 0.291141867638
4.89145976164 110.749443054 0.297132909298
4.89774294695 111.140090942 0.300993859768
4.90402613225 111.126846313 0.303545802832
4.91030931756 111.989028931 0.309539556503
4.91659250287 112.548027039 0.314508736134
4.92287568818 112.387687683 0.31752371788
4.92915887348 112.759735107 0.321631252766
4.93544205879 113.019233704 0.325390458107
4.9417252441 113.97782135 0.333098232746
4.9480084294 114.186782837 0.337115883827
4.95429161471 114.030548096 0.339206844568
4.96057480002 114.423171997 0.345442593098
4.96685798533 114.976509094 0.351970851421
4.97314117063 115.688156128 0.356019675732
4.97942435594 116.140449524 0.361666947603
4.98570754125 117.47353363 0.371572971344
4.99199072655 117.096260071 0.375186026096
4.99827391186 117.416702271 0.378024429083
5.00455709717 118.201850891 0.386605411768
5.01084028248 119.01990509 0.394779384136
5.01712346778 119.210510254 0.40075686574
5.02340665309 120.092681885 0.405557364225
5.0296898384 119.764831543 0.411590069532
5.0359730237 120.114692688 0.418587982655
5.04225620901 121.411743164 0.427344530821
5.04853939432 121.532974243 0.433646470308
5.05482257963 122.576881409 0.4426651299
5.06110576493 123.136062622 0.453694194555
5.06738895024 123.354721069 0.455366462469
5.07367213555 124.703163147 0.468697994947
5.07995532085 125.538139343 0.479921579361
5.08623850616 125.965614319 0.487639665604
5.09252169147 125.773101807 0.491622895002
5.09880487678 126.865455627 0.503056764603
5.10508806208 128.225769043 0.518507957458
5.11137124739 127.729850769 0.522989749908
5.1176544327 129.180953979 0.533910036087
5.123937618 129.763153076 0.546566903591
5.13022080331 130.397521973 0.558368265629
5.13650398862 131.124740601 0.56828302145
5.14278717393 131.904312134 0.578347980976
5.14907035923 133.380371094 0.598857343197
5.15535354454 133.759674072 0.612888038158
5.16163672985 135.451721191 0.620975911617
5.16791991516 134.952865601 0.631733715534
5.17420310046 136.801040649 0.65363907814
5.18048628577 138.209884644 0.673683941364
5.18676947108 138.87852478 0.680694282055
5.19305265638 139.897644043 0.702047407627
5.19933584169 139.749572754 0.715714931488
5.205619027 141.618270874 0.735915660858
5.21190221231 142.115722656 0.748784840107
5.21818539761 145.794509888 0.786489009857
5.22446858292 145.026031494 0.803320884705
5.23075176823 146.227523804 0.811957657337
5.23703495353 147.807525635 0.838505089283
5.24331813884 149.422286987 0.874503135681
5.24960132415 149.50050354 0.896567225456
5.25588450946 149.562957764 0.894627213478
5.26216769476 150.925735474 0.926805019379
5.26845088007 153.550964355 0.978433847427
5.27473406538 153.977981567 1.00044965744
5.28101725068 154.559295654 1.0078189373
5.28730043599 157.120788574 1.058152318
5.2935836213 158.050567627 1.09652745724
5.29986680661 158.11579895 1.12073159218
5.30614999191 159.426971436 1.14556670189
5.31243317722 162.552856445 1.20407521725
5.31871636253 163.884353638 1.26160728931
5.32499954783 163.731796265 1.26212453842
5.33128273314 168.578216553 1.34464502335
5.33756591845 167.880813599 1.39323139191
5.34384910376 168.105819702 1.44457936287
5.35013228906 171.383636475 1.4496165514
5.35641547437 172.766662598 1.55282878876
5.36269865968 175.260162354 1.64973890781
5.36898184498 175.649871826 1.68360412121
5.37526503029 179.530548096 1.70723295212
5.3815482156 178.680557251 1.83418405056
5.38783140091 180.462249756 1.97715008259
5.39411458621 180.254394531 1.93365848064
5.40039777152 188.470474243 2.05661273003
5.40668095683 188.937683105 2.24318599701
5.41296414214 190.570022583 2.4912405014
5.41924732744 190.335128784 2.31325292587
5.42553051275 198.630661011 2.53515744209
5.43181369806 201.217285156 2.8423936367
5.43809688336 195.774383545 3.12257289886
5.44438006867 202.693939209 2.88937783241
5.45066325398 200.212310791 3.0782957077
5.45694643929 208.393264771 3.64625525475
5.46322962459 207.390701294 4.09484148026
5.4695128099 210.845184326 3.7360432148
5.47579599521 218.533615112 4.19187641144
5.48207918051 223.30140686 5.18171930313
5.48836236582 214.275787354 5.39860486984
5.49464555113 219.615036011 5.15448522568
5.50092873644 221.732299805 5.73639345169
5.50721192174 229.229949951 8.76632213593
5.51349510705 217.974456787 6.81446266174
5.51977829236 219.823745728 7.64263391495
5.52606147766 236.2134552 9.51403427124
5.53234466297 240.813705444 15.5898218155
5.53862784828 260.182159424 13.7529592514
5.54491103359 287.687896729 19.1987953186
5.55119421889 257.580993652 23.3297023773
5.5574774042 251.436141968 44.1537055969
5.56376058951 273.150756836 52.0378341675
5.57004377481 180.873687744 97.8610534668
