9e+13 1.25 263.718882956
9e+13 1.26458333333 263.78706353
9e+13 1.27916666667 264.113815431
9e+13 1.29375 263.525043665
9e+13 1.30833333333 263.406394216
9e+13 1.32291666667 264.511468238
9e+13 1.3375 265.069163768
9e+13 1.35208333333 264.117703138
9e+13 1.36666666667 263.602354661
9e+13 1.38125 264.667526003
9e+13 1.39583333333 265.244616381
9e+13 1.41041666667 265.295852868
9e+13 1.425 265.338391447
9e+13 1.43958333333 265.153594284
9e+13 1.45416666667 265.735540912
9e+13 1.46875 266.815260722
9e+13 1.48333333333 265.579606802
9e+13 1.49791666667 266.154150439
9e+13 1.5125 267.062563529
9e+13 1.52708333333 267.458036742
9e+13 1.54166666667 267.773013223
9e+13 1.55625 267.773418058
9e+13 1.57083333333 268.824498513
9e+13 1.58541666667 269.078830905
9e+13 1.6 270.415917967
8.675e+13 1.25 263.81775542
8.675e+13 1.26458333333 263.793678385
8.675e+13 1.27916666667 264.16366813
8.675e+13 1.29375 264.341114192
8.675e+13 1.30833333333 263.518905925
8.675e+13 1.32291666667 264.747333024
8.675e+13 1.3375 264.284379891
8.675e+13 1.35208333333 264.526474234
8.675e+13 1.36666666667 265.094551535
8.675e+13 1.38125 265.278327288
8.675e+13 1.39583333333 265.657023253
8.675e+13 1.41041666667 266.491725307
8.675e+13 1.425 265.772673378
8.675e+13 1.43958333333 265.999146462
8.675e+13 1.45416666667 265.560710353
8.675e+13 1.46875 266.905499289
8.675e+13 1.48333333333 267.127257126
8.675e+13 1.49791666667 267.78191674
8.675e+13 1.5125 268.095240626
8.675e+13 1.52708333333 267.693703486
8.675e+13 1.54166666667 268.989254241
8.675e+13 1.55625 268.837488804
8.675e+13 1.57083333333 270.064136425
8.675e+13 1.58541666667 272.348202586
8.675e+13 1.6 272.247292679
8.35e+13 1.25 264.24745113
8.35e+13 1.26458333333 264.072709812
8.35e+13 1.27916666667 264.821755458
8.35e+13 1.29375 265.287898907
8.35e+13 1.30833333333 265.056278758
8.35e+13 1.32291666667 265.227456227
8.35e+13 1.3375 265.52155457
8.35e+13 1.35208333333 265.072178883
8.35e+13 1.36666666667 265.201766971
8.35e+13 1.38125 264.978305451
8.35e+13 1.39583333333 265.435780074
8.35e+13 1.41041666667 265.464489181
8.35e+13 1.425 266.741933702
8.35e+13 1.43958333333 266.787209654
8.35e+13 1.45416666667 267.579217376
8.35e+13 1.46875 267.628915812
8.35e+13 1.48333333333 268.038159777
8.35e+13 1.49791666667 268.614472785
8.35e+13 1.5125 270.322194883
8.35e+13 1.52708333333 271.072604226
8.35e+13 1.54166666667 271.650561871
8.35e+13 1.55625 272.92997952
8.35e+13 1.57083333333 274.317936445
8.35e+13 1.58541666667 275.65635258
8.35e+13 1.6 276.047033992
8.025e+13 1.25 264.991161145
8.025e+13 1.26458333333 264.813531044
8.025e+13 1.27916666667 264.940542197
8.025e+13 1.29375 264.953996608
8.025e+13 1.30833333333 265.468548051
8.025e+13 1.32291666667 265.162921408
8.025e+13 1.3375 265.669339073
8.025e+13 1.35208333333 266.153111385
8.025e+13 1.36666666667 264.818052631
8.025e+13 1.38125 266.601366198
8.025e+13 1.39583333333 267.259458604
8.025e+13 1.41041666667 267.234392677
8.025e+13 1.425 268.022899024
8.025e+13 1.43958333333 268.898801347
8.025e+13 1.45416666667 268.135074488
8.025e+13 1.46875 268.056368739
8.025e+13 1.48333333333 270.648226706
8.025e+13 1.49791666667 270.323268795
8.025e+13 1.5125 271.514908713
8.025e+13 1.52708333333 273.64423478
8.025e+13 1.54166666667 274.32523799
8.025e+13 1.55625 274.161464795
8.025e+13 1.57083333333 277.205582291
8.025e+13 1.58541666667 278.231890927
8.025e+13 1.6 279.488338425
7.7e+13 1.25 265.549266741
7.7e+13 1.26458333333 265.329313806
7.7e+13 1.27916666667 265.9068355
7.7e+13 1.29375 265.800356851
7.7e+13 1.30833333333 265.954468229
7.7e+13 1.32291666667 266.422583324
7.7e+13 1.3375 266.763143741
7.7e+13 1.35208333333 267.193997596
7.7e+13 1.36666666667 267.864764958
7.7e+13 1.38125 267.844823273
7.7e+13 1.39583333333 267.75086785
7.7e+13 1.41041666667 269.328988707
7.7e+13 1.425 269.487851295
7.7e+13 1.43958333333 270.566333282
7.7e+13 1.45416666667 270.823731613
7.7e+13 1.46875 271.10094541
7.7e+13 1.48333333333 272.645981204
7.7e+13 1.49791666667 273.156397799
7.7e+13 1.5125 275.231256035
7.7e+13 1.52708333333 277.231468252
7.7e+13 1.54166666667 278.526547618
7.7e+13 1.55625 277.860911778
7.7e+13 1.57083333333 280.599103736
7.7e+13 1.58541666667 281.333089154
7.7e+13 1.6 283.988712953
7.375e+13 1.25 268.093062982
7.375e+13 1.26458333333 267.5850905
7.375e+13 1.27916666667 267.537133667
7.375e+13 1.29375 267.3253532
7.375e+13 1.30833333333 268.42171875
7.375e+13 1.32291666667 269.098105355
7.375e+13 1.3375 267.582753188
7.375e+13 1.35208333333 269.029285076
7.375e+13 1.36666666667 269.950391954
7.375e+13 1.38125 271.351945583
7.375e+13 1.39583333333 271.10177576
7.375e+13 1.41041666667 272.504516257
7.375e+13 1.425 271.696415268
7.375e+13 1.43958333333 272.581239799
7.375e+13 1.45416666667 273.843072886
7.375e+13 1.46875 276.196141851
7.375e+13 1.48333333333 276.872680887
7.375e+13 1.49791666667 278.733474963
7.375e+13 1.5125 279.502057415
7.375e+13 1.52708333333 280.341391246
7.375e+13 1.54166666667 280.830221342
7.375e+13 1.55625 283.680868798
7.375e+13 1.57083333333 285.856474691
7.375e+13 1.58541666667 290.106829819
7.375e+13 1.6 293.230709626
7.05e+13 1.25 267.147290224
7.05e+13 1.26458333333 268.12588033
7.05e+13 1.27916666667 268.100174634
7.05e+13 1.29375 268.74270418
7.05e+13 1.30833333333 269.183280503
7.05e+13 1.32291666667 269.548191716
7.05e+13 1.3375 269.631973386
7.05e+13 1.35208333333 270.586334271
7.05e+13 1.36666666667 270.644884499
7.05e+13 1.38125 271.673814953
7.05e+13 1.39583333333 272.729996095
7.05e+13 1.41041666667 274.174356752
7.05e+13 1.425 276.546775966
7.05e+13 1.43958333333 276.413332031
7.05e+13 1.45416666667 277.31373
7.05e+13 1.46875 278.522870306
7.05e+13 1.48333333333 280.348123167
7.05e+13 1.49791666667 282.719617292
7.05e+13 1.5125 283.426865878
7.05e+13 1.52708333333 285.692504114
7.05e+13 1.54166666667 289.599574385
7.05e+13 1.55625 290.708210213
7.05e+13 1.57083333333 293.921732831
7.05e+13 1.58541666667 298.154567693
7.05e+13 1.6 299.782891053
6.725e+13 1.25 268.790283376
6.725e+13 1.26458333333 268.753011626
6.725e+13 1.27916666667 269.727311276
6.725e+13 1.29375 268.531575418
6.725e+13 1.30833333333 271.229497107
6.725e+13 1.32291666667 271.429392047
6.725e+13 1.3375 273.665050843
6.725e+13 1.35208333333 273.332104912
6.725e+13 1.36666666667 273.383427018
6.725e+13 1.38125 274.833432527
6.725e+13 1.39583333333 275.68425017
6.725e+13 1.41041666667 276.781386602
6.725e+13 1.425 277.844348689
6.725e+13 1.43958333333 279.312277858
6.725e+13 1.45416666667 282.613134235
6.725e+13 1.46875 284.1026031
6.725e+13 1.48333333333 286.786674357
6.725e+13 1.49791666667 286.259353802
6.725e+13 1.5125 291.432900611
6.725e+13 1.52708333333 292.642137329
6.725e+13 1.54166666667 296.80184719
6.725e+13 1.55625 302.570240306
6.725e+13 1.57083333333 306.810752099
6.725e+13 1.58541666667 311.453454507
6.725e+13 1.6 315.831350949
6.4e+13 1.25 270.904146916
6.4e+13 1.26458333333 271.412340448
6.4e+13 1.27916666667 272.509927627
6.4e+13 1.29375 272.833175255
6.4e+13 1.30833333333 274.452811482
6.4e+13 1.32291666667 273.620462371
6.4e+13 1.3375 275.539576631
6.4e+13 1.35208333333 277.155152776
6.4e+13 1.36666666667 277.439904541
6.4e+13 1.38125 277.821003499
6.4e+13 1.39583333333 279.530952759
6.4e+13 1.41041666667 281.874112081
6.4e+13 1.425 284.492604605
6.4e+13 1.43958333333 286.083480619
6.4e+13 1.45416666667 286.403734317
6.4e+13 1.46875 291.08931531
6.4e+13 1.48333333333 293.309703834
6.4e+13 1.49791666667 297.102475846
6.4e+13 1.5125 299.783168002
6.4e+13 1.52708333333 303.75626924
6.4e+13 1.54166666667 306.447754662
6.4e+13 1.55625 313.271288439
6.4e+13 1.57083333333 321.139548943
6.4e+13 1.58541666667 321.368467363
6.4e+13 1.6 333.663118895
6.075e+13 1.25 272.284330177
6.075e+13 1.26458333333 273.872374253
6.075e+13 1.27916666667 273.60567474
6.075e+13 1.29375 274.802836814
6.075e+13 1.30833333333 275.860413458
6.075e+13 1.32291666667 279.026084891
6.075e+13 1.3375 277.987019819
6.075e+13 1.35208333333 279.911272764
6.075e+13 1.36666666667 281.393662919
6.075e+13 1.38125 283.475734722
6.075e+13 1.39583333333 283.642442983
6.075e+13 1.41041666667 287.057539649
6.075e+13 1.425 289.554988574
6.075e+13 1.43958333333 292.706043094
6.075e+13 1.45416666667 293.074457766
6.075e+13 1.46875 299.021626434
6.075e+13 1.48333333333 303.993386067
6.075e+13 1.49791666667 305.836365046
6.075e+13 1.5125 314.922711051
6.075e+13 1.52708333333 316.633821894
6.075e+13 1.54166666667 323.118670919
6.075e+13 1.55625 329.321545217
6.075e+13 1.57083333333 336.431104649
6.075e+13 1.58541666667 353.363312536
6.075e+13 1.6 357.697868421
5.75e+13 1.25 275.288782702
5.75e+13 1.26458333333 276.096517509
5.75e+13 1.27916666667 277.918903106
5.75e+13 1.29375 280.492892861
5.75e+13 1.30833333333 279.964344507
5.75e+13 1.32291666667 281.354918654
5.75e+13 1.3375 284.185278063
5.75e+13 1.35208333333 284.779028524
5.75e+13 1.36666666667 287.993179643
5.75e+13 1.38125 290.64162166
5.75e+13 1.39583333333 293.143498686
5.75e+13 1.41041666667 295.75926443
5.75e+13 1.425 298.699258477
5.75e+13 1.43958333333 303.471435328
5.75e+13 1.45416666667 307.118208943
5.75e+13 1.46875 310.195357108
5.75e+13 1.48333333333 314.329430935
5.75e+13 1.49791666667 324.916946958
5.75e+13 1.5125 329.963465613
5.75e+13 1.52708333333 337.764201216
5.75e+13 1.54166666667 343.674765939
5.75e+13 1.55625 353.316766194
5.75e+13 1.57083333333 365.840421304
5.75e+13 1.58541666667 377.482770708
5.75e+13 1.6 394.002684367
5.425e+13 1.25 279.85805132
5.425e+13 1.26458333333 281.573005401
5.425e+13 1.27916666667 283.189130433
5.425e+13 1.29375 285.053769933
5.425e+13 1.30833333333 286.349555617
5.425e+13 1.32291666667 288.983607425
5.425e+13 1.3375 291.47118439
5.425e+13 1.35208333333 292.76334203
5.425e+13 1.36666666667 293.564564928
5.425e+13 1.38125 299.384168368
5.425e+13 1.39583333333 301.549356058
5.425e+13 1.41041666667 308.689310957
5.425e+13 1.425 312.858667404
5.425e+13 1.43958333333 314.448811856
5.425e+13 1.45416666667 322.464947801
5.425e+13 1.46875 333.640760723
5.425e+13 1.48333333333 336.999632678
5.425e+13 1.49791666667 346.303315174
5.425e+13 1.5125 358.611175503
5.425e+13 1.52708333333 366.469990701
5.425e+13 1.54166666667 378.383195537
5.425e+13 1.55625 396.879915696
5.425e+13 1.57083333333 396.424351391
5.425e+13 1.58541666667 434.542483022
5.425e+13 1.6 453.265823066
5.1e+13 1.25 284.560093276
5.1e+13 1.26458333333 285.39231565
5.1e+13 1.27916666667 292.399329756
5.1e+13 1.29375 293.472907913
5.1e+13 1.30833333333 293.459061661
5.1e+13 1.32291666667 297.918496779
5.1e+13 1.3375 301.455753819
5.1e+13 1.35208333333 303.847403505
5.1e+13 1.36666666667 309.562658084
5.1e+13 1.38125 311.78812954
5.1e+13 1.39583333333 318.754220283
5.1e+13 1.41041666667 323.427395887
5.1e+13 1.425 328.347601723
5.1e+13 1.43958333333 337.304191622
5.1e+13 1.45416666667 348.294774124
5.1e+13 1.46875 358.506557125
5.1e+13 1.48333333333 368.712128552
5.1e+13 1.49791666667 378.02237174
5.1e+13 1.5125 397.080743925
5.1e+13 1.52708333333 419.925630356
5.1e+13 1.54166666667 434.655346125
5.1e+13 1.55625 457.908269863
5.1e+13 1.57083333333 483.269876207
5.1e+13 1.58541666667 502.918694831
5.1e+13 1.6 547.496062139
4.775e+13 1.25 293.471807278
4.775e+13 1.26458333333 297.802930123
4.775e+13 1.27916666667 299.097812263
4.775e+13 1.29375 299.139787984
4.775e+13 1.30833333333 305.617676277
4.775e+13 1.32291666667 311.604218869
4.775e+13 1.3375 314.535130604
4.775e+13 1.35208333333 320.361442646
4.775e+13 1.36666666667 325.482561178
4.775e+13 1.38125 334.055077159
4.775e+13 1.39583333333 343.968282979
4.775e+13 1.41041666667 347.158537221
4.775e+13 1.425 363.080126771
4.775e+13 1.43958333333 364.113241588
4.775e+13 1.45416666667 381.113505055
4.775e+13 1.46875 401.776354343
4.775e+13 1.48333333333 418.497071213
4.775e+13 1.49791666667 438.700203608
4.775e+13 1.5125 460.923370816
4.775e+13 1.52708333333 478.267004757
4.775e+13 1.54166666667 498.554502032
4.775e+13 1.55625 535.850400257
4.775e+13 1.57083333333 572.823241887
4.775e+13 1.58541666667 622.716528566
4.775e+13 1.6 671.837732115
4.45e+13 1.25 304.345346093
4.45e+13 1.26458333333 309.547106965
4.45e+13 1.27916666667 314.298953716
4.45e+13 1.29375 318.614595675
4.45e+13 1.30833333333 326.201831312
4.45e+13 1.32291666667 330.28793294
4.45e+13 1.3375 333.630581874
4.45e+13 1.35208333333 342.27934037
4.45e+13 1.36666666667 350.242599449
4.45e+13 1.38125 362.633155114
4.45e+13 1.39583333333 377.212895399
4.45e+13 1.41041666667 383.495794808
4.45e+13 1.425 402.343020509
4.45e+13 1.43958333333 420.065582622
4.45e+13 1.45416666667 435.368073834
4.45e+13 1.46875 464.473319326
4.45e+13 1.48333333333 489.697335194
4.45e+13 1.49791666667 511.449492997
4.45e+13 1.5125 551.344934687
4.45e+13 1.52708333333 580.125448238
4.45e+13 1.54166666667 632.368433743
4.45e+13 1.55625 674.618657735
4.45e+13 1.57083333333 746.223986089
4.45e+13 1.58541666667 811.693695963
4.45e+13 1.6 906.154473623
4.125e+13 1.25 321.744037619
4.125e+13 1.26458333333 328.972267442
4.125e+13 1.27916666667 334.062698224
4.125e+13 1.29375 339.605219239
4.125e+13 1.30833333333 348.600427955
4.125e+13 1.32291666667 354.309158581
4.125e+13 1.3375 370.901227035
4.125e+13 1.35208333333 380.471858743
4.125e+13 1.36666666667 393.004863229
4.125e+13 1.38125 413.34985361
4.125e+13 1.39583333333 420.497113595
4.125e+13 1.41041666667 445.514215577
4.125e+13 1.425 468.476640759
4.125e+13 1.43958333333 498.47456799
4.125e+13 1.45416666667 529.869918352
4.125e+13 1.46875 569.253998692
4.125e+13 1.48333333333 596.119384532
4.125e+13 1.49791666667 638.575754939
4.125e+13 1.5125 698.175129944
4.125e+13 1.52708333333 764.000367242
4.125e+13 1.54166666667 824.208861746
4.125e+13 1.55625 913.276896273
4.125e+13 1.57083333333 1030.33536084
4.125e+13 1.58541666667 1090.1643598
4.125e+13 1.6 1266.16131691
3.8e+13 1.25 347.270309626
3.8e+13 1.26458333333 361.002336282
3.8e+13 1.27916666667 367.465984125
3.8e+13 1.29375 374.025281015
3.8e+13 1.30833333333 391.455725591
3.8e+13 1.32291666667 406.722456857
3.8e+13 1.3375 426.254461028
3.8e+13 1.35208333333 444.748185812
3.8e+13 1.36666666667 464.713264421
3.8e+13 1.38125 484.80771578
3.8e+13 1.39583333333 507.156387342
3.8e+13 1.41041666667 548.364431903
3.8e+13 1.425 575.226719338
3.8e+13 1.43958333333 629.670769935
3.8e+13 1.45416666667 669.810446112
3.8e+13 1.46875 728.760916868
3.8e+13 1.48333333333 813.23582213
3.8e+13 1.49791666667 882.069977663
3.8e+13 1.5125 941.203540126
3.8e+13 1.52708333333 1074.71128507
3.8e+13 1.54166666667 1175.12110859
3.8e+13 1.55625 1274.32770695
3.8e+13 1.57083333333 1430.48026404
3.8e+13 1.58541666667 1676.15463887
3.8e+13 1.6 1865.34975884
3.475e+13 1.25 392.221251882
3.475e+13 1.26458333333 402.031432371
3.475e+13 1.27916666667 411.896409791
3.475e+13 1.29375 437.557668303
3.475e+13 1.30833333333 454.336902506
3.475e+13 1.32291666667 477.262339667
3.475e+13 1.3375 496.956742144
3.475e+13 1.35208333333 525.777851372
3.475e+13 1.36666666667 569.002257948
3.475e+13 1.38125 614.145793399
3.475e+13 1.39583333333 661.250383174
3.475e+13 1.41041666667 703.985866256
3.475e+13 1.425 771.425324298
3.475e+13 1.43958333333 862.526721837
3.475e+13 1.45416666667 941.354555055
3.475e+13 1.46875 987.863528594
3.475e+13 1.48333333333 1123.8633801
3.475e+13 1.49791666667 1248.60063829
3.475e+13 1.5125 1434.93474982
3.475e+13 1.52708333333 1586.15335259
3.475e+13 1.54166666667 1792.17677941
3.475e+13 1.55625 2117.08331044
3.475e+13 1.57083333333 2349.21285885
3.475e+13 1.58541666667 2661.79619774
3.475e+13 1.6 2972.87938022
3.15e+13 1.25 463.035552026
3.15e+13 1.26458333333 479.52387969
3.15e+13 1.27916666667 516.006461525
3.15e+13 1.29375 536.493849398
3.15e+13 1.30833333333 566.286550814
3.15e+13 1.32291666667 605.4038205
3.15e+13 1.3375 666.082722477
3.15e+13 1.35208333333 718.432299864
3.15e+13 1.36666666667 766.184552364
3.15e+13 1.38125 820.468635922
3.15e+13 1.39583333333 896.238956013
3.15e+13 1.41041666667 985.835786782
3.15e+13 1.425 1061.65965136
3.15e+13 1.43958333333 1234.72866907
3.15e+13 1.45416666667 1371.32536138
3.15e+13 1.46875 1544.17758399
3.15e+13 1.48333333333 1766.04237028
3.15e+13 1.49791666667 1985.90341073
3.15e+13 1.5125 2239.68150281
3.15e+13 1.52708333333 2576.24866552
3.15e+13 1.54166666667 2956.6530091
3.15e+13 1.55625 3377.25974633
3.15e+13 1.57083333333 3899.41082604
3.15e+13 1.58541666667 4640.9052625
3.15e+13 1.6 5469.79788986
2.825e+13 1.25 577.865278106
2.825e+13 1.26458333333 611.81664384
2.825e+13 1.27916666667 656.723682041
2.825e+13 1.29375 699.430985078
2.825e+13 1.30833333333 760.279326476
2.825e+13 1.32291666667 845.110106321
2.825e+13 1.3375 908.381319815
2.825e+13 1.35208333333 1004.73055865
2.825e+13 1.36666666667 1109.93216289
2.825e+13 1.38125 1270.32727101
2.825e+13 1.39583333333 1368.39720012
2.825e+13 1.41041666667 1569.73483086
2.825e+13 1.425 1763.18402424
2.825e+13 1.43958333333 2010.91390171
2.825e+13 1.45416666667 2177.7562875
2.825e+13 1.46875 2591.55609725
2.825e+13 1.48333333333 2985.14197478
2.825e+13 1.49791666667 3461.90584681
2.825e+13 1.5125 3966.24176153
2.825e+13 1.52708333333 4484.71011985
2.825e+13 1.54166666667 5282.16550055
2.825e+13 1.55625 6328.11749016
2.825e+13 1.57083333333 7280.37741642
2.825e+13 1.58541666667 8806.88685509
2.825e+13 1.6 9996.87223237
2.5e+13 1.25 807.380124271
2.5e+13 1.26458333333 886.939068661
2.5e+13 1.27916666667 963.203136869
2.5e+13 1.29375 1053.41029406
2.5e+13 1.30833333333 1132.24611856
2.5e+13 1.32291666667 1331.25116096
2.5e+13 1.3375 1444.37375301
2.5e+13 1.35208333333 1622.58781281
2.5e+13 1.36666666667 1814.83934929
2.5e+13 1.38125 2068.89025601
2.5e+13 1.39583333333 2382.71715958
2.5e+13 1.41041666667 2712.51132271
2.5e+13 1.425 3169.20444794
2.5e+13 1.43958333333 3651.66644211
2.5e+13 1.45416666667 4147.30513232
2.5e+13 1.46875 4860.17357081
2.5e+13 1.48333333333 5635.53221506
2.5e+13 1.49791666667 6723.46942603
2.5e+13 1.5125 7671.39951847
2.5e+13 1.52708333333 9090.36259554
2.5e+13 1.54166666667 10860.4499222
2.5e+13 1.55625 12553.1547618
2.5e+13 1.57083333333 15144.6782492
2.5e+13 1.58541666667 18158.0435342
2.5e+13 1.6 21648.5265568
2.175e+13 1.25 1260.8683412
2.175e+13 1.26458333333 1394.500244
2.175e+13 1.27916666667 1561.40917387
2.175e+13 1.29375 1760.09206797
2.175e+13 1.30833333333 2021.32067254
2.175e+13 1.32291666667 2277.869121
2.175e+13 1.3375 2612.43884147
2.175e+13 1.35208333333 3013.83579209
2.175e+13 1.36666666667 3489.17948678
2.175e+13 1.38125 3823.28991765
2.175e+13 1.39583333333 4415.63785237
2.175e+13 1.41041666667 5387.20397655
2.175e+13 1.425 6206.92068994
2.175e+13 1.43958333333 7338.81857449
2.175e+13 1.45416666667 8423.69491311
2.175e+13 1.46875 10388.7488456
2.175e+13 1.48333333333 11864.4387799
2.175e+13 1.49791666667 14210.9209833
2.175e+13 1.5125 17085.8995955
2.175e+13 1.52708333333 19961.1732529
2.175e+13 1.54166666667 23975.2288062
2.175e+13 1.55625 28524.6811815
2.175e+13 1.57083333333 34308.6565859
2.175e+13 1.58541666667 41354.8941348
2.175e+13 1.6 49076.9177516
1.85e+13 1.25 2287.71118462
1.85e+13 1.26458333333 2673.44864955
1.85e+13 1.27916666667 2988.80133922
1.85e+13 1.29375 3498.85659926
1.85e+13 1.30833333333 4014.5242317
1.85e+13 1.32291666667 4538.27135821
1.85e+13 1.3375 5329.34834549
1.85e+13 1.35208333333 6136.80800118
1.85e+13 1.36666666667 7254.82766187
1.85e+13 1.38125 8635.53517653
1.85e+13 1.39583333333 10312.0930533
1.85e+13 1.41041666667 12317.269334
1.85e+13 1.425 14364.545746
1.85e+13 1.43958333333 16736.6579041
1.85e+13 1.45416666667 20130.2147896
1.85e+13 1.46875 24191.9142482
1.85e+13 1.48333333333 28789.7946411
1.85e+13 1.49791666667 34384.7123006
1.85e+13 1.5125 41732.3529472
1.85e+13 1.52708333333 49523.2471258
1.85e+13 1.54166666667 59663.0666884
1.85e+13 1.55625 71820.6000292
1.85e+13 1.57083333333 86408.9368595
1.85e+13 1.58541666667 107005.288952
1.85e+13 1.6 128865.9645
1.525e+13 1.25 5004.55113222
1.525e+13 1.26458333333 5825.42749776
1.525e+13 1.27916666667 6762.91639782
1.525e+13 1.29375 8120.58687523
1.525e+13 1.30833333333 9346.43577151
1.525e+13 1.32291666667 11298.9723986
1.525e+13 1.3375 13276.0245538
1.525e+13 1.35208333333 15604.4709772
1.525e+13 1.36666666667 18444.200277
1.525e+13 1.38125 22489.0596107
1.525e+13 1.39583333333 26556.5292387
1.525e+13 1.41041666667 31246.4501137
1.525e+13 1.425 38998.0534228
1.525e+13 1.43958333333 46574.0885374
1.525e+13 1.45416666667 55576.8595445
1.525e+13 1.46875 67810.3230941
1.525e+13 1.48333333333 79754.1276027
1.525e+13 1.49791666667 100659.939691
1.525e+13 1.5125 118842.344712
1.525e+13 1.52708333333 142050.407726
1.525e+13 1.54166666667 173928.288198
1.525e+13 1.55625 215259.822912
1.525e+13 1.57083333333 260261.707769
1.525e+13 1.58541666667 314730.471012
1.525e+13 1.6 387009.131131
1.2e+13 1.25 14013.0383584
1.2e+13 1.26458333333 16525.8772708
1.2e+13 1.27916666667 19505.4372378
1.2e+13 1.29375 22813.9264622
1.2e+13 1.30833333333 27902.9462375
1.2e+13 1.32291666667 33402.1966476
1.2e+13 1.3375 40700.3358898
1.2e+13 1.35208333333 47558.9965507
1.2e+13 1.36666666667 58586.5995414
1.2e+13 1.38125 70095.30296
1.2e+13 1.39583333333 85396.5524822
1.2e+13 1.41041666667 103803.350881
1.2e+13 1.425 128086.669719
1.2e+13 1.43958333333 156936.602903
1.2e+13 1.45416666667 189427.481676
1.2e+13 1.46875 231202.027426
1.2e+13 1.48333333333 279111.359065
1.2e+13 1.49791666667 342326.981604
1.2e+13 1.5125 421092.881045
1.2e+13 1.52708333333 515971.624294
1.2e+13 1.54166666667 636234.233201
1.2e+13 1.55625 776261.752626
1.2e+13 1.57083333333 955871.69689
1.2e+13 1.58541666667 1152934.94186
1.2e+13 1.6 1438115.08442
9e+13 1.25 263.63735007
9e+13 1.26458333333 263.76144409
9e+13 1.27916666667 264.035455882
9e+13 1.29375 263.957198826
9e+13 1.30833333333 264.643786112
9e+13 1.32291666667 264.426120226
9e+13 1.3375 264.130760118
9e+13 1.35208333333 264.293158274
9e+13 1.36666666667 265.138261552
9e+13 1.38125 265.266092837
9e+13 1.39583333333 264.772865539
9e+13 1.41041666667 264.662510131
9e+13 1.425 265.111573868
9e+13 1.43958333333 265.755125506
9e+13 1.45416666667 265.117779923
9e+13 1.46875 264.729814893
9e+13 1.48333333333 266.168916252
9e+13 1.49791666667 266.564299306
9e+13 1.5125 266.9854745
9e+13 1.52708333333 267.054938283
9e+13 1.54166666667 267.986124391
9e+13 1.55625 268.427204565
9e+13 1.57083333333 269.45273716
9e+13 1.58541666667 269.181961044
9e+13 1.6 270.793577936
9.125e+13 1.25 263.710498468
9.125e+13 1.26458333333 264.051358927
9.125e+13 1.27916666667 263.643672864
9.125e+13 1.29375 263.843170876
9.125e+13 1.30833333333 264.130324402
9.125e+13 1.32291666667 264.594124307
9.125e+13 1.3375 264.300447256
9.125e+13 1.35208333333 263.991944924
9.125e+13 1.36666666667 264.506128343
9.125e+13 1.38125 265.431337958
9.125e+13 1.39583333333 264.757893835
9.125e+13 1.41041666667 265.288704035
9.125e+13 1.425 264.275611694
9.125e+13 1.43958333333 266.081478676
9.125e+13 1.45416666667 265.463149634
9.125e+13 1.46875 265.250115843
9.125e+13 1.48333333333 265.712397399
9.125e+13 1.49791666667 266.893786576
9.125e+13 1.5125 267.056425395
9.125e+13 1.52708333333 267.287129833
9.125e+13 1.54166666667 267.389960644
9.125e+13 1.55625 267.779520241
9.125e+13 1.57083333333 268.017907491
9.125e+13 1.58541666667 268.726671794
9.125e+13 1.6 269.799933424
9.25e+13 1.25 263.795341963
9.25e+13 1.26458333333 263.844757543
9.25e+13 1.27916666667 263.948759318
9.25e+13 1.29375 263.684090266
9.25e+13 1.30833333333 264.371235164
9.25e+13 1.32291666667 264.439148453
9.25e+13 1.3375 263.857414487
9.25e+13 1.35208333333 263.647642761
9.25e+13 1.36666666667 264.10296255
9.25e+13 1.38125 264.229765337
9.25e+13 1.39583333333 264.039935648
9.25e+13 1.41041666667 265.121752923
9.25e+13 1.425 264.251473097
9.25e+13 1.43958333333 265.330874747
9.25e+13 1.45416666667 266.134577783
9.25e+13 1.46875 264.95940327
9.25e+13 1.48333333333 265.873324179
9.25e+13 1.49791666667 265.971804943
9.25e+13 1.5125 266.467539838
9.25e+13 1.52708333333 267.09247328
9.25e+13 1.54166666667 267.177406502
9.25e+13 1.55625 267.027633407
9.25e+13 1.57083333333 268.70641377
9.25e+13 1.58541666667 269.673280834
9.25e+13 1.6 268.157679582
9.375e+13 1.25 263.506062572
9.375e+13 1.26458333333 263.971218517
9.375e+13 1.27916666667 263.68920288
9.375e+13 1.29375 263.824211488
9.375e+13 1.30833333333 264.237288271
9.375e+13 1.32291666667 263.712884315
9.375e+13 1.3375 263.7369551
9.375e+13 1.35208333333 263.553571061
9.375e+13 1.36666666667 263.908598225
9.375e+13 1.38125 263.629109786
9.375e+13 1.39583333333 265.19943497
9.375e+13 1.41041666667 263.406954337
9.375e+13 1.425 265.275898535
9.375e+13 1.43958333333 264.655330098
9.375e+13 1.45416666667 265.045563469
9.375e+13 1.46875 265.573706197
9.375e+13 1.48333333333 265.146038336
9.375e+13 1.49791666667 265.505028683
9.375e+13 1.5125 265.612833499
9.375e+13 1.52708333333 265.454523447
9.375e+13 1.54166666667 267.132836585
9.375e+13 1.55625 267.222656291
9.375e+13 1.57083333333 267.519371985
9.375e+13 1.58541666667 268.578118639
9.375e+13 1.6 269.468690971
9.5e+13 1.25 263.39887737
9.5e+13 1.26458333333 263.640857644
9.5e+13 1.27916666667 263.267064633
9.5e+13 1.29375 264.228305539
9.5e+13 1.30833333333 263.968210694
9.5e+13 1.32291666667 263.359780155
9.5e+13 1.3375 263.928613105
9.5e+13 1.35208333333 263.514428445
9.5e+13 1.36666666667 263.621603473
9.5e+13 1.38125 263.419028997
9.5e+13 1.39583333333 263.902425657
9.5e+13 1.41041666667 264.631948325
9.5e+13 1.425 264.573310499
9.5e+13 1.43958333333 264.206008628
9.5e+13 1.45416666667 264.240068929
9.5e+13 1.46875 264.928679795
9.5e+13 1.48333333333 265.212685802
9.5e+13 1.49791666667 265.708085989
9.5e+13 1.5125 266.024234773
9.5e+13 1.52708333333 265.222992766
9.5e+13 1.54166666667 266.721452648
9.5e+13 1.55625 266.315167788
9.5e+13 1.57083333333 266.897471732
9.5e+13 1.58541666667 267.79796273
9.5e+13 1.6 268.469692252
9.625e+13 1.25 263.994540775
9.625e+13 1.26458333333 263.812219321
9.625e+13 1.27916666667 263.636051105
9.625e+13 1.29375 263.483902714
9.625e+13 1.30833333333 263.697012164
9.625e+13 1.32291666667 263.529865363
9.625e+13 1.3375 263.673248658
9.625e+13 1.35208333333 263.885775197
9.625e+13 1.36666666667 264.028536906
9.625e+13 1.38125 264.335205428
9.625e+13 1.39583333333 264.122246881
9.625e+13 1.41041666667 264.397243976
9.625e+13 1.425 263.285249034
9.625e+13 1.43958333333 264.899863055
9.625e+13 1.45416666667 263.688775475
9.625e+13 1.46875 264.410996512
9.625e+13 1.48333333333 264.318017959
9.625e+13 1.49791666667 265.133233219
9.625e+13 1.5125 265.537471851
9.625e+13 1.52708333333 266.318663924
9.625e+13 1.54166666667 266.211336674
9.625e+13 1.55625 264.841068647
9.625e+13 1.57083333333 266.171077226
9.625e+13 1.58541666667 267.288298991
9.625e+13 1.6 267.200585708
9.75e+13 1.25 263.703657321
9.75e+13 1.26458333333 263.892055565
9.75e+13 1.27916666667 262.98133929
9.75e+13 1.29375 263.381973896
9.75e+13 1.30833333333 263.354517451
9.75e+13 1.32291666667 263.407566632
9.75e+13 1.3375 263.406310041
9.75e+13 1.35208333333 263.380940842
9.75e+13 1.36666666667 263.895263587
9.75e+13 1.38125 264.235700358
9.75e+13 1.39583333333 263.797555079
9.75e+13 1.41041666667 263.864234734
9.75e+13 1.425 263.938137486
9.75e+13 1.43958333333 264.039139369
9.75e+13 1.45416666667 264.493369586
9.75e+13 1.46875 263.825356143
9.75e+13 1.48333333333 264.718540391
9.75e+13 1.49791666667 264.709079439
9.75e+13 1.5125 265.704015662
9.75e+13 1.52708333333 264.783979559
9.75e+13 1.54166666667 265.926908364
9.75e+13 1.55625 266.232336969
9.75e+13 1.57083333333 265.418010393
9.75e+13 1.58541666667 266.153833316
9.75e+13 1.6 267.913406786
9.875e+13 1.25 263.53073355
9.875e+13 1.26458333333 263.147271978
9.875e+13 1.27916666667 262.993210609
9.875e+13 1.29375 263.377364619
9.875e+13 1.30833333333 263.139090353
9.875e+13 1.32291666667 264.150159459
9.875e+13 1.3375 262.9248344
9.875e+13 1.35208333333 263.544576491
9.875e+13 1.36666666667 264.251507989
9.875e+13 1.38125 263.725416884
9.875e+13 1.39583333333 263.763772754
9.875e+13 1.41041666667 263.253178066
9.875e+13 1.425 263.77438279
9.875e+13 1.43958333333 263.799350538
9.875e+13 1.45416666667 264.200935338
9.875e+13 1.46875 264.801562289
9.875e+13 1.48333333333 264.879210296
9.875e+13 1.49791666667 264.719901246
9.875e+13 1.5125 265.027336364
9.875e+13 1.52708333333 265.633941991
9.875e+13 1.54166666667 265.353260326
9.875e+13 1.55625 265.611158906
9.875e+13 1.57083333333 265.846609814
9.875e+13 1.58541666667 266.459372375
9.875e+13 1.6 266.688054976
1e+14 1.25 263.389300974
1e+14 1.26458333333 263.379329555
1e+14 1.27916666667 263.988927601
1e+14 1.29375 263.765470911
1e+14 1.30833333333 263.4153439
1e+14 1.32291666667 263.144624246
1e+14 1.3375 263.768983953
1e+14 1.35208333333 263.074558087
1e+14 1.36666666667 264.005119999
1e+14 1.38125 263.224416651
1e+14 1.39583333333 263.611356516
1e+14 1.41041666667 263.910234193
1e+14 1.425 264.278389045
1e+14 1.43958333333 264.371556056
1e+14 1.45416666667 264.392974551
1e+14 1.46875 263.047328427
1e+14 1.48333333333 264.549886288
1e+14 1.49791666667 264.284595056
1e+14 1.5125 264.255150808
1e+14 1.52708333333 264.776367871
1e+14 1.54166666667 265.242324414
1e+14 1.55625 265.96224802
1e+14 1.57083333333 265.617095249
1e+14 1.58541666667 266.976109926
1e+14 1.6 267.075984159
1.0125e+14 1.25 264.271643837
1.0125e+14 1.26458333333 262.954689968
1.0125e+14 1.27916666667 263.898116372
1.0125e+14 1.29375 262.788764471
1.0125e+14 1.30833333333 263.557416252
1.0125e+14 1.32291666667 263.280136497
1.0125e+14 1.3375 262.795138938
1.0125e+14 1.35208333333 262.981149942
1.0125e+14 1.36666666667 263.137467822
1.0125e+14 1.38125 263.469463846
1.0125e+14 1.39583333333 263.778535331
1.0125e+14 1.41041666667 262.895637771
1.0125e+14 1.425 262.983359844
1.0125e+14 1.43958333333 264.276520507
1.0125e+14 1.45416666667 263.69110749
1.0125e+14 1.46875 263.732687641
1.0125e+14 1.48333333333 264.919425851
1.0125e+14 1.49791666667 265.067815999
1.0125e+14 1.5125 264.794254418
1.0125e+14 1.52708333333 264.894835702
1.0125e+14 1.54166666667 265.106069266
1.0125e+14 1.55625 264.810027605
1.0125e+14 1.57083333333 264.95683841
1.0125e+14 1.58541666667 265.526737297
1.0125e+14 1.6 266.261767862
1.025e+14 1.25 263.464811541
1.025e+14 1.26458333333 263.212610806
1.025e+14 1.27916666667 263.115280327
1.025e+14 1.29375 263.520261436
1.025e+14 1.30833333333 262.865611494
1.025e+14 1.32291666667 263.38562267
1.025e+14 1.3375 263.705184856
1.025e+14 1.35208333333 262.88295646
1.025e+14 1.36666666667 262.883367822
1.025e+14 1.38125 263.051482596
1.025e+14 1.39583333333 263.110908624
1.025e+14 1.41041666667 263.145902755
1.025e+14 1.425 263.023432016
1.025e+14 1.43958333333 263.49357401
1.025e+14 1.45416666667 263.598859321
1.025e+14 1.46875 264.282226954
1.025e+14 1.48333333333 263.64117778
1.025e+14 1.49791666667 264.532336768
1.025e+14 1.5125 264.611675419
1.025e+14 1.52708333333 264.858498784
1.025e+14 1.54166666667 264.389056896
1.025e+14 1.55625 264.781484638
1.025e+14 1.57083333333 265.191285652
1.025e+14 1.58541666667 264.550691642
1.025e+14 1.6 266.164256611
1.0375e+14 1.25 263.689849198
1.0375e+14 1.26458333333 263.265175673
1.0375e+14 1.27916666667 263.719851047
1.0375e+14 1.29375 263.615631841
1.0375e+14 1.30833333333 262.84269912
1.0375e+14 1.32291666667 263.183793255
1.0375e+14 1.3375 262.948850174
1.0375e+14 1.35208333333 263.413960731
1.0375e+14 1.36666666667 263.000800609
1.0375e+14 1.38125 263.729442416
1.0375e+14 1.39583333333 263.458881394
1.0375e+14 1.41041666667 263.463251022
1.0375e+14 1.425 263.911460971
1.0375e+14 1.43958333333 263.040578941
1.0375e+14 1.45416666667 263.653395019
1.0375e+14 1.46875 263.824083194
1.0375e+14 1.48333333333 263.541645502
1.0375e+14 1.49791666667 263.310544137
1.0375e+14 1.5125 263.960411077
1.0375e+14 1.52708333333 263.810025313
1.0375e+14 1.54166666667 263.569806044
1.0375e+14 1.55625 264.670098037
1.0375e+14 1.57083333333 264.337848009
1.0375e+14 1.58541666667 265.018062087
1.0375e+14 1.6 264.418655159
1.05e+14 1.25 262.934172521
1.05e+14 1.26458333333 263.340917954
1.05e+14 1.27916666667 263.262132019
1.05e+14 1.29375 262.777925426
1.05e+14 1.30833333333 263.17110911
1.05e+14 1.32291666667 263.155229507
1.05e+14 1.3375 263.7578653
1.05e+14 1.35208333333 263.654835393
1.05e+14 1.36666666667 263.509944283
1.05e+14 1.38125 262.580660044
1.05e+14 1.39583333333 263.196907571
1.05e+14 1.41041666667 262.899795462
1.05e+14 1.425 263.529821065
1.05e+14 1.43958333333 262.718543
1.05e+14 1.45416666667 263.291187249
1.05e+14 1.46875 264.024075658
1.05e+14 1.48333333333 263.585904609
1.05e+14 1.49791666667 263.791273212
1.05e+14 1.5125 264.052024026
1.05e+14 1.52708333333 263.567027914
1.05e+14 1.54166666667 264.370232223
1.05e+14 1.55625 264.168190267
1.05e+14 1.57083333333 263.729454185
1.05e+14 1.58541666667 264.606953742
1.05e+14 1.6 264.953924885
1.0625e+14 1.25 263.227163638
1.0625e+14 1.26458333333 263.046488414
1.0625e+14 1.27916666667 263.442782617
1.0625e+14 1.29375 263.066850554
1.0625e+14 1.30833333333 262.723683609
1.0625e+14 1.32291666667 263.219582336
1.0625e+14 1.3375 263.033983881
1.0625e+14 1.35208333333 263.240841412
1.0625e+14 1.36666666667 263.450058086
1.0625e+14 1.38125 263.257719117
1.0625e+14 1.39583333333 262.493200868
1.0625e+14 1.41041666667 263.525431223
1.0625e+14 1.425 263.042533488
1.0625e+14 1.43958333333 263.398851498
1.0625e+14 1.45416666667 263.631729927
1.0625e+14 1.46875 263.115623378
1.0625e+14 1.48333333333 263.924028709
1.0625e+14 1.49791666667 263.887685358
1.0625e+14 1.5125 263.476615343
1.0625e+14 1.52708333333 263.478103996
1.0625e+14 1.54166666667 263.764237562
1.0625e+14 1.55625 264.369181612
1.0625e+14 1.57083333333 264.13905159
1.0625e+14 1.58541666667 264.78633074
1.0625e+14 1.6 264.801845305
1.075e+14 1.25 263.263821201
1.075e+14 1.26458333333 262.728917852
1.075e+14 1.27916666667 262.756193071
1.075e+14 1.29375 263.408844975
1.075e+14 1.30833333333 262.952992293
1.075e+14 1.32291666667 263.546573796
1.075e+14 1.3375 262.683572803
1.075e+14 1.35208333333 262.430513259
1.075e+14 1.36666666667 262.146495315
1.075e+14 1.38125 262.653839733
1.075e+14 1.39583333333 262.817833275
1.075e+14 1.41041666667 263.289638644
1.075e+14 1.425 262.907960427
1.075e+14 1.43958333333 262.767342116
1.075e+14 1.45416666667 263.598289063
1.075e+14 1.46875 263.13546821
1.075e+14 1.48333333333 262.832332887
1.075e+14 1.49791666667 263.811806505
1.075e+14 1.5125 264.39163147
1.075e+14 1.52708333333 263.105147308
1.075e+14 1.54166666667 263.615130187
1.075e+14 1.55625 264.126894142
1.075e+14 1.57083333333 264.345449336
1.075e+14 1.58541666667 264.017275557
1.075e+14 1.6 264.902647345
1.0875e+14 1.25 263.154629035
1.0875e+14 1.26458333333 263.274110857
1.0875e+14 1.27916666667 263.018063517
1.0875e+14 1.29375 262.846828904
1.0875e+14 1.30833333333 262.880521338
1.0875e+14 1.32291666667 262.752960544
1.0875e+14 1.3375 263.117357919
1.0875e+14 1.35208333333 262.824191886
1.0875e+14 1.36666666667 263.20558471
1.0875e+14 1.38125 263.035831237
1.0875e+14 1.39583333333 262.963261575
1.0875e+14 1.41041666667 262.692474342
1.0875e+14 1.425 263.038651559
1.0875e+14 1.43958333333 262.508916005
1.0875e+14 1.45416666667 262.707460716
1.0875e+14 1.46875 263.520544806
1.0875e+14 1.48333333333 263.478731844
1.0875e+14 1.49791666667 263.071750639
1.0875e+14 1.5125 263.103509893
1.0875e+14 1.52708333333 263.952670381
1.0875e+14 1.54166666667 263.635814637
1.0875e+14 1.55625 263.966453948
1.0875e+14 1.57083333333 264.131356558
1.0875e+14 1.58541666667 264.542368047
1.0875e+14 1.6 264.606477758
1.1e+14 1.25 263.488109698
1.1e+14 1.26458333333 263.189882852
1.1e+14 1.27916666667 262.75835635
1.1e+14 1.29375 262.498216234
1.1e+14 1.30833333333 262.506809278
1.1e+14 1.32291666667 262.509489346
1.1e+14 1.3375 263.054047067
1.1e+14 1.35208333333 263.237034194
1.1e+14 1.36666666667 262.942457404
1.1e+14 1.38125 263.015557189
1.1e+14 1.39583333333 262.890686678
1.1e+14 1.41041666667 262.333782247
1.1e+14 1.425 262.954112903
1.1e+14 1.43958333333 263.0158793
1.1e+14 1.45416666667 263.134802903
1.1e+14 1.46875 263.207452182
1.1e+14 1.48333333333 262.978151582
1.1e+14 1.49791666667 263.472649694
1.1e+14 1.5125 263.397500371
1.1e+14 1.52708333333 263.614990861
1.1e+14 1.54166666667 263.635265617
1.1e+14 1.55625 263.602204504
1.1e+14 1.57083333333 263.634016723
1.1e+14 1.58541666667 263.90588857
1.1e+14 1.6 264.293179465
1.1125e+14 1.25 263.111599078
1.1125e+14 1.26458333333 262.683752261
1.1125e+14 1.27916666667 263.303235503
1.1125e+14 1.29375 262.599396975
1.1125e+14 1.30833333333 262.788206525
1.1125e+14 1.32291666667 262.662256099
1.1125e+14 1.3375 263.633336244
1.1125e+14 1.35208333333 262.823857854
1.1125e+14 1.36666666667 263.054136671
1.1125e+14 1.38125 262.40897236
1.1125e+14 1.39583333333 262.89759477
1.1125e+14 1.41041666667 263.006919238
1.1125e+14 1.425 262.352516725
1.1125e+14 1.43958333333 262.899961858
1.1125e+14 1.45416666667 262.959911117
1.1125e+14 1.46875 263.156167141
1.1125e+14 1.48333333333 263.589661371
1.1125e+14 1.49791666667 263.378370522
1.1125e+14 1.5125 263.363800958
1.1125e+14 1.52708333333 263.078613341
1.1125e+14 1.54166666667 263.091633104
1.1125e+14 1.55625 263.570599834
1.1125e+14 1.57083333333 263.325635493
1.1125e+14 1.58541666667 263.721398542
1.1125e+14 1.6 263.967354439
1.125e+14 1.25 262.544806084
1.125e+14 1.26458333333 262.677269072
1.125e+14 1.27916666667 262.640065375
1.125e+14 1.29375 262.727967463
1.125e+14 1.30833333333 262.276959121
1.125e+14 1.32291666667 262.598246652
1.125e+14 1.3375 262.525996646
1.125e+14 1.35208333333 263.241153336
1.125e+14 1.36666666667 262.217610456
1.125e+14 1.38125 262.955784608
1.125e+14 1.39583333333 262.525452463
1.125e+14 1.41041666667 262.612008776
1.125e+14 1.425 262.637980393
1.125e+14 1.43958333333 262.93804141
1.125e+14 1.45416666667 263.466752621
1.125e+14 1.46875 262.960423452
1.125e+14 1.48333333333 262.648124124
1.125e+14 1.49791666667 263.120799391
1.125e+14 1.5125 262.571943149
1.125e+14 1.52708333333 263.314504214
1.125e+14 1.54166666667 263.059783357
1.125e+14 1.55625 263.737506052
1.125e+14 1.57083333333 263.470423517
1.125e+14 1.58541666667 263.082860143
1.125e+14 1.6 263.911616216
1.1375e+14 1.25 262.355088109
1.1375e+14 1.26458333333 262.957344788
1.1375e+14 1.27916666667 262.935520684
1.1375e+14 1.29375 262.907615516
1.1375e+14 1.30833333333 262.725185001
1.1375e+14 1.32291666667 262.924054815
1.1375e+14 1.3375 263.053026912
1.1375e+14 1.35208333333 263.061533028
1.1375e+14 1.36666666667 262.733800157
1.1375e+14 1.38125 262.745193494
1.1375e+14 1.39583333333 263.463858091
1.1375e+14 1.41041666667 263.063450933
1.1375e+14 1.425 262.220662769
1.1375e+14 1.43958333333 262.278292305
1.1375e+14 1.45416666667 262.513694775
1.1375e+14 1.46875 263.196720195
1.1375e+14 1.48333333333 262.663919329
1.1375e+14 1.49791666667 262.798722447
1.1375e+14 1.5125 262.824332835
1.1375e+14 1.52708333333 263.007980276
1.1375e+14 1.54166666667 262.988706779
1.1375e+14 1.55625 262.624519174
1.1375e+14 1.57083333333 263.154478751
1.1375e+14 1.58541666667 262.87668028
1.1375e+14 1.6 264.082849735
1.15e+14 1.25 262.664621563
1.15e+14 1.26458333333 262.547701181
1.15e+14 1.27916666667 262.981786007
1.15e+14 1.29375 262.917794538
1.15e+14 1.30833333333 262.70197915
1.15e+14 1.32291666667 262.647086137
1.15e+14 1.3375 262.916654139
1.15e+14 1.35208333333 262.491199353
1.15e+14 1.36666666667 262.858586427
1.15e+14 1.38125 263.728940342
1.15e+14 1.39583333333 262.06637685
1.15e+14 1.41041666667 262.489664328
1.15e+14 1.425 261.619242559
1.15e+14 1.43958333333 262.921480901
1.15e+14 1.45416666667 262.560511451
1.15e+14 1.46875 262.821184543
1.15e+14 1.48333333333 262.694380835
1.15e+14 1.49791666667 262.842104332
1.15e+14 1.5125 262.768726267
1.15e+14 1.52708333333 263.197723938
1.15e+14 1.54166666667 263.124374178
1.15e+14 1.55625 262.65174964
1.15e+14 1.57083333333 263.242213983
1.15e+14 1.58541666667 263.227454672
1.15e+14 1.6 263.155274686
1.1625e+14 1.25 262.913279986
1.1625e+14 1.26458333333 261.895017314
1.1625e+14 1.27916666667 263.058981232
1.1625e+14 1.29375 263.054037002
1.1625e+14 1.30833333333 262.744384132
1.1625e+14 1.32291666667 262.585411776
1.1625e+14 1.3375 261.965201016
1.1625e+14 1.35208333333 262.631723584
1.1625e+14 1.36666666667 262.329160876
1.1625e+14 1.38125 262.204522868
1.1625e+14 1.39583333333 262.838185287
1.1625e+14 1.41041666667 263.186347622
1.1625e+14 1.425 262.751389339
1.1625e+14 1.43958333333 262.618230781
1.1625e+14 1.45416666667 262.27313769
1.1625e+14 1.46875 263.169701959
1.1625e+14 1.48333333333 262.983993637
1.1625e+14 1.49791666667 263.287679977
1.1625e+14 1.5125 262.162289192
1.1625e+14 1.52708333333 262.603704614
1.1625e+14 1.54166666667 263.207047992
1.1625e+14 1.55625 262.9955999
1.1625e+14 1.57083333333 263.547134203
1.1625e+14 1.58541666667 263.515941074
1.1625e+14 1.6 263.152774761
1.175e+14 1.25 262.767312988
1.175e+14 1.26458333333 262.729834599
1.175e+14 1.27916666667 262.806804979
1.175e+14 1.29375 263.194271984
1.175e+14 1.30833333333 262.94560372
1.175e+14 1.32291666667 262.527240389
1.175e+14 1.3375 262.378372609
1.175e+14 1.35208333333 262.478096225
1.175e+14 1.36666666667 262.313254002
1.175e+14 1.38125 262.103130708
1.175e+14 1.39583333333 262.985042543
1.175e+14 1.41041666667 262.24829171
1.175e+14 1.425 261.989611225
1.175e+14 1.43958333333 262.254600221
1.175e+14 1.45416666667 262.712825199
1.175e+14 1.46875 263.229538275
1.175e+14 1.48333333333 262.915197154
1.175e+14 1.49791666667 262.290459242
1.175e+14 1.5125 262.785307857
1.175e+14 1.52708333333 263.242834661
1.175e+14 1.54166666667 262.975741455
1.175e+14 1.55625 263.292771208
1.175e+14 1.57083333333 263.435925567
1.175e+14 1.58541666667 263.265784043
1.175e+14 1.6 262.785424418
1.1875e+14 1.25 262.091992574
1.1875e+14 1.26458333333 262.401347233
1.1875e+14 1.27916666667 262.9252557
1.1875e+14 1.29375 262.312808394
1.1875e+14 1.30833333333 262.12645034
1.1875e+14 1.32291666667 262.948369525
1.1875e+14 1.3375 262.906554058
1.1875e+14 1.35208333333 262.559182425
1.1875e+14 1.36666666667 262.477540779
1.1875e+14 1.38125 263.096070853
1.1875e+14 1.39583333333 262.503866688
1.1875e+14 1.41041666667 262.467614172
1.1875e+14 1.425 263.184089729
1.1875e+14 1.43958333333 262.928664139
1.1875e+14 1.45416666667 262.721939282
1.1875e+14 1.46875 262.693571363
1.1875e+14 1.48333333333 262.725824863
1.1875e+14 1.49791666667 262.30013491
1.1875e+14 1.5125 262.484813371
1.1875e+14 1.52708333333 262.909019548
1.1875e+14 1.54166666667 262.776530488
1.1875e+14 1.55625 262.963607846
1.1875e+14 1.57083333333 263.359658641
1.1875e+14 1.58541666667 263.40269033
1.1875e+14 1.6 262.771704974
1.2e+14 1.25 262.868119845
1.2e+14 1.26458333333 262.523987957
1.2e+14 1.27916666667 262.550668772
1.2e+14 1.29375 262.84876796
1.2e+14 1.30833333333 262.956839276
1.2e+14 1.32291666667 262.638446923
1.2e+14 1.3375 263.006348329
1.2e+14 1.35208333333 262.7494862
1.2e+14 1.36666666667 262.606451321
1.2e+14 1.38125 262.266691714
1.2e+14 1.39583333333 262.386775631
1.2e+14 1.41041666667 262.415038319
1.2e+14 1.425 262.90483007
1.2e+14 1.43958333333 262.96421243
1.2e+14 1.45416666667 262.920554331
1.2e+14 1.46875 262.292396847
1.2e+14 1.48333333333 262.391190365
1.2e+14 1.49791666667 262.608041485
1.2e+14 1.5125 262.462281782
1.2e+14 1.52708333333 262.259024774
1.2e+14 1.54166666667 263.379451866
1.2e+14 1.55625 263.046445986
1.2e+14 1.57083333333 262.630112733
1.2e+14 1.58541666667 262.957852866
1.2e+14 1.6 263.218851677
