1e+13 1.25 12743.8819071
1e+13 1.26458333333 14662.229991
1e+13 1.27916666667 17369.7320771
1e+13 1.29375 20762.9219065
1e+13 1.30833333333 24273.4016245
1e+13 1.32291666667 29098.6922305
1e+13 1.3375 35417.122694
1e+13 1.35208333333 41890.6976648
1e+13 1.36666666667 49861.8680152
1e+13 1.38125 60162.5924705
1e+13 1.39583333333 72273.9985906
1e+13 1.41041666667 87898.4498056
1e+13 1.425 107756.887479
1e+13 1.43958333333 128786.393078
1e+13 1.45416666667 153739.037393
1e+13 1.46875 186156.113536
1e+13 1.48333333333 229276.554994
1e+13 1.49791666667 280308.747599
1e+13 1.5125 339465.757908
1e+13 1.52708333333 402445.215587
1e+13 1.54166666667 497924.637206
1e+13 1.55625 612577.347703
1e+13 1.57083333333 748307.053585
1e+13 1.58541666667 906571.74991
1e+13 1.6 1099375.4869
1.0125e+13 1.25 11730.6876878
1.0125e+13 1.26458333333 14165.007668
1.0125e+13 1.27916666667 16713.6244534
1.0125e+13 1.29375 19611.8288495
1.0125e+13 1.30833333333 22993.092427
1.0125e+13 1.32291666667 27908.9110483
1.0125e+13 1.3375 33361.0352135
1.0125e+13 1.35208333333 39770.4923778
1.0125e+13 1.36666666667 47329.9145146
1.0125e+13 1.38125 57555.1903004
1.0125e+13 1.39583333333 68764.5409903
1.0125e+13 1.41041666667 83076.5049344
1.0125e+13 1.425 99906.1046074
1.0125e+13 1.43958333333 122055.453786
1.0125e+13 1.45416666667 146200.319687
1.0125e+13 1.46875 180861.501643
1.0125e+13 1.48333333333 215040.402613
1.0125e+13 1.49791666667 262668.58292
1.0125e+13 1.5125 318897.303532
1.0125e+13 1.52708333333 386783.386207
1.0125e+13 1.54166666667 474134.332266
1.0125e+13 1.55625 567874.210884
1.0125e+13 1.57083333333 703250.116435
1.0125e+13 1.58541666667 847373.792352
1.0125e+13 1.6 1015937.94082
1.025e+13 1.25 11265.0601852
1.025e+13 1.26458333333 13363.4382243
1.025e+13 1.27916666667 15805.9919852
1.025e+13 1.29375 18146.9127005
1.025e+13 1.30833333333 22058.5893789
1.025e+13 1.32291666667 26286.0398176
1.025e+13 1.3375 31239.5540435
1.025e+13 1.35208333333 37538.4299794
1.025e+13 1.36666666667 46099.0230455
1.025e+13 1.38125 53897.0095517
1.025e+13 1.39583333333 64620.2155695
1.025e+13 1.41041666667 78884.9454103
1.025e+13 1.425 92958.3231238
1.025e+13 1.43958333333 113822.46875
1.025e+13 1.45416666667 135993.108933
1.025e+13 1.46875 166110.379852
1.025e+13 1.48333333333 198907.394338
1.025e+13 1.49791666667 242976.318451
1.025e+13 1.5125 294770.914404
1.025e+13 1.52708333333 359251.592544
1.025e+13 1.54166666667 443463.309493
1.025e+13 1.55625 529442.72103
1.025e+13 1.57083333333 648779.307689
1.025e+13 1.58541666667 790629.174237
1.025e+13 1.6 956562.945448
1.0375e+13 1.25 10714.8322948
1.0375e+13 1.26458333333 12584.8445192
1.0375e+13 1.27916666667 14980.3499547
1.0375e+13 1.29375 17878.5537523
1.0375e+13 1.30833333333 20401.6082208
1.0375e+13 1.32291666667 24958.6889813
1.0375e+13 1.3375 29974.9155816
1.0375e+13 1.35208333333 35645.3137531
1.0375e+13 1.36666666667 42695.6850736
1.0375e+13 1.38125 50621.2123676
1.0375e+13 1.39583333333 61372.10703
1.0375e+13 1.41041666667 74002.5584549
1.0375e+13 1.425 86969.7000293
1.0375e+13 1.43958333333 105476.705942
1.0375e+13 1.45416666667 129115.842473
1.0375e+13 1.46875 157797.021287
1.0375e+13 1.48333333333 190093.562932
1.0375e+13 1.49791666667 229508.883984
1.0375e+13 1.5125 276812.781598
1.0375e+13 1.52708333333 341822.657778
1.0375e+13 1.54166666667 418012.046834
1.0375e+13 1.55625 514395.043787
1.0375e+13 1.57083333333 616108.891318
1.0375e+13 1.58541666667 738201.852497
1.0375e+13 1.6 914328.826379
1.05e+13 1.25 10013.3625882
1.05e+13 1.26458333333 12003.3165779
1.05e+13 1.27916666667 14003.344269
1.05e+13 1.29375 16765.0295503
1.05e+13 1.30833333333 19598.322238
1.05e+13 1.32291666667 23601.379475
1.05e+13 1.3375 27853.8298482
1.05e+13 1.35208333333 33293.5244389
1.05e+13 1.36666666667 41026.36173
1.05e+13 1.38125 48534.5353859
1.05e+13 1.39583333333 58616.4345947
1.05e+13 1.41041666667 70623.213626
1.05e+13 1.425 84009.8128362
1.05e+13 1.43958333333 99930.2078014
1.05e+13 1.45416666667 122163.848207
1.05e+13 1.46875 148968.957946
1.05e+13 1.48333333333 180216.046699
1.05e+13 1.49791666667 217063.761239
1.05e+13 1.5125 261904.08012
1.05e+13 1.52708333333 321469.543676
1.05e+13 1.54166666667 383872.791696
1.05e+13 1.55625 472831.967907
1.05e+13 1.57083333333 576763.776278
1.05e+13 1.58541666667 705238.195638
1.05e+13 1.6 849522.351768
1.0625e+13 1.25 9672.11629213
1.0625e+13 1.26458333333 11414.0921968
1.0625e+13 1.27916666667 13500.4180758
1.0625e+13 1.29375 15804.1735246
1.0625e+13 1.30833333333 18749.3870509
1.0625e+13 1.32291666667 22037.6424255
1.0625e+13 1.3375 26547.8561764
1.0625e+13 1.35208333333 32077.3729029
1.0625e+13 1.36666666667 38783.9294551
1.0625e+13 1.38125 45683.2981489
1.0625e+13 1.39583333333 55216.3029885
1.0625e+13 1.41041666667 65189.8929743
1.0625e+13 1.425 80325.2375233
1.0625e+13 1.43958333333 94250.5213517
1.0625e+13 1.45416666667 116369.842015
1.0625e+13 1.46875 138714.692031
1.0625e+13 1.48333333333 168034.54784
1.0625e+13 1.49791666667 204353.40313
1.0625e+13 1.5125 244945.789707
1.0625e+13 1.52708333333 303071.494916
1.0625e+13 1.54166666667 363254.662424
1.0625e+13 1.55625 443705.966178
1.0625e+13 1.57083333333 542303.410658
1.0625e+13 1.58541666667 650406.214966
1.0625e+13 1.6 799010.192751
1.075e+13 1.25 9111.25921484
1.075e+13 1.26458333333 10616.7996492
1.075e+13 1.27916666667 12948.7512669
1.075e+13 1.29375 15047.5728746
1.075e+13 1.30833333333 17649.3048898
1.075e+13 1.32291666667 21223.4488077
1.075e+13 1.3375 25115.1510837
1.075e+13 1.35208333333 30311.7440424
1.075e+13 1.36666666667 35761.3792504
1.075e+13 1.38125 43204.6016559
1.075e+13 1.39583333333 51232.5966617
1.075e+13 1.41041666667 61580.9103725
1.075e+13 1.425 74580.4251144
1.075e+13 1.43958333333 91027.4189049
1.075e+13 1.45416666667 110054.833938
1.075e+13 1.46875 129629.579747
1.075e+13 1.48333333333 157769.767901
1.075e+13 1.49791666667 191644.032136
1.075e+13 1.5125 232400.600116
1.075e+13 1.52708333333 281663.734453
1.075e+13 1.54166666667 343517.407369
1.075e+13 1.55625 418722.345944
1.075e+13 1.57083333333 509866.276035
1.075e+13 1.58541666667 618915.668049
1.075e+13 1.6 751847.117607
1.0875e+13 1.25 8805.41042182
1.0875e+13 1.26458333333 10370.6473771
1.0875e+13 1.27916666667 12300.863846
1.0875e+13 1.29375 14185.5136358
1.0875e+13 1.30833333333 16777.5423671
1.0875e+13 1.32291666667 20132.4476952
1.0875e+13 1.3375 23858.2980905
1.0875e+13 1.35208333333 28421.8646802
1.0875e+13 1.36666666667 34689.5865253
1.0875e+13 1.38125 40832.7374066
1.0875e+13 1.39583333333 47489.5596946
1.0875e+13 1.41041666667 58646.9151937
1.0875e+13 1.425 70295.7501947
1.0875e+13 1.43958333333 85209.0821187
1.0875e+13 1.45416666667 102672.493864
1.0875e+13 1.46875 124822.27069
1.0875e+13 1.48333333333 151733.528767
1.0875e+13 1.49791666667 180717.896481
1.0875e+13 1.5125 220654.97483
1.0875e+13 1.52708333333 267204.879789
1.0875e+13 1.54166666667 324176.852926
1.0875e+13 1.55625 394793.452552
1.0875e+13 1.57083333333 477542.52587
1.0875e+13 1.58541666667 576211.033353
1.0875e+13 1.6 701921.812953
1.1e+13 1.25 8328.20690029
1.1e+13 1.26458333333 9794.13435086
1.1e+13 1.27916666667 11434.6709575
1.1e+13 1.29375 13574.6835886
1.1e+13 1.30833333333 16227.6427026
1.1e+13 1.32291666667 18777.6929395
1.1e+13 1.3375 22567.669209
1.1e+13 1.35208333333 26962.4374694
1.1e+13 1.36666666667 32593.6606407
1.1e+13 1.38125 38784.8859858
1.1e+13 1.39583333333 46604.0403865
1.1e+13 1.41041666667 54453.5308407
1.1e+13 1.425 66445.35764
1.1e+13 1.43958333333 81223.7792132
1.1e+13 1.45416666667 96050.2553699
1.1e+13 1.46875 116932.02977
1.1e+13 1.48333333333 140040.111872
1.1e+13 1.49791666667 169978.239201
1.1e+13 1.5125 205384.536545
1.1e+13 1.52708333333 248991.522332
1.1e+13 1.54166666667 305338.697989
1.1e+13 1.55625 367062.225692
1.1e+13 1.57083333333 444594.583633
1.1e+13 1.58541666667 543166.295439
1.1e+13 1.6 684156.788122
1.1125e+13 1.25 8050.88676876
1.1125e+13 1.26458333333 9432.10985778
1.1125e+13 1.27916666667 11077.4780461
1.1125e+13 1.29375 12805.0437858
1.1125e+13 1.30833333333 15285.5011175
1.1125e+13 1.32291666667 18472.4565299
1.1125e+13 1.3375 21787.2453072
1.1125e+13 1.35208333333 26300.0002057
1.1125e+13 1.36666666667 31107.7637772
1.1125e+13 1.38125 37058.9372836
1.1125e+13 1.39583333333 42811.0512384
1.1125e+13 1.41041666667 52016.9110164
1.1125e+13 1.425 62600.7799872
1.1125e+13 1.43958333333 76292.1384596
1.1125e+13 1.45416666667 91717.8064712
1.1125e+13 1.46875 109260.591719
1.1125e+13 1.48333333333 134092.565319
1.1125e+13 1.49791666667 158461.278341
1.1125e+13 1.5125 194441.902105
1.1125e+13 1.52708333333 233739.921404
1.1125e+13 1.54166666667 288711.513474
1.1125e+13 1.55625 347759.930068
1.1125e+13 1.57083333333 428993.642376
1.1125e+13 1.58541666667 514103.3957
1.1125e+13 1.6 625945.039305
1.125e+13 1.25 7565.48267845
1.125e+13 1.26458333333 8984.64666614
1.125e+13 1.27916666667 10601.8414545
1.125e+13 1.29375 12378.810891
1.125e+13 1.30833333333 14576.6615349
1.125e+13 1.32291666667 17316.6648965
1.125e+13 1.3375 20916.2776086
1.125e+13 1.35208333333 24331.3287015
1.125e+13 1.36666666667 29291.570373
1.125e+13 1.38125 35858.4129313
1.125e+13 1.39583333333 41896.4339973
1.125e+13 1.41041666667 49179.8386681
1.125e+13 1.425 59814.1551513
1.125e+13 1.43958333333 71284.4335498
1.125e+13 1.45416666667 86035.5623295
1.125e+13 1.46875 104725.886897
1.125e+13 1.48333333333 125830.151814
1.125e+13 1.49791666667 153130.348528
1.125e+13 1.5125 184380.510342
1.125e+13 1.52708333333 221091.735924
1.125e+13 1.54166666667 269123.02614
1.125e+13 1.55625 332909.501821
1.125e+13 1.57083333333 393199.065247
1.125e+13 1.58541666667 482214.496002
1.125e+13 1.6 590930.303881
1.1375e+13 1.25 7150.74391369
1.1375e+13 1.26458333333 8693.82743014
1.1375e+13 1.27916666667 9969.36930821
1.1375e+13 1.29375 11926.712342
1.1375e+13 1.30833333333 13976.9299327
1.1375e+13 1.32291666667 16243.0073364
1.1375e+13 1.3375 19776.7925806
1.1375e+13 1.35208333333 23372.1989103
1.1375e+13 1.36666666667 28047.7265627
1.1375e+13 1.38125 33346.3782173
1.1375e+13 1.39583333333 39586.4124109
1.1375e+13 1.41041666667 47060.2716761
1.1375e+13 1.425 56303.5220613
1.1375e+13 1.43958333333 65803.4422534
1.1375e+13 1.45416666667 81936.9737852
1.1375e+13 1.46875 97619.0294904
1.1375e+13 1.48333333333 118978.069176
1.1375e+13 1.49791666667 140879.05439
1.1375e+13 1.5125 173630.38114
1.1375e+13 1.52708333333 210128.34912
1.1375e+13 1.54166666667 254492.731035
1.1375e+13 1.55625 308023.293871
1.1375e+13 1.57083333333 374951.539243
1.1375e+13 1.58541666667 460479.790446
1.1375e+13 1.6 545340.049444
1.15e+13 1.25 6915.56735804
1.15e+13 1.26458333333 8067.09133798
1.15e+13 1.27916666667 9633.11204362
1.15e+13 1.29375 11240.4763385
1.15e+13 1.30833333333 13243.1659549
1.15e+13 1.32291666667 15614.1606742
1.15e+13 1.3375 18373.8697605
1.15e+13 1.35208333333 21498.4920504
1.15e+13 1.36666666667 26279.8220574
1.15e+13 1.38125 31330.9135445
1.15e+13 1.39583333333 36766.0128577
1.15e+13 1.41041666667 44339.4369053
1.15e+13 1.425 54365.2603483
1.15e+13 1.43958333333 64043.9370501
1.15e+13 1.45416666667 77191.0337248
1.15e+13 1.46875 94762.8193983
1.15e+13 1.48333333333 115588.382731
1.15e+13 1.49791666667 134421.022765
1.15e+13 1.5125 161960.655311
1.15e+13 1.52708333333 199668.353212
1.15e+13 1.54166666667 238271.719007
1.15e+13 1.55625 293352.57405
1.15e+13 1.57083333333 352391.323609
1.15e+13 1.58541666667 429833.060809
1.15e+13 1.6 520931.258399
1.1625e+13 1.25 6652.66023124
1.1625e+13 1.26458333333 7663.18466567
1.1625e+13 1.27916666667 8940.57659273
1.1625e+13 1.29375 10591.3605124
1.1625e+13 1.30833333333 12565.8351606
1.1625e+13 1.32291666667 14887.7203419
1.1625e+13 1.3375 17627.2182951
1.1625e+13 1.35208333333 20845.1553994
1.1625e+13 1.36666666667 24574.7650188
1.1625e+13 1.38125 29573.1512338
1.1625e+13 1.39583333333 35621.1347469
1.1625e+13 1.41041666667 42244.1925081
1.1625e+13 1.425 51593.570873
1.1625e+13 1.43958333333 61742.0701406
1.1625e+13 1.45416666667 71479.1382201
1.1625e+13 1.46875 86916.776517
1.1625e+13 1.48333333333 107260.82014
1.1625e+13 1.49791666667 128419.407982
1.1625e+13 1.5125 155120.000942
1.1625e+13 1.52708333333 189487.510132
1.1625e+13 1.54166666667 230583.03798
1.1625e+13 1.55625 274805.314969
1.1625e+13 1.57083333333 334854.678699
1.1625e+13 1.58541666667 400486.55589
1.1625e+13 1.6 493115.143433
1.175e+13 1.25 6425.97460414
1.175e+13 1.26458333333 7439.32711059
1.175e+13 1.27916666667 8506.71488409
1.175e+13 1.29375 10305.5994617
1.175e+13 1.30833333333 11979.9373893
1.175e+13 1.32291666667 14225.9052451
1.175e+13 1.3375 16645.5377583
1.175e+13 1.35208333333 20189.1318363
1.175e+13 1.36666666667 24008.6886908
1.175e+13 1.38125 28246.3202753
1.175e+13 1.39583333333 33772.1209186
1.175e+13 1.41041666667 40140.5577568
1.175e+13 1.425 48361.828482
1.175e+13 1.43958333333 55902.8644757
1.175e+13 1.45416666667 68266.739851
1.175e+13 1.46875 82339.8636363
1.175e+13 1.48333333333 100051.403914
1.175e+13 1.49791666667 120149.414024
1.175e+13 1.5125 145469.546854
1.175e+13 1.52708333333 177477.270919
1.175e+13 1.54166666667 211844.784035
1.175e+13 1.55625 258434.151436
1.175e+13 1.57083333333 314261.878344
1.175e+13 1.58541666667 378735.31432
1.175e+13 1.6 463354.122466
1.1875e+13 1.25 6117.13088028
1.1875e+13 1.26458333333 7050.82348646
1.1875e+13 1.27916666667 8279.61524122
1.1875e+13 1.29375 9731.68829073
1.1875e+13 1.30833333333 11459.5672073
1.1875e+13 1.32291666667 13472.6966289
1.1875e+13 1.3375 15886.8595254
1.1875e+13 1.35208333333 18844.9141631
1.1875e+13 1.36666666667 22635.5393152
1.1875e+13 1.38125 26403.0273179
1.1875e+13 1.39583333333 31761.0521896
1.1875e+13 1.41041666667 37940.5241468
1.1875e+13 1.425 45298.1042956
1.1875e+13 1.43958333333 54532.4806642
1.1875e+13 1.45416666667 66001.8135152
1.1875e+13 1.46875 78896.031488
1.1875e+13 1.48333333333 93912.3449903
1.1875e+13 1.49791666667 112504.146157
1.1875e+13 1.5125 136911.662232
1.1875e+13 1.52708333333 168307.88328
1.1875e+13 1.54166666667 201854.717118
1.1875e+13 1.55625 244824.68689
1.1875e+13 1.57083333333 292365.177751
1.1875e+13 1.58541666667 360142.995798
1.1875e+13 1.6 429962.127941
1.2e+13 1.25 5884.92762824
1.2e+13 1.26458333333 6803.20340737
1.2e+13 1.27916666667 7810.55530463
1.2e+13 1.29375 9298.56510709
1.2e+13 1.30833333333 10939.0097241
1.2e+13 1.32291666667 12705.7039503
1.2e+13 1.3375 15402.0442829
1.2e+13 1.35208333333 17812.8148405
1.2e+13 1.36666666667 21372.2672826
1.2e+13 1.38125 24968.2607418
1.2e+13 1.39583333333 30357.853182
1.2e+13 1.41041666667 35627.6276091
1.2e+13 1.425 42265.0880774
1.2e+13 1.43958333333 52654.3134679
1.2e+13 1.45416666667 62948.8746575
1.2e+13 1.46875 74881.2174592
1.2e+13 1.48333333333 87909.6627197
1.2e+13 1.49791666667 108195.570591
1.2e+13 1.5125 130624.068072
1.2e+13 1.52708333333 158165.862115
1.2e+13 1.54166666667 191855.969634
1.2e+13 1.55625 233029.716906
1.2e+13 1.57083333333 278341.924857
1.2e+13 1.58541666667 344494.360315
1.2e+13 1.6 408030.932199
1.2125e+13 1.25 5491.19397577
1.2125e+13 1.26458333333 6569.85354982
1.2125e+13 1.27916666667 7496.5729614
1.2125e+13 1.29375 8883.77374931
1.2125e+13 1.30833333333 10551.1396217
1.2125e+13 1.32291666667 12356.2806086
1.2125e+13 1.3375 14023.9677552
1.2125e+13 1.35208333333 17163.8744856
1.2125e+13 1.36666666667 19926.6421268
1.2125e+13 1.38125 24498.8955876
1.2125e+13 1.39583333333 28960.8536032
1.2125e+13 1.41041666667 34021.5510553
1.2125e+13 1.425 41317.3330523
1.2125e+13 1.43958333333 49230.9822422
1.2125e+13 1.45416666667 59235.2433989
1.2125e+13 1.46875 71479.4977904
1.2125e+13 1.48333333333 85088.9021691
1.2125e+13 1.49791666667 102905.842749
1.2125e+13 1.5125 124956.711155
1.2125e+13 1.52708333333 147270.685433
1.2125e+13 1.54166666667 180682.805461
1.2125e+13 1.55625 217042.095528
1.2125e+13 1.57083333333 262141.792941
1.2125e+13 1.58541666667 320549.53283
1.2125e+13 1.6 385367.310824
1.225e+13 1.25 5414.48322548
1.225e+13 1.26458333333 6285.64321246
1.225e+13 1.27916666667 7219.47592784
1.225e+13 1.29375 8489.00738239
1.225e+13 1.30833333333 9732.49413937
1.225e+13 1.32291666667 11754.2000852
1.225e+13 1.3375 13886.436295
1.225e+13 1.35208333333 16225.8206382
1.225e+13 1.36666666667 19176.8039744
1.225e+13 1.38125 23372.1230989
1.225e+13 1.39583333333 27135.5160417
1.225e+13 1.41041666667 32603.1169032
1.225e+13 1.425 39147.9459555
1.225e+13 1.43958333333 45873.8436276
1.225e+13 1.45416666667 56455.0075859
1.225e+13 1.46875 67120.0589254
1.225e+13 1.48333333333 81473.3334993
1.225e+13 1.49791666667 98423.214334
1.225e+13 1.5125 117476.792292
1.225e+13 1.52708333333 141290.17598
1.225e+13 1.54166666667 170028.078025
1.225e+13 1.55625 208891.058435
1.225e+13 1.57083333333 250096.762734
1.225e+13 1.58541666667 301172.448637
1.225e+13 1.6 368030.729922
1.2375e+13 1.25 5212.07219736
1.2375e+13 1.26458333333 5978.79972053
1.2375e+13 1.27916666667 6818.40749358
1.2375e+13 1.29375 8163.95308014
1.2375e+13 1.30833333333 9551.01844732
1.2375e+13 1.32291666667 11182.9289274
1.2375e+13 1.3375 13162.1511673
1.2375e+13 1.35208333333 15531.5560189
1.2375e+13 1.36666666667 18301.7924137
1.2375e+13 1.38125 21837.1564354
1.2375e+13 1.39583333333 25805.9453767
1.2375e+13 1.41041666667 31166.2940317
1.2375e+13 1.425 36860.0287899
1.2375e+13 1.43958333333 44562.6554876
1.2375e+13 1.45416666667 52917.469153
1.2375e+13 1.46875 63827.1581154
1.2375e+13 1.48333333333 77482.3082759
1.2375e+13 1.49791666667 90466.6720845
1.2375e+13 1.5125 110360.047246
1.2375e+13 1.52708333333 134847.712862
1.2375e+13 1.54166666667 162877.824013
1.2375e+13 1.55625 196063.651241
1.2375e+13 1.57083333333 236864.794904
1.2375e+13 1.58541666667 284198.489767
1.2375e+13 1.6 344471.048395
1.25e+13 1.25 4929.49532887
1.25e+13 1.26458333333 5705.27672517
1.25e+13 1.27916666667 6630.214054
1.25e+13 1.29375 7689.01582986
1.25e+13 1.30833333333 9046.63153413
1.25e+13 1.32291666667 10782.2465668
1.25e+13 1.3375 12460.7738437
1.25e+13 1.35208333333 14844.1853156
1.25e+13 1.36666666667 17631.2561885
1.25e+13 1.38125 20916.6120775
1.25e+13 1.39583333333 24535.1756337
1.25e+13 1.41041666667 29495.2204782
1.25e+13 1.425 35559.0251907
1.25e+13 1.43958333333 42148.0709442
1.25e+13 1.45416666667 49876.9233287
1.25e+13 1.46875 59578.7576976
1.25e+13 1.48333333333 71624.6689197
1.25e+13 1.49791666667 88208.2834967
1.25e+13 1.5125 103473.147718
1.25e+13 1.52708333333 127627.538402
1.25e+13 1.54166666667 150486.807029
1.25e+13 1.55625 183865.525298
1.25e+13 1.57083333333 223860.247185
1.25e+13 1.58541666667 273186.626767
1.25e+13 1.6 326074.610571
1.2625e+13 1.25 4725.0392411
1.2625e+13 1.26458333333 5536.25887192
1.2625e+13 1.27916666667 6481.78976784
1.2625e+13 1.29375 7450.56506205
1.2625e+13 1.30833333333 8630.84775584
1.2625e+13 1.32291666667 10064.7428625
1.2625e+13 1.3375 11841.0128312
1.2625e+13 1.35208333333 14090.8541002
1.2625e+13 1.36666666667 16318.3130749
1.2625e+13 1.38125 19893.1032493
1.2625e+13 1.39583333333 23595.1317235
1.2625e+13 1.41041666667 28199.711965
1.2625e+13 1.425 32834.5654533
1.2625e+13 1.43958333333 39917.8752434
1.2625e+13 1.45416666667 47637.605241
1.2625e+13 1.46875 56912.5784697
1.2625e+13 1.48333333333 67997.0237484
1.2625e+13 1.49791666667 82398.9210262
1.2625e+13 1.5125 98731.5107527
1.2625e+13 1.52708333333 119575.6258
1.2625e+13 1.54166666667 144543.632641
1.2625e+13 1.55625 172285.811097
1.2625e+13 1.57083333333 211991.904799
1.2625e+13 1.58541666667 253258.365908
1.2625e+13 1.6 314588.300487
1.275e+13 1.25 4597.0283558
1.275e+13 1.26458333333 5386.67843309
1.275e+13 1.27916666667 6094.64212605
1.275e+13 1.29375 7131.62174851
1.275e+13 1.30833333333 8229.6391981
1.275e+13 1.32291666667 9841.09927115
1.275e+13 1.3375 11345.5695937
1.275e+13 1.35208333333 13388.9044926
1.275e+13 1.36666666667 15972.7595044
1.275e+13 1.38125 18847.0857479
1.275e+13 1.39583333333 22582.7761775
1.275e+13 1.41041666667 26542.73387
1.275e+13 1.425 31885.8718492
1.275e+13 1.43958333333 38448.3981807
1.275e+13 1.45416666667 44719.5534561
1.275e+13 1.46875 53725.5004303
1.275e+13 1.48333333333 66656.9888009
1.275e+13 1.49791666667 77480.6092435
1.275e+13 1.5125 94849.4877761
1.275e+13 1.52708333333 113515.507351
1.275e+13 1.54166666667 138017.210102
1.275e+13 1.55625 164123.170195
1.275e+13 1.57083333333 196527.171115
1.275e+13 1.58541666667 244607.303593
1.275e+13 1.6 293180.856667
1.2875e+13 1.25 4314.24850111
1.2875e+13 1.26458333333 5052.80531349
1.2875e+13 1.27916666667 5802.73783668
1.2875e+13 1.29375 6612.01046276
1.2875e+13 1.30833333333 7984.95564181
1.2875e+13 1.32291666667 9376.45977991
1.2875e+13 1.3375 10892.0673943
1.2875e+13 1.35208333333 12603.9684481
1.2875e+13 1.36666666667 15300.0958379
1.2875e+13 1.38125 18071.2964497
1.2875e+13 1.39583333333 21005.7103862
1.2875e+13 1.41041666667 25250.7757626
1.2875e+13 1.425 29842.7595093
1.2875e+13 1.43958333333 35942.9744715
1.2875e+13 1.45416666667 42536.2536668
1.2875e+13 1.46875 51498.4942131
1.2875e+13 1.48333333333 61460.3163178
1.2875e+13 1.49791666667 74689.0133946
1.2875e+13 1.5125 88796.8526949
1.2875e+13 1.52708333333 108624.526713
1.2875e+13 1.54166666667 130100.232065
1.2875e+13 1.55625 159862.224405
1.2875e+13 1.57083333333 187436.664137
1.2875e+13 1.58541666667 225429.729483
1.2875e+13 1.6 273961.347195
1.3e+13 1.25 4128.7308704
1.3e+13 1.26458333333 4802.96943445
1.3e+13 1.27916666667 5473.12327823
1.3e+13 1.29375 6637.39981418
1.3e+13 1.30833333333 7655.8386043
1.3e+13 1.32291666667 8877.26965824
1.3e+13 1.3375 10447.3861399
1.3e+13 1.35208333333 12161.101575
1.3e+13 1.36666666667 14462.7206454
1.3e+13 1.38125 16921.2291123
1.3e+13 1.39583333333 20305.1947363
1.3e+13 1.41041666667 23951.19197
1.3e+13 1.425 29046.5959926
1.3e+13 1.43958333333 34039.6180468
1.3e+13 1.45416666667 40441.0361998
1.3e+13 1.46875 48191.6792192
1.3e+13 1.48333333333 58592.7120987
1.3e+13 1.49791666667 69908.6691367
1.3e+13 1.5125 86884.1016189
1.3e+13 1.52708333333 102427.237289
1.3e+13 1.54166666667 123517.364189
1.3e+13 1.55625 147458.469309
1.3e+13 1.57083333333 182909.402098
1.3e+13 1.58541666667 215606.056669
1.3e+13 1.6 258182.477265
1e+14 1.25 259.883321381
1e+14 1.26458333333 259.575989337
1e+14 1.27916666667 259.322556751
1e+14 1.29375 259.419636678
1e+14 1.30833333333 259.372751068
1e+14 1.32291666667 258.952161145
1e+14 1.3375 258.613587562
1e+14 1.35208333333 258.760457709
1e+14 1.36666666667 259.344996752
1e+14 1.38125 259.031451174
1e+14 1.39583333333 259.049399116
1e+14 1.41041666667 258.745877523
1e+14 1.425 258.890790047
1e+14 1.43958333333 259.011011378
1e+14 1.45416666667 258.372924517
1e+14 1.46875 258.972601678
1e+14 1.48333333333 259.486547837
1e+14 1.49791666667 258.882201727
1e+14 1.5125 258.674079904
1e+14 1.52708333333 258.819895882
1e+14 1.54166666667 258.871640497
1e+14 1.55625 258.421924888
1e+14 1.57083333333 259.698984049
1e+14 1.58541666667 259.066262208
1e+14 1.6 259.406415487
1.0125e+14 1.25 258.965450516
1.0125e+14 1.26458333333 259.800723857
1.0125e+14 1.27916666667 259.701598671
1.0125e+14 1.29375 258.921435149
1.0125e+14 1.30833333333 259.202246614
1.0125e+14 1.32291666667 259.351028414
1.0125e+14 1.3375 259.438262827
1.0125e+14 1.35208333333 258.732069934
1.0125e+14 1.36666666667 258.743938758
1.0125e+14 1.38125 258.831383322
1.0125e+14 1.39583333333 258.880423534
1.0125e+14 1.41041666667 258.577018093
1.0125e+14 1.425 259.308844374
1.0125e+14 1.43958333333 258.823272318
1.0125e+14 1.45416666667 259.158589924
1.0125e+14 1.46875 258.741941755
1.0125e+14 1.48333333333 258.619069385
1.0125e+14 1.49791666667 259.049697456
1.0125e+14 1.5125 258.569943926
1.0125e+14 1.52708333333 258.924842678
1.0125e+14 1.54166666667 258.914183119
1.0125e+14 1.55625 258.856112841
1.0125e+14 1.57083333333 259.279830853
1.0125e+14 1.58541666667 259.339004263
1.0125e+14 1.6 258.661970239
1.025e+14 1.25 259.880361026
1.025e+14 1.26458333333 259.548695015
1.025e+14 1.27916666667 258.834934352
1.025e+14 1.29375 258.804979466
1.025e+14 1.30833333333 259.323391266
1.025e+14 1.32291666667 259.015034478
1.025e+14 1.3375 259.190792058
1.025e+14 1.35208333333 259.343355093
1.025e+14 1.36666666667 258.958769242
1.025e+14 1.38125 258.515944589
1.025e+14 1.39583333333 259.192073024
1.025e+14 1.41041666667 258.91327068
1.025e+14 1.425 258.585555749
1.025e+14 1.43958333333 259.217705535
1.025e+14 1.45416666667 258.874645045
1.025e+14 1.46875 258.78565761
1.025e+14 1.48333333333 259.15571939
1.025e+14 1.49791666667 258.504093824
1.025e+14 1.5125 259.130780191
1.025e+14 1.52708333333 258.825938335
1.025e+14 1.54166666667 259.020596276
1.025e+14 1.55625 258.498782791
1.025e+14 1.57083333333 258.784874738
1.025e+14 1.58541666667 259.03316947
1.025e+14 1.6 258.93928831
1.0375e+14 1.25 259.821298071
1.0375e+14 1.26458333333 259.431430877
1.0375e+14 1.27916666667 259.097088272
1.0375e+14 1.29375 258.697872527
1.0375e+14 1.30833333333 258.875528991
1.0375e+14 1.32291666667 259.344206611
1.0375e+14 1.3375 259.098590303
1.0375e+14 1.35208333333 258.555000682
1.0375e+14 1.36666666667 259.105433544
1.0375e+14 1.38125 259.034669354
1.0375e+14 1.39583333333 259.066773372
1.0375e+14 1.41041666667 258.883789607
1.0375e+14 1.425 258.754985149
1.0375e+14 1.43958333333 259.035451149
1.0375e+14 1.45416666667 259.270177512
1.0375e+14 1.46875 259.260141147
1.0375e+14 1.48333333333 258.79194034
1.0375e+14 1.49791666667 259.183548384
1.0375e+14 1.5125 259.448632399
1.0375e+14 1.52708333333 258.983708038
1.0375e+14 1.54166666667 258.737250377
1.0375e+14 1.55625 259.276901185
1.0375e+14 1.57083333333 258.870898494
1.0375e+14 1.58541666667 258.122577155
1.0375e+14 1.6 259.300748809
1.05e+14 1.25 259.096091417
1.05e+14 1.26458333333 259.3420443
1.05e+14 1.27916666667 258.879996319
1.05e+14 1.29375 259.233491426
1.05e+14 1.30833333333 259.03323481
1.05e+14 1.32291666667 259.264084478
1.05e+14 1.3375 259.101785166
1.05e+14 1.35208333333 259.068694882
1.05e+14 1.36666666667 258.825385864
1.05e+14 1.38125 259.050877399
1.05e+14 1.39583333333 259.226818321
1.05e+14 1.41041666667 258.998399597
1.05e+14 1.425 258.773199987
1.05e+14 1.43958333333 258.303354907
1.05e+14 1.45416666667 258.349048799
1.05e+14 1.46875 258.694189222
1.05e+14 1.48333333333 259.570980927
1.05e+14 1.49791666667 258.943836065
1.05e+14 1.5125 259.114256959
1.05e+14 1.52708333333 259.107062504
1.05e+14 1.54166666667 259.20904482
1.05e+14 1.55625 258.323396834
1.05e+14 1.57083333333 258.898289894
1.05e+14 1.58541666667 258.269462247
1.05e+14 1.6 258.485273987
1.0625e+14 1.25 259.063983895
1.0625e+14 1.26458333333 258.903808865
1.0625e+14 1.27916666667 259.538949379
1.0625e+14 1.29375 259.283101601
1.0625e+14 1.30833333333 259.107708293
1.0625e+14 1.32291666667 259.622933142
1.0625e+14 1.3375 258.650144609
1.0625e+14 1.35208333333 258.856190434
1.0625e+14 1.36666666667 258.785678461
1.0625e+14 1.38125 258.932751015
1.0625e+14 1.39583333333 258.302161655
1.0625e+14 1.41041666667 258.747254501
1.0625e+14 1.425 259.266324378
1.0625e+14 1.43958333333 258.935077004
1.0625e+14 1.45416666667 259.254795372
1.0625e+14 1.46875 258.754555368
1.0625e+14 1.48333333333 258.625383094
1.0625e+14 1.49791666667 258.559928265
1.0625e+14 1.5125 258.925126494
1.0625e+14 1.52708333333 258.369206321
1.0625e+14 1.54166666667 259.656620642
1.0625e+14 1.55625 258.184687986
1.0625e+14 1.57083333333 258.487678973
1.0625e+14 1.58541666667 259.281049317
1.0625e+14 1.6 258.940213251
1.075e+14 1.25 259.246236535
1.075e+14 1.26458333333 259.241553456
1.075e+14 1.27916666667 259.02735164
1.075e+14 1.29375 259.452085267
1.075e+14 1.30833333333 258.544091199
1.075e+14 1.32291666667 258.821984247
1.075e+14 1.3375 258.61438686
1.075e+14 1.35208333333 259.354014828
1.075e+14 1.36666666667 258.98506331
1.075e+14 1.38125 259.043293178
1.075e+14 1.39583333333 258.816471266
1.075e+14 1.41041666667 258.740436465
1.075e+14 1.425 258.615972498
1.075e+14 1.43958333333 259.460753724
1.075e+14 1.45416666667 258.758000946
1.075e+14 1.46875 258.412858234
1.075e+14 1.48333333333 258.603730359
1.075e+14 1.49791666667 258.74279894
1.075e+14 1.5125 258.907766454
1.075e+14 1.52708333333 258.44585876
1.075e+14 1.54166666667 259.014200421
1.075e+14 1.55625 258.842945522
1.075e+14 1.57083333333 258.829405319
1.075e+14 1.58541666667 258.812810384
1.075e+14 1.6 258.651998547
1.0875e+14 1.25 258.649982406
1.0875e+14 1.26458333333 259.361669787
1.0875e+14 1.27916666667 258.487862104
1.0875e+14 1.29375 259.145146375
1.0875e+14 1.30833333333 259.051767593
1.0875e+14 1.32291666667 259.116396089
1.0875e+14 1.3375 258.871513001
1.0875e+14 1.35208333333 259.046951858
1.0875e+14 1.36666666667 259.098332387
1.0875e+14 1.38125 258.547383894
1.0875e+14 1.39583333333 258.927289218
1.0875e+14 1.41041666667 258.428194259
1.0875e+14 1.425 258.486478453
1.0875e+14 1.43958333333 258.559844026
1.0875e+14 1.45416666667 258.434633401
1.0875e+14 1.46875 258.420310848
1.0875e+14 1.48333333333 258.481364763
1.0875e+14 1.49791666667 259.018067052
1.0875e+14 1.5125 259.022068131
1.0875e+14 1.52708333333 258.38682284
1.0875e+14 1.54166666667 258.861245059
1.0875e+14 1.55625 258.251166706
1.0875e+14 1.57083333333 258.675071324
1.0875e+14 1.58541666667 258.562405791
1.0875e+14 1.6 258.840239393
1.1e+14 1.25 258.513428563
1.1e+14 1.26458333333 259.109034506
1.1e+14 1.27916666667 259.168873756
1.1e+14 1.29375 259.2199344
1.1e+14 1.30833333333 259.004892452
1.1e+14 1.32291666667 258.267022989
1.1e+14 1.3375 259.270818402
1.1e+14 1.35208333333 259.325339566
1.1e+14 1.36666666667 258.902294326
1.1e+14 1.38125 259.064185216
1.1e+14 1.39583333333 259.216425859
1.1e+14 1.41041666667 258.695133238
1.1e+14 1.425 258.771420922
1.1e+14 1.43958333333 258.70458356
1.1e+14 1.45416666667 258.308532863
1.1e+14 1.46875 258.624951603
1.1e+14 1.48333333333 258.884523869
1.1e+14 1.49791666667 258.452127935
1.1e+14 1.5125 258.40132759
1.1e+14 1.52708333333 258.231767688
1.1e+14 1.54166666667 258.637435063
1.1e+14 1.55625 258.565691808
1.1e+14 1.57083333333 258.765501476
1.1e+14 1.58541666667 258.670522427
1.1e+14 1.6 258.61225479
1.1125e+14 1.25 258.746254457
1.1125e+14 1.26458333333 259.199312286
1.1125e+14 1.27916666667 259.071433017
1.1125e+14 1.29375 258.833123179
1.1125e+14 1.30833333333 258.483723806
1.1125e+14 1.32291666667 259.075878044
1.1125e+14 1.3375 259.097025102
1.1125e+14 1.35208333333 258.919802102
1.1125e+14 1.36666666667 258.873878691
1.1125e+14 1.38125 258.682535127
1.1125e+14 1.39583333333 258.401144695
1.1125e+14 1.41041666667 258.932323792
1.1125e+14 1.425 258.53563493
1.1125e+14 1.43958333333 259.008095358
1.1125e+14 1.45416666667 257.957528656
1.1125e+14 1.46875 257.921063
1.1125e+14 1.48333333333 258.706736593
1.1125e+14 1.49791666667 258.552384959
1.1125e+14 1.5125 258.583083926
1.1125e+14 1.52708333333 258.837896686
1.1125e+14 1.54166666667 258.587248729
1.1125e+14 1.55625 258.483566126
1.1125e+14 1.57083333333 258.535126571
1.1125e+14 1.58541666667 258.329402024
1.1125e+14 1.6 258.593355868
1.125e+14 1.25 259.25391274
1.125e+14 1.26458333333 258.774983223
1.125e+14 1.27916666667 259.006166538
1.125e+14 1.29375 259.12719809
1.125e+14 1.30833333333 258.229392732
1.125e+14 1.32291666667 258.796914778
1.125e+14 1.3375 258.745386471
1.125e+14 1.35208333333 258.692767273
1.125e+14 1.36666666667 258.286795807
1.125e+14 1.38125 258.575202154
1.125e+14 1.39583333333 258.905305237
1.125e+14 1.41041666667 258.432789682
1.125e+14 1.425 258.250117658
1.125e+14 1.43958333333 258.159759349
1.125e+14 1.45416666667 258.85080331
1.125e+14 1.46875 258.032963141
1.125e+14 1.48333333333 258.296825432
1.125e+14 1.49791666667 258.840644744
1.125e+14 1.5125 258.051979879
1.125e+14 1.52708333333 258.535413775
1.125e+14 1.54166666667 258.467365133
1.125e+14 1.55625 258.015571427
1.125e+14 1.57083333333 258.686679497
1.125e+14 1.58541666667 258.797258371
1.125e+14 1.6 258.863806174
1.1375e+14 1.25 259.397045383
1.1375e+14 1.26458333333 258.868230385
1.1375e+14 1.27916666667 259.174222052
1.1375e+14 1.29375 259.065675374
1.1375e+14 1.30833333333 259.094666134
1.1375e+14 1.32291666667 258.652981754
1.1375e+14 1.3375 258.609214812
1.1375e+14 1.35208333333 259.231457501
1.1375e+14 1.36666666667 258.930214857
1.1375e+14 1.38125 258.190705513
1.1375e+14 1.39583333333 258.323560899
1.1375e+14 1.41041666667 258.257381569
1.1375e+14 1.425 258.004969185
1.1375e+14 1.43958333333 258.777526053
1.1375e+14 1.45416666667 258.698997534
1.1375e+14 1.46875 258.77040459
1.1375e+14 1.48333333333 258.850634034
1.1375e+14 1.49791666667 258.377636693
1.1375e+14 1.5125 258.754645697
1.1375e+14 1.52708333333 258.351786022
1.1375e+14 1.54166666667 258.808957441
1.1375e+14 1.55625 258.362575989
1.1375e+14 1.57083333333 258.807509756
1.1375e+14 1.58541666667 258.255151097
1.1375e+14 1.6 258.845490984
1.15e+14 1.25 259.114095606
1.15e+14 1.26458333333 259.309728485
1.15e+14 1.27916666667 258.78635869
1.15e+14 1.29375 258.78597562
1.15e+14 1.30833333333 259.000360015
1.15e+14 1.32291666667 258.739917334
1.15e+14 1.3375 258.691088773
1.15e+14 1.35208333333 258.737248509
1.15e+14 1.36666666667 258.314620703
1.15e+14 1.38125 258.552656522
1.15e+14 1.39583333333 259.136513062
1.15e+14 1.41041666667 258.752329357
1.15e+14 1.425 258.991935121
1.15e+14 1.43958333333 258.776549962
1.15e+14 1.45416666667 258.438754645
1.15e+14 1.46875 258.503311492
1.15e+14 1.48333333333 258.146458917
1.15e+14 1.49791666667 258.69575611
1.15e+14 1.5125 258.626175912
1.15e+14 1.52708333333 258.216869449
1.15e+14 1.54166666667 258.124459775
1.15e+14 1.55625 258.395455785
1.15e+14 1.57083333333 258.36273922
1.15e+14 1.58541666667 258.400819673
1.15e+14 1.6 258.663212657
1.1625e+14 1.25 258.711937181
1.1625e+14 1.26458333333 259.39871541
1.1625e+14 1.27916666667 259.436567991
1.1625e+14 1.29375 259.451026151
1.1625e+14 1.30833333333 258.968338371
1.1625e+14 1.32291666667 258.204850838
1.1625e+14 1.3375 258.963801007
1.1625e+14 1.35208333333 258.594424481
1.1625e+14 1.36666666667 258.573150612
1.1625e+14 1.38125 259.04924314
1.1625e+14 1.39583333333 258.404743849
1.1625e+14 1.41041666667 258.847369908
1.1625e+14 1.425 258.682058367
1.1625e+14 1.43958333333 258.776159608
1.1625e+14 1.45416666667 258.451443065
1.1625e+14 1.46875 258.286248215
1.1625e+14 1.48333333333 258.5744933
1.1625e+14 1.49791666667 258.584700607
1.1625e+14 1.5125 258.733524808
1.1625e+14 1.52708333333 259.065387978
1.1625e+14 1.54166666667 258.243138316
1.1625e+14 1.55625 258.493749298
1.1625e+14 1.57083333333 258.68634186
1.1625e+14 1.58541666667 258.449829853
1.1625e+14 1.6 258.34780194
1.175e+14 1.25 259.02894488
1.175e+14 1.26458333333 259.094176004
1.175e+14 1.27916666667 259.557988646
1.175e+14 1.29375 259.033174513
1.175e+14 1.30833333333 258.432007622
1.175e+14 1.32291666667 258.690214899
1.175e+14 1.3375 258.583200861
1.175e+14 1.35208333333 259.043411405
1.175e+14 1.36666666667 258.747114588
1.175e+14 1.38125 258.768505175
1.175e+14 1.39583333333 258.478983069
1.175e+14 1.41041666667 258.685806916
1.175e+14 1.425 258.529231187
1.175e+14 1.43958333333 258.542807329
1.175e+14 1.45416666667 258.650160024
1.175e+14 1.46875 258.850683694
1.175e+14 1.48333333333 258.931021209
1.175e+14 1.49791666667 258.357438144
1.175e+14 1.5125 258.277654586
1.175e+14 1.52708333333 258.289745846
1.175e+14 1.54166666667 258.491198589
1.175e+14 1.55625 258.405127287
1.175e+14 1.57083333333 258.106408377
1.175e+14 1.58541666667 258.731873791
1.175e+14 1.6 258.859710827
1.1875e+14 1.25 259.156089133
1.1875e+14 1.26458333333 259.031679523
1.1875e+14 1.27916666667 259.112921761
1.1875e+14 1.29375 258.937098845
1.1875e+14 1.30833333333 258.575156359
1.1875e+14 1.32291666667 258.421810616
1.1875e+14 1.3375 258.805164363
1.1875e+14 1.35208333333 258.724686315
1.1875e+14 1.36666666667 258.402972674
1.1875e+14 1.38125 258.235160532
1.1875e+14 1.39583333333 258.490058028
1.1875e+14 1.41041666667 258.149523891
1.1875e+14 1.425 258.527643674
1.1875e+14 1.43958333333 258.248177032
1.1875e+14 1.45416666667 258.921045528
1.1875e+14 1.46875 258.306736118
1.1875e+14 1.48333333333 258.367055369
1.1875e+14 1.49791666667 258.213661159
1.1875e+14 1.5125 258.32959226
1.1875e+14 1.52708333333 258.567336759
1.1875e+14 1.54166666667 258.183489427
1.1875e+14 1.55625 258.743308578
1.1875e+14 1.57083333333 258.889532809
1.1875e+14 1.58541666667 258.5010295
1.1875e+14 1.6 258.948504788
1.2e+14 1.25 258.671754173
1.2e+14 1.26458333333 258.913551681
1.2e+14 1.27916666667 258.782737643
1.2e+14 1.29375 258.619533396
1.2e+14 1.30833333333 258.999155868
1.2e+14 1.32291666667 258.954580359
1.2e+14 1.3375 258.637861158
1.2e+14 1.35208333333 257.857128936
1.2e+14 1.36666666667 258.416380365
1.2e+14 1.38125 258.412034986
1.2e+14 1.39583333333 258.419343178
1.2e+14 1.41041666667 258.256858712
1.2e+14 1.425 258.87881706
1.2e+14 1.43958333333 258.546536348
1.2e+14 1.45416666667 258.076887916
1.2e+14 1.46875 258.284575971
1.2e+14 1.48333333333 258.205391015
1.2e+14 1.49791666667 257.491029029
1.2e+14 1.5125 258.575730764
1.2e+14 1.52708333333 258.652715936
1.2e+14 1.54166666667 258.938962337
1.2e+14 1.55625 258.664780489
1.2e+14 1.57083333333 258.844155058
1.2e+14 1.58541666667 258.52933195
1.2e+14 1.6 259.014704137
1.2125e+14 1.25 258.864278728
1.2125e+14 1.26458333333 258.1417557
1.2125e+14 1.27916666667 259.082019055
1.2125e+14 1.29375 258.805587421
1.2125e+14 1.30833333333 258.885646915
1.2125e+14 1.32291666667 258.874202713
1.2125e+14 1.3375 258.478131214
1.2125e+14 1.35208333333 259.042997706
1.2125e+14 1.36666666667 258.322456909
1.2125e+14 1.38125 258.410748382
1.2125e+14 1.39583333333 258.48947264
1.2125e+14 1.41041666667 258.20163228
1.2125e+14 1.425 258.585140167
1.2125e+14 1.43958333333 258.216572249
1.2125e+14 1.45416666667 258.544919587
1.2125e+14 1.46875 258.5452146
1.2125e+14 1.48333333333 258.536905258
1.2125e+14 1.49791666667 258.073658803
1.2125e+14 1.5125 258.687365241
1.2125e+14 1.52708333333 258.461085374
1.2125e+14 1.54166666667 257.959781264
1.2125e+14 1.55625 258.672925292
1.2125e+14 1.57083333333 258.918906926
1.2125e+14 1.58541666667 258.485440038
1.2125e+14 1.6 258.95433724
1.225e+14 1.25 258.73565149
1.225e+14 1.26458333333 258.482741307
1.225e+14 1.27916666667 258.828692473
1.225e+14 1.29375 259.224764586
1.225e+14 1.30833333333 258.827526379
1.225e+14 1.32291666667 257.83522111
1.225e+14 1.3375 258.876693966
1.225e+14 1.35208333333 258.85043219
1.225e+14 1.36666666667 258.777169916
1.225e+14 1.38125 258.818662197
1.225e+14 1.39583333333 258.489581983
1.225e+14 1.41041666667 258.807203101
1.225e+14 1.425 258.946399601
1.225e+14 1.43958333333 258.15228183
1.225e+14 1.45416666667 258.49762236
1.225e+14 1.46875 258.646439911
1.225e+14 1.48333333333 258.607929598
1.225e+14 1.49791666667 258.74323744
1.225e+14 1.5125 258.685475408
1.225e+14 1.52708333333 259.195588878
1.225e+14 1.54166666667 258.851653111
1.225e+14 1.55625 258.729539174
1.225e+14 1.57083333333 258.834861798
1.225e+14 1.58541666667 258.09978415
1.225e+14 1.6 258.492398915
1.2375e+14 1.25 258.986327524
1.2375e+14 1.26458333333 258.57981332
1.2375e+14 1.27916666667 258.515184003
1.2375e+14 1.29375 258.703705338
1.2375e+14 1.30833333333 259.265458104
1.2375e+14 1.32291666667 258.733384652
1.2375e+14 1.3375 258.782036208
1.2375e+14 1.35208333333 258.285848469
1.2375e+14 1.36666666667 258.456871856
1.2375e+14 1.38125 258.795790421
1.2375e+14 1.39583333333 258.91333335
1.2375e+14 1.41041666667 258.716155884
1.2375e+14 1.425 258.475398575
1.2375e+14 1.43958333333 259.058390244
1.2375e+14 1.45416666667 258.682547843
1.2375e+14 1.46875 258.760980595
1.2375e+14 1.48333333333 258.794852312
1.2375e+14 1.49791666667 259.050507404
1.2375e+14 1.5125 258.653665122
1.2375e+14 1.52708333333 259.006104264
1.2375e+14 1.54166666667 258.720034197
1.2375e+14 1.55625 259.261856448
1.2375e+14 1.57083333333 258.508023702
1.2375e+14 1.58541666667 258.696592913
1.2375e+14 1.6 258.32430941
1.25e+14 1.25 258.778195826
1.25e+14 1.26458333333 259.002859335
1.25e+14 1.27916666667 258.877006557
1.25e+14 1.29375 258.859410549
1.25e+14 1.30833333333 258.552121148
1.25e+14 1.32291666667 258.640281135
1.25e+14 1.3375 258.980158807
1.25e+14 1.35208333333 258.573010121
1.25e+14 1.36666666667 258.850048011
1.25e+14 1.38125 258.252796367
1.25e+14 1.39583333333 258.3211237
1.25e+14 1.41041666667 258.766881755
1.25e+14 1.425 258.834277307
1.25e+14 1.43958333333 259.289179715
1.25e+14 1.45416666667 258.977212955
1.25e+14 1.46875 258.888602182
1.25e+14 1.48333333333 258.375960698
1.25e+14 1.49791666667 258.93893189
1.25e+14 1.5125 258.710726113
1.25e+14 1.52708333333 259.235692765
1.25e+14 1.54166666667 257.973599821
1.25e+14 1.55625 258.711985453
1.25e+14 1.57083333333 258.362588748
1.25e+14 1.58541666667 258.758624768
1.25e+14 1.6 258.56026934
1.2625e+14 1.25 258.559631131
1.2625e+14 1.26458333333 258.68024126
1.2625e+14 1.27916666667 258.479193275
1.2625e+14 1.29375 259.157477704
1.2625e+14 1.30833333333 259.380896707
1.2625e+14 1.32291666667 258.626412411
1.2625e+14 1.3375 258.810153295
1.2625e+14 1.35208333333 258.326077656
1.2625e+14 1.36666666667 258.494467824
1.2625e+14 1.38125 258.732413337
1.2625e+14 1.39583333333 258.641554085
1.2625e+14 1.41041666667 258.849200894
1.2625e+14 1.425 258.815726792
1.2625e+14 1.43958333333 258.868389765
1.2625e+14 1.45416666667 258.467549569
1.2625e+14 1.46875 258.776471804
1.2625e+14 1.48333333333 258.752751974
1.2625e+14 1.49791666667 258.435896537
1.2625e+14 1.5125 258.428849185
1.2625e+14 1.52708333333 258.835119568
1.2625e+14 1.54166666667 258.572926081
1.2625e+14 1.55625 258.465148431
1.2625e+14 1.57083333333 258.320688565
1.2625e+14 1.58541666667 258.834080882
1.2625e+14 1.6 259.003325705
1.275e+14 1.25 259.202007098
1.275e+14 1.26458333333 258.647112701
1.275e+14 1.27916666667 259.027761361
1.275e+14 1.29375 258.612598748
1.275e+14 1.30833333333 258.483564909
1.275e+14 1.32291666667 258.681618592
1.275e+14 1.3375 258.112727636
1.275e+14 1.35208333333 258.252426605
1.275e+14 1.36666666667 258.792538008
1.275e+14 1.38125 258.97588582
1.275e+14 1.39583333333 258.594009392
1.275e+14 1.41041666667 258.680863208
1.275e+14 1.425 259.401406224
1.275e+14 1.43958333333 258.88751198
1.275e+14 1.45416666667 259.30001662
1.275e+14 1.46875 258.847296054
1.275e+14 1.48333333333 258.359212562
1.275e+14 1.49791666667 258.536655633
1.275e+14 1.5125 258.840124996
1.275e+14 1.52708333333 258.257748694
1.275e+14 1.54166666667 258.551507794
1.275e+14 1.55625 258.678524748
1.275e+14 1.57083333333 258.907416885
1.275e+14 1.58541666667 258.516783608
1.275e+14 1.6 258.858090655
1.2875e+14 1.25 259.80210907
1.2875e+14 1.26458333333 258.733981285
1.2875e+14 1.27916666667 258.785876409
1.2875e+14 1.29375 258.926419817
1.2875e+14 1.30833333333 259.122326337
1.2875e+14 1.32291666667 259.041971007
1.2875e+14 1.3375 258.518603838
1.2875e+14 1.35208333333 258.069105851
1.2875e+14 1.36666666667 258.070926116
1.2875e+14 1.38125 259.109454061
1.2875e+14 1.39583333333 258.564149376
1.2875e+14 1.41041666667 258.712568886
1.2875e+14 1.425 259.125642204
1.2875e+14 1.43958333333 258.564437894
1.2875e+14 1.45416666667 258.946865715
1.2875e+14 1.46875 258.623378479
1.2875e+14 1.48333333333 259.063072105
1.2875e+14 1.49791666667 258.757225745
1.2875e+14 1.5125 258.405380259
1.2875e+14 1.52708333333 258.645515058
1.2875e+14 1.54166666667 258.54769986
1.2875e+14 1.55625 258.607565076
1.2875e+14 1.57083333333 259.133864697
1.2875e+14 1.58541666667 257.949240551
1.2875e+14 1.6 258.81691258
1.3e+14 1.25 258.922554442
1.3e+14 1.26458333333 258.911782529
1.3e+14 1.27916666667 258.732245147
1.3e+14 1.29375 259.393308273
1.3e+14 1.30833333333 258.857162359
1.3e+14 1.32291666667 258.658503026
1.3e+14 1.3375 258.684137082
1.3e+14 1.35208333333 259.481776446
1.3e+14 1.36666666667 258.934770532
1.3e+14 1.38125 259.310867793
1.3e+14 1.39583333333 259.135940127
1.3e+14 1.41041666667 258.90673633
1.3e+14 1.425 259.001578643
1.3e+14 1.43958333333 258.334675171
1.3e+14 1.45416666667 258.807103789
1.3e+14 1.46875 258.341814553
1.3e+14 1.48333333333 258.656690684
1.3e+14 1.49791666667 258.855207602
1.3e+14 1.5125 258.746008028
1.3e+14 1.52708333333 258.628516653
1.3e+14 1.54166666667 258.733224574
1.3e+14 1.55625 258.45817389
1.3e+14 1.57083333333 258.87958036
1.3e+14 1.58541666667 258.725953787
1.3e+14 1.6 258.893753116
