7.5e+13 1.45 47.3652789256
7.5e+13 1.45306122449 72.880637635
7.5e+13 1.45612244898 50.0530245751
7.5e+13 1.45918367347 104.459353555
7.5e+13 1.46224489796 61.1238655445
7.5e+13 1.46530612245 92.5149242468
7.5e+13 1.46836734694 133.977083429
7.5e+13 1.47142857143 170.225829363
7.5e+13 1.47448979592 99.4175877141
7.5e+13 1.47755102041 137.604430237
7.5e+13 1.4806122449 180.54357479
7.5e+13 1.48367346939 173.866270148
7.5e+13 1.48673469388 241.78827044
7.5e+13 1.48979591837 141.814980007
7.5e+13 1.49285714286 113.971507621
7.5e+13 1.49591836735 181.318483014
7.5e+13 1.49897959184 186.226328809
7.5e+13 1.50204081633 190.143694511
7.5e+13 1.50510204082 220.196981957
7.5e+13 1.50816326531 362.921496658
7.5e+13 1.5112244898 260.936932427
7.5e+13 1.51428571429 175.582535581
7.5e+13 1.51734693878 226.377538798
7.5e+13 1.52040816327 378.850252921
7.5e+13 1.52346938776 303.701014268
7.5e+13 1.52653061224 295.553346596
7.5e+13 1.52959183673 451.471094602
7.5e+13 1.53265306122 356.780271867
7.5e+13 1.53571428571 482.951427412
7.5e+13 1.5387755102 295.394227933
7.5e+13 1.54183673469 484.450489044
7.5e+13 1.54489795918 409.347180983
7.5e+13 1.54795918367 450.647026285
7.5e+13 1.55102040816 430.792433233
7.5e+13 1.55408163265 534.33043379
7.5e+13 1.55714285714 628.317158306
7.5e+13 1.56020408163 470.227979088
7.5e+13 1.56326530612 671.095321011
7.5e+13 1.56632653061 468.539015455
7.5e+13 1.5693877551 728.420239975
7.5e+13 1.57244897959 785.048962396
7.5e+13 1.57551020408 948.383094036
7.5e+13 1.57857142857 562.662723072
7.5e+13 1.58163265306 824.373110633
7.5e+13 1.58469387755 1058.68220516
7.5e+13 1.58775510204 1106.47296271
7.5e+13 1.59081632653 961.781763168
7.5e+13 1.59387755102 1038.0043811
7.5e+13 1.59693877551 1023.01963265
7.5e+13 1.6 903.878808956
7.5306122449e+13 1.45 82.5832702726
7.5306122449e+13 1.45306122449 84.4293973521
7.5306122449e+13 1.45612244898 67.8242797594
7.5306122449e+13 1.45918367347 68.6374222074
7.5306122449e+13 1.46224489796 125.951943435
7.5306122449e+13 1.46530612245 121.011071368
7.5306122449e+13 1.46836734694 64.1275693355
7.5306122449e+13 1.47142857143 142.331343166
7.5306122449e+13 1.47448979592 103.056138161
7.5306122449e+13 1.47755102041 62.228037689
7.5306122449e+13 1.4806122449 66.2867145312
7.5306122449e+13 1.48367346939 145.786384727
7.5306122449e+13 1.48673469388 129.914496808
7.5306122449e+13 1.48979591837 162.055136227
7.5306122449e+13 1.49285714286 164.924504929
7.5306122449e+13 1.49591836735 224.283475315
7.5306122449e+13 1.49897959184 188.633847719
7.5306122449e+13 1.50204081633 183.99192144
7.5306122449e+13 1.50510204082 260.310249585
7.5306122449e+13 1.50816326531 272.30753334
7.5306122449e+13 1.5112244898 210.359554401
7.5306122449e+13 1.51428571429 214.345654189
7.5306122449e+13 1.51734693878 223.643819349
7.5306122449e+13 1.52040816327 296.36375841
7.5306122449e+13 1.52346938776 285.489189907
7.5306122449e+13 1.52653061224 359.244604255
7.5306122449e+13 1.52959183673 340.868190117
7.5306122449e+13 1.53265306122 482.789954098
7.5306122449e+13 1.53571428571 389.403433052
7.5306122449e+13 1.5387755102 410.05028871
7.5306122449e+13 1.54183673469 472.500718187
7.5306122449e+13 1.54489795918 659.95061738
7.5306122449e+13 1.54795918367 482.95064508
7.5306122449e+13 1.55102040816 456.344883141
7.5306122449e+13 1.55408163265 445.443240662
7.5306122449e+13 1.55714285714 554.813644415
7.5306122449e+13 1.56020408163 616.013076943
7.5306122449e+13 1.56326530612 649.143220833
7.5306122449e+13 1.56632653061 660.556276311
7.5306122449e+13 1.5693877551 600.699484909
7.5306122449e+13 1.57244897959 691.033541911
7.5306122449e+13 1.57551020408 684.193508637
7.5306122449e+13 1.57857142857 637.494240553
7.5306122449e+13 1.58163265306 850.0698893
7.5306122449e+13 1.58469387755 956.046807277
7.5306122449e+13 1.58775510204 768.638496928
7.5306122449e+13 1.59081632653 1063.89170732
7.5306122449e+13 1.59387755102 781.327752981
7.5306122449e+13 1.59693877551 1241.75263279
7.5306122449e+13 1.6 1032.25509522
7.5612244898e+13 1.45 39.0944565748
7.5612244898e+13 1.45306122449 39.0389250549
7.5612244898e+13 1.45612244898 63.9564765568
7.5612244898e+13 1.45918367347 74.4494962298
7.5612244898e+13 1.46224489796 105.903671692
7.5612244898e+13 1.46530612245 76.6551046299
7.5612244898e+13 1.46836734694 70.3006399699
7.5612244898e+13 1.47142857143 121.593758143
7.5612244898e+13 1.47448979592 126.843005299
7.5612244898e+13 1.47755102041 74.3948346203
7.5612244898e+13 1.4806122449 98.4971439679
7.5612244898e+13 1.48367346939 161.045358049
7.5612244898e+13 1.48673469388 118.20764938
7.5612244898e+13 1.48979591837 139.920961003
7.5612244898e+13 1.49285714286 143.487581302
7.5612244898e+13 1.49591836735 102.40105993
7.5612244898e+13 1.49897959184 124.687535514
7.5612244898e+13 1.50204081633 260.603006242
7.5612244898e+13 1.50510204082 247.018658176
7.5612244898e+13 1.50816326531 146.549251279
7.5612244898e+13 1.5112244898 276.367141369
7.5612244898e+13 1.51428571429 333.735607617
7.5612244898e+13 1.51734693878 187.679673791
7.5612244898e+13 1.52040816327 321.155877885
7.5612244898e+13 1.52346938776 244.04683238
7.5612244898e+13 1.52653061224 337.170262095
7.5612244898e+13 1.52959183673 281.196954641
7.5612244898e+13 1.53265306122 389.797815473
7.5612244898e+13 1.53571428571 398.759981075
7.5612244898e+13 1.5387755102 302.839086074
7.5612244898e+13 1.54183673469 452.745605206
7.5612244898e+13 1.54489795918 300.136954312
7.5612244898e+13 1.54795918367 498.17744953
7.5612244898e+13 1.55102040816 397.08154776
7.5612244898e+13 1.55408163265 367.044879144
7.5612244898e+13 1.55714285714 526.783494784
7.5612244898e+13 1.56020408163 503.861943004
7.5612244898e+13 1.56326530612 546.2853716
7.5612244898e+13 1.56632653061 580.753073205
7.5612244898e+13 1.5693877551 650.472484109
7.5612244898e+13 1.57244897959 629.359408448
7.5612244898e+13 1.57551020408 795.576040906
7.5612244898e+13 1.57857142857 593.010254287
7.5612244898e+13 1.58163265306 733.664762
7.5612244898e+13 1.58469387755 705.66096246
7.5612244898e+13 1.58775510204 1034.58040106
7.5612244898e+13 1.59081632653 793.572727832
7.5612244898e+13 1.59387755102 797.053274351
7.5612244898e+13 1.59693877551 807.097754929
7.5612244898e+13 1.6 975.808942973
7.59183673469e+13 1.45 56.647958018
7.59183673469e+13 1.45306122449 74.4939437495
7.59183673469e+13 1.45612244898 84.0598841099
7.59183673469e+13 1.45918367347 53.2157757849
7.59183673469e+13 1.46224489796 68.5846428101
7.59183673469e+13 1.46530612245 62.8970311973
7.59183673469e+13 1.46836734694 75.3440525528
7.59183673469e+13 1.47142857143 106.768469159
7.59183673469e+13 1.47448979592 78.9241079584
7.59183673469e+13 1.47755102041 121.920840895
7.59183673469e+13 1.4806122449 78.101056333
7.59183673469e+13 1.48367346939 119.902114446
7.59183673469e+13 1.48673469388 96.4232774394
7.59183673469e+13 1.48979591837 149.766750906
7.59183673469e+13 1.49285714286 99.6813669729
7.59183673469e+13 1.49591836735 185.553881157
7.59183673469e+13 1.49897959184 113.116284496
7.59183673469e+13 1.50204081633 212.49525254
7.59183673469e+13 1.50510204082 187.548705461
7.59183673469e+13 1.50816326531 213.946638971
7.59183673469e+13 1.5112244898 185.989578728
7.59183673469e+13 1.51428571429 266.004667292
7.59183673469e+13 1.51734693878 164.542262564
7.59183673469e+13 1.52040816327 231.10583357
7.59183673469e+13 1.52346938776 235.38390664
7.59183673469e+13 1.52653061224 235.714461725
7.59183673469e+13 1.52959183673 277.084844526
7.59183673469e+13 1.53265306122 186.575353062
7.59183673469e+13 1.53571428571 363.637798559
7.59183673469e+13 1.5387755102 294.348359801
7.59183673469e+13 1.54183673469 284.919914929
7.59183673469e+13 1.54489795918 318.15062295
7.59183673469e+13 1.54795918367 321.111287691
7.59183673469e+13 1.55102040816 340.354556704
7.59183673469e+13 1.55408163265 295.866147404
7.59183673469e+13 1.55714285714 259.039301564
7.59183673469e+13 1.56020408163 259.709336852
7.59183673469e+13 1.56326530612 461.851487238
7.59183673469e+13 1.56632653061 308.353621157
7.59183673469e+13 1.5693877551 458.347271979
7.59183673469e+13 1.57244897959 547.436385046
7.59183673469e+13 1.57551020408 459.996797662
7.59183673469e+13 1.57857142857 444.645001744
7.59183673469e+13 1.58163265306 500.403602441
7.59183673469e+13 1.58469387755 497.153776593
7.59183673469e+13 1.58775510204 583.558907923
7.59183673469e+13 1.59081632653 667.177323453
7.59183673469e+13 1.59387755102 548.875802224
7.59183673469e+13 1.59693877551 788.464039017
7.59183673469e+13 1.6 763.080160543
7.62244897959e+13 1.45 51.9728995657
7.62244897959e+13 1.45306122449 40.5108462143
7.62244897959e+13 1.45612244898 85.5156105885
7.62244897959e+13 1.45918367347 61.0136442187
7.62244897959e+13 1.46224489796 28.6456527989
7.62244897959e+13 1.46530612245 44.3597785565
7.62244897959e+13 1.46836734694 70.2953214831
7.62244897959e+13 1.47142857143 81.347750215
7.62244897959e+13 1.47448979592 109.229979602
7.62244897959e+13 1.47755102041 71.515856985
7.62244897959e+13 1.4806122449 126.790437067
7.62244897959e+13 1.48367346939 124.093593432
7.62244897959e+13 1.48673469388 91.8947403061
7.62244897959e+13 1.48979591837 129.901843606
7.62244897959e+13 1.49285714286 136.664911522
7.62244897959e+13 1.49591836735 150.411083708
7.62244897959e+13 1.49897959184 124.169483764
7.62244897959e+13 1.50204081633 106.048315131
7.62244897959e+13 1.50510204082 146.388624315
7.62244897959e+13 1.50816326531 114.04501203
7.62244897959e+13 1.5112244898 59.0799486598
7.62244897959e+13 1.51428571429 128.776322234
7.62244897959e+13 1.51734693878 130.265625298
7.62244897959e+13 1.52040816327 164.870982785
7.62244897959e+13 1.52346938776 222.823698499
7.62244897959e+13 1.52653061224 175.352704134
7.62244897959e+13 1.52959183673 296.754044683
7.62244897959e+13 1.53265306122 168.737403139
7.62244897959e+13 1.53571428571 181.099514704
7.62244897959e+13 1.5387755102 218.514000962
7.62244897959e+13 1.54183673469 269.058416993
7.62244897959e+13 1.54489795918 316.447837153
7.62244897959e+13 1.54795918367 375.475075361
7.62244897959e+13 1.55102040816 340.049118022
7.62244897959e+13 1.55408163265 389.550249304
7.62244897959e+13 1.55714285714 393.950886449
7.62244897959e+13 1.56020408163 314.878077841
7.62244897959e+13 1.56326530612 440.252716101
7.62244897959e+13 1.56632653061 468.758261187
7.62244897959e+13 1.5693877551 359.590484569
7.62244897959e+13 1.57244897959 343.797863277
7.62244897959e+13 1.57551020408 413.307782512
7.62244897959e+13 1.57857142857 577.56716937
7.62244897959e+13 1.58163265306 478.81203156
7.62244897959e+13 1.58469387755 782.818740149
7.62244897959e+13 1.58775510204 598.350215624
7.62244897959e+13 1.59081632653 585.244819621
7.62244897959e+13 1.59387755102 648.23448517
7.62244897959e+13 1.59693877551 533.283954406
7.62244897959e+13 1.6 672.733619342
7.65306122449e+13 1.45 15.5004599947
7.65306122449e+13 1.45306122449 31.5677566852
7.65306122449e+13 1.45612244898 41.3608637086
7.65306122449e+13 1.45918367347 50.7216871395
7.65306122449e+13 1.46224489796 30.6819298106
7.65306122449e+13 1.46530612245 69.1084956099
7.65306122449e+13 1.46836734694 69.3083664883
7.65306122449e+13 1.47142857143 16.5750982961
7.65306122449e+13 1.47448979592 66.0421871061
7.65306122449e+13 1.47755102041 35.3902819168
7.65306122449e+13 1.4806122449 48.6686267181
7.65306122449e+13 1.48367346939 69.3965123636
7.65306122449e+13 1.48673469388 53.0593544832
7.65306122449e+13 1.48979591837 95.4869986134
7.65306122449e+13 1.49285714286 49.759594145
7.65306122449e+13 1.49591836735 61.3849874452
7.65306122449e+13 1.49897959184 52.4262285908
7.65306122449e+13 1.50204081633 105.412814796
7.65306122449e+13 1.50510204082 55.6644324278
7.65306122449e+13 1.50816326531 68.4806799698
7.65306122449e+13 1.5112244898 68.4844786161
7.65306122449e+13 1.51428571429 89.047794324
7.65306122449e+13 1.51734693878 155.33667567
7.65306122449e+13 1.52040816327 225.704181288
7.65306122449e+13 1.52346938776 254.975827534
7.65306122449e+13 1.52653061224 143.07941276
7.65306122449e+13 1.52959183673 156.252367411
7.65306122449e+13 1.53265306122 359.747221189
7.65306122449e+13 1.53571428571 254.477930382
7.65306122449e+13 1.5387755102 171.325637877
7.65306122449e+13 1.54183673469 209.926411502
7.65306122449e+13 1.54489795918 212.164852399
7.65306122449e+13 1.54795918367 314.814369893
7.65306122449e+13 1.55102040816 330.210346167
7.65306122449e+13 1.55408163265 240.630465992
7.65306122449e+13 1.55714285714 298.019855913
7.65306122449e+13 1.56020408163 308.348433107
7.65306122449e+13 1.56326530612 383.055881989
7.65306122449e+13 1.56632653061 408.375239909
7.65306122449e+13 1.5693877551 512.98657615
7.65306122449e+13 1.57244897959 457.317510386
7.65306122449e+13 1.57551020408 366.353488278
7.65306122449e+13 1.57857142857 419.867484308
7.65306122449e+13 1.58163265306 508.025321033
7.65306122449e+13 1.58469387755 515.4328342
7.65306122449e+13 1.58775510204 799.518321502
7.65306122449e+13 1.59081632653 568.696351167
7.65306122449e+13 1.59387755102 665.239711343
7.65306122449e+13 1.59693877551 842.876893897
7.65306122449e+13 1.6 675.197983395
7.68367346939e+13 1.45 14.7691464505
7.68367346939e+13 1.45306122449 29.2376957594
7.68367346939e+13 1.45612244898 21.3434867003
7.68367346939e+13 1.45918367347 42.566854743
7.68367346939e+13 1.46224489796 22.098264231
7.68367346939e+13 1.46530612245 40.5612802453
7.68367346939e+13 1.46836734694 24.7448115143
7.68367346939e+13 1.47142857143 46.4310123533
7.68367346939e+13 1.47448979592 30.1576224759
7.68367346939e+13 1.47755102041 40.8677095791
7.68367346939e+13 1.4806122449 28.0610639163
7.68367346939e+13 1.48367346939 44.1159141122
7.68367346939e+13 1.48673469388 34.8534977213
7.68367346939e+13 1.48979591837 78.7674041135
7.68367346939e+13 1.49285714286 77.7529929868
7.68367346939e+13 1.49591836735 92.1276035246
7.68367346939e+13 1.49897959184 57.5913962636
7.68367346939e+13 1.50204081633 91.0415439006
7.68367346939e+13 1.50510204082 112.630365682
7.68367346939e+13 1.50816326531 133.244000255
7.68367346939e+13 1.5112244898 92.7273810413
7.68367346939e+13 1.51428571429 152.8972554
7.68367346939e+13 1.51734693878 72.4617334147
7.68367346939e+13 1.52040816327 106.616453641
7.68367346939e+13 1.52346938776 175.031705262
7.68367346939e+13 1.52653061224 137.040672457
7.68367346939e+13 1.52959183673 269.875638927
7.68367346939e+13 1.53265306122 299.961813296
7.68367346939e+13 1.53571428571 182.631433554
7.68367346939e+13 1.5387755102 286.571709833
7.68367346939e+13 1.54183673469 298.684695852
7.68367346939e+13 1.54489795918 234.381657761
7.68367346939e+13 1.54795918367 275.984832007
7.68367346939e+13 1.55102040816 241.503353508
7.68367346939e+13 1.55408163265 253.501468054
7.68367346939e+13 1.55714285714 221.944825417
7.68367346939e+13 1.56020408163 400.811871869
7.68367346939e+13 1.56326530612 278.388275495
7.68367346939e+13 1.56632653061 424.247486578
7.68367346939e+13 1.5693877551 397.659242625
7.68367346939e+13 1.57244897959 420.132577314
7.68367346939e+13 1.57551020408 520.447704538
7.68367346939e+13 1.57857142857 447.814866103
7.68367346939e+13 1.58163265306 479.114712617
7.68367346939e+13 1.58469387755 738.923441126
7.68367346939e+13 1.58775510204 632.735089803
7.68367346939e+13 1.59081632653 511.23062914
7.68367346939e+13 1.59387755102 770.08892243
7.68367346939e+13 1.59693877551 646.584619536
7.68367346939e+13 1.6 629.839594894
7.71428571429e+13 1.45 12.9766480107
7.71428571429e+13 1.45306122449 12.4654369943
7.71428571429e+13 1.45612244898 24.8840590296
7.71428571429e+13 1.45918367347 20.6313535051
7.71428571429e+13 1.46224489796 17.0043116642
7.71428571429e+13 1.46530612245 14.8676476429
7.71428571429e+13 1.46836734694 42.0745082365
7.71428571429e+13 1.47142857143 50.2877739107
7.71428571429e+13 1.47448979592 30.2920130491
7.71428571429e+13 1.47755102041 22.3680120911
7.71428571429e+13 1.4806122449 40.6158743566
7.71428571429e+13 1.48367346939 60.2686013843
7.71428571429e+13 1.48673469388 74.4043480839
7.71428571429e+13 1.48979591837 68.3244622419
7.71428571429e+13 1.49285714286 40.8594307655
7.71428571429e+13 1.49591836735 41.4061126961
7.71428571429e+13 1.49897959184 66.1230965792
7.71428571429e+13 1.50204081633 105.797491051
7.71428571429e+13 1.50510204082 99.8078948759
7.71428571429e+13 1.50816326531 98.4699549372
7.71428571429e+13 1.5112244898 79.8815124501
7.71428571429e+13 1.51428571429 96.249564816
7.71428571429e+13 1.51734693878 95.4748586921
7.71428571429e+13 1.52040816327 183.61394259
7.71428571429e+13 1.52346938776 104.162438334
7.71428571429e+13 1.52653061224 118.859768115
7.71428571429e+13 1.52959183673 138.664563439
7.71428571429e+13 1.53265306122 129.472106438
7.71428571429e+13 1.53571428571 198.663255083
7.71428571429e+13 1.5387755102 216.934879752
7.71428571429e+13 1.54183673469 220.978054073
7.71428571429e+13 1.54489795918 161.455115062
7.71428571429e+13 1.54795918367 206.139306992
7.71428571429e+13 1.55102040816 176.546000982
7.71428571429e+13 1.55408163265 154.158350486
7.71428571429e+13 1.55714285714 226.314664754
7.71428571429e+13 1.56020408163 355.229918493
7.71428571429e+13 1.56326530612 376.555737429
7.71428571429e+13 1.56632653061 307.492128624
7.71428571429e+13 1.5693877551 424.831962179
7.71428571429e+13 1.57244897959 416.38554804
7.71428571429e+13 1.57551020408 276.420912674
7.71428571429e+13 1.57857142857 457.040245403
7.71428571429e+13 1.58163265306 485.574175177
7.71428571429e+13 1.58469387755 476.837814982
7.71428571429e+13 1.58775510204 522.758054069
7.71428571429e+13 1.59081632653 464.912602353
7.71428571429e+13 1.59387755102 609.992816281
7.71428571429e+13 1.59693877551 757.10301262
7.71428571429e+13 1.6 689.108281658
7.74489795918e+13 1.45 26.615173877
7.74489795918e+13 1.45306122449 15.6758170657
7.74489795918e+13 1.45612244898 14.642005211
7.74489795918e+13 1.45918367347 34.2496802002
7.74489795918e+13 1.46224489796 17.5821653564
7.74489795918e+13 1.46530612245 20.2589838489
7.74489795918e+13 1.46836734694 29.9063285522
7.74489795918e+13 1.47142857143 19.4866694522
7.74489795918e+13 1.47448979592 18.2097125525
7.74489795918e+13 1.47755102041 45.5519642083
7.74489795918e+13 1.4806122449 27.7415281653
7.74489795918e+13 1.48367346939 33.0332265343
7.74489795918e+13 1.48673469388 28.1941435602
7.74489795918e+13 1.48979591837 40.523726973
7.74489795918e+13 1.49285714286 59.0947655006
7.74489795918e+13 1.49591836735 43.7057334592
7.74489795918e+13 1.49897959184 52.2301868089
7.74489795918e+13 1.50204081633 56.5039893119
7.74489795918e+13 1.50510204082 59.2580390525
7.74489795918e+13 1.50816326531 88.43312474
7.74489795918e+13 1.5112244898 73.207480019
7.5e+13 1.25 108.199245657
7.5e+13 1.28888888889 90.6962271894
7.5e+13 1.32777777778 59.4181358079
7.5e+13 1.36666666667 40.676994094
7.5e+13 1.40555555556 43.6482525666
7.5e+13 1.44444444444 45.6167669516
7.5e+13 1.48333333333 188.636488714
7.5e+13 1.52222222222 193.139028125
7.5e+13 1.56111111111 520.875626362
7.5e+13 1.6 1409.17500142
7.77777777778e+13 1.25 155.448252496
7.77777777778e+13 1.28888888889 97.4005531326
7.77777777778e+13 1.32777777778 75.8662975934
7.77777777778e+13 1.36666666667 42.7186729222
7.77777777778e+13 1.40555555556 20.31231611
7.77777777778e+13 1.44444444444 11.1994865817
7.77777777778e+13 1.48333333333 39.7529669418
7.77777777778e+13 1.52222222222 126.312067448
7.77777777778e+13 1.56111111111 329.906829071
7.77777777778e+13 1.6 372.582254624
8.05555555556e+13 1.25 182.247472728
8.05555555556e+13 1.28888888889 135.879609663
8.05555555556e+13 1.32777777778 114.308939639
8.05555555556e+13 1.36666666667 76.7589309601
8.05555555556e+13 1.40555555556 87.728412464
8.05555555556e+13 1.44444444444 35.5618825602
8.05555555556e+13 1.48333333333 17.0643653795
8.05555555556e+13 1.52222222222 12.6962209484
8.05555555556e+13 1.56111111111 118.251548245
8.05555555556e+13 1.6 193.199410197
8.33333333333e+13 1.25 276.512722944
8.33333333333e+13 1.28888888889 208.791393993
8.33333333333e+13 1.32777777778 195.757293782
8.33333333333e+13 1.36666666667 141.437252638
8.33333333333e+13 1.40555555556 125.945280664
8.33333333333e+13 1.44444444444 43.6102560552
8.33333333333e+13 1.48333333333 21.6678291087
8.33333333333e+13 1.52222222222 22.9086317537
8.33333333333e+13 1.56111111111 35.4134206476
8.33333333333e+13 1.6 93.352004368
8.61111111111e+13 1.25 337.826854885
8.61111111111e+13 1.28888888889 317.44318897
8.61111111111e+13 1.32777777778 277.8373236
8.61111111111e+13 1.36666666667 234.320437002
8.61111111111e+13 1.40555555556 205.564103913
8.61111111111e+13 1.44444444444 126.239698021
8.61111111111e+13 1.48333333333 98.896712772
8.61111111111e+13 1.52222222222 42.5063074585
8.61111111111e+13 1.56111111111 24.4764406892
8.61111111111e+13 1.6 30.1687323485
8.88888888889e+13 1.25 400.096350141
8.88888888889e+13 1.28888888889 386.11193307
8.88888888889e+13 1.32777777778 301.656159413
8.88888888889e+13 1.36666666667 316.262174672
8.88888888889e+13 1.40555555556 267.321990737
8.88888888889e+13 1.44444444444 201.152968542
8.88888888889e+13 1.48333333333 134.455185463
8.88888888889e+13 1.52222222222 102.058090237
8.88888888889e+13 1.56111111111 22.2380221514
8.88888888889e+13 1.6 18.1997342208
9.16666666667e+13 1.25 478.881632457
9.16666666667e+13 1.28888888889 441.545741358
9.16666666667e+13 1.32777777778 425.791949633
9.16666666667e+13 1.36666666667 336.163914803
9.16666666667e+13 1.40555555556 350.911832659
9.16666666667e+13 1.44444444444 228.915545814
9.16666666667e+13 1.48333333333 250.054080273
9.16666666667e+13 1.52222222222 112.011427121
9.16666666667e+13 1.56111111111 86.4797522243
9.16666666667e+13 1.6 44.6570023976
9.44444444444e+13 1.25 520.244866494
9.44444444444e+13 1.28888888889 536.499259162
9.44444444444e+13 1.32777777778 455.873063742
9.44444444444e+13 1.36666666667 504.456031724
9.44444444444e+13 1.40555555556 411.138546679
9.44444444444e+13 1.44444444444 356.370780206
9.44444444444e+13 1.48333333333 243.246665716
9.44444444444e+13 1.52222222222 182.198501763
9.44444444444e+13 1.56111111111 136.907476959
9.44444444444e+13 1.6 114.872272646
9.72222222222e+13 1.25 586.412750515
9.72222222222e+13 1.28888888889 538.923210776
9.72222222222e+13 1.32777777778 615.941774988
9.72222222222e+13 1.36666666667 551.564511087
9.72222222222e+13 1.40555555556 461.737798429
9.72222222222e+13 1.44444444444 389.537000643
9.72222222222e+13 1.48333333333 340.968766266
9.72222222222e+13 1.52222222222 300.27632582
9.72222222222e+13 1.56111111111 242.08239111
9.72222222222e+13 1.6 170.88076084
1e+14 1.25 664.886059507
1e+14 1.28888888889 643.503759021
1e+14 1.32777777778 590.02249717
1e+14 1.36666666667 551.207106988
1e+14 1.40555555556 527.023869967
1e+14 1.44444444444 453.136271482
1e+14 1.48333333333 413.316347901
1e+14 1.52222222222 302.74994661
1e+14 1.56111111111 261.276428684
1e+14 1.6 227.209559865
7.5e+13 1.4 35.2827006919
7.5e+13 1.41041666667 28.0308186524
7.5e+13 1.42083333333 31.305515264
7.5e+13 1.43125 71.9228922763
7.5e+13 1.44166666667 73.8554111068
7.5e+13 1.45208333333 67.6063851308
7.5e+13 1.4625 119.033595302
7.5e+13 1.47291666667 108.487358192
7.5e+13 1.48333333333 212.367796905
7.5e+13 1.49375 249.562312487
7.5e+13 1.50416666667 188.489164511
7.5e+13 1.51458333333 327.429978459
7.5e+13 1.525 261.356106757
7.5e+13 1.53541666667 317.662568896
7.5e+13 1.54583333333 395.695495664
7.5e+13 1.55625 580.954017905
7.5e+13 1.56666666667 601.277221816
7.5e+13 1.57708333333 832.423314953
7.5e+13 1.5875 850.715844219
7.5e+13 1.59791666667 1153.24996014
7.5e+13 1.60833333333 1015.2000312
7.5e+13 1.61875 1278.76918545
7.5e+13 1.62916666667 1390.61901136
7.5e+13 1.63958333333 1965.71708228
7.5e+13 1.65 2189.91867023
7.5625e+13 1.4 33.7048771186
7.5625e+13 1.41041666667 46.1500246751
7.5625e+13 1.42083333333 30.4166552263
7.5625e+13 1.43125 39.0048822772
7.5625e+13 1.44166666667 35.7206061545
7.5625e+13 1.45208333333 65.3259850241
7.5625e+13 1.4625 80.7934890579
7.5625e+13 1.47291666667 129.304966492
7.5625e+13 1.48333333333 100.19755089
7.5625e+13 1.49375 188.41422265
7.5625e+13 1.50416666667 186.407884613
7.5625e+13 1.51458333333 256.426564068
7.5625e+13 1.525 259.694051207
7.5625e+13 1.53541666667 373.395621335
7.5625e+13 1.54583333333 369.686592126
7.5625e+13 1.55625 394.423166893
7.5625e+13 1.56666666667 700.075053842
7.5625e+13 1.57708333333 550.313122934
7.5625e+13 1.5875 1055.5855333
7.5625e+13 1.59791666667 1028.08313073
7.5625e+13 1.60833333333 941.083038993
7.5625e+13 1.61875 1325.54177271
7.5625e+13 1.62916666667 1334.67661242
7.5625e+13 1.63958333333 2004.75391608
7.5625e+13 1.65 2091.53092586
7.625e+13 1.4 28.8271046199
7.625e+13 1.41041666667 21.8590662825
7.625e+13 1.42083333333 21.354328988
7.625e+13 1.43125 31.6362149753
7.625e+13 1.44166666667 28.7217616717
7.625e+13 1.45208333333 56.260929566
7.625e+13 1.4625 78.5979097054
7.625e+13 1.47291666667 113.045794825
7.625e+13 1.48333333333 96.8823015418
7.625e+13 1.49375 119.008662939
7.625e+13 1.50416666667 140.321365496
7.625e+13 1.51458333333 129.941839589
7.625e+13 1.525 165.196248759
7.625e+13 1.53541666667 244.276535472
7.625e+13 1.54583333333 267.305010516
7.625e+13 1.55625 380.299197675
7.625e+13 1.56666666667 434.813915102
7.625e+13 1.57708333333 394.841192315
7.625e+13 1.5875 444.659885399
7.625e+13 1.59791666667 757.460438184
7.625e+13 1.60833333333 696.054613562
7.625e+13 1.61875 952.197495545
7.625e+13 1.62916666667 1002.92103124
7.625e+13 1.63958333333 1368.94442121
7.625e+13 1.65 1438.83425144
7.6875e+13 1.4 21.5758897746
7.6875e+13 1.41041666667 23.4625677615
7.6875e+13 1.42083333333 20.2213500409
7.6875e+13 1.43125 24.6537053004
7.6875e+13 1.44166666667 31.9752909002
7.6875e+13 1.45208333333 12.1106064128
7.6875e+13 1.4625 19.6750552738
7.6875e+13 1.47291666667 32.1145004051
7.6875e+13 1.48333333333 34.6987219125
7.6875e+13 1.49375 39.8485402472
7.6875e+13 1.50416666667 44.9752521388
7.6875e+13 1.51458333333 121.951229186
7.6875e+13 1.525 187.616988434
7.6875e+13 1.53541666667 189.346850564
7.6875e+13 1.54583333333 157.066747367
7.6875e+13 1.55625 195.221110361
7.6875e+13 1.56666666667 429.14575153
7.6875e+13 1.57708333333 438.275886465
7.6875e+13 1.5875 569.548754849
7.6875e+13 1.59791666667 750.326095975
7.6875e+13 1.60833333333 528.052139725
7.6875e+13 1.61875 827.493771063
7.6875e+13 1.62916666667 875.350703875
7.6875e+13 1.63958333333 1039.20206405
7.6875e+13 1.65 1236.04532919
7.75e+13 1.4 19.2566639879
7.75e+13 1.41041666667 19.0752606012
7.75e+13 1.42083333333 11.4046261115
7.75e+13 1.43125 17.9991397149
7.75e+13 1.44166666667 18.8895234575
7.75e+13 1.45208333333 11.7280095773
7.75e+13 1.4625 24.5884452697
7.75e+13 1.47291666667 18.9127727
7.75e+13 1.48333333333 30.4212467036
7.75e+13 1.49375 57.4965517076
7.75e+13 1.50416666667 33.4451776835
7.75e+13 1.51458333333 127.425978041
7.75e+13 1.525 95.3518482981
7.75e+13 1.53541666667 157.196320281
7.75e+13 1.54583333333 207.993594219
7.75e+13 1.55625 192.558169961
7.75e+13 1.56666666667 284.957696042
7.75e+13 1.57708333333 322.784376455
7.75e+13 1.5875 421.794653447
7.75e+13 1.59791666667 489.375766098
7.75e+13 1.60833333333 513.004272397
7.75e+13 1.61875 834.090448462
7.75e+13 1.62916666667 748.328813773
7.75e+13 1.63958333333 993.111886864
7.75e+13 1.65 1404.47481567
7.8125e+13 1.4 24.4147644843
7.8125e+13 1.41041666667 16.5368752865
7.8125e+13 1.42083333333 13.3515035426
7.8125e+13 1.43125 16.6869810766
7.8125e+13 1.44166666667 11.951583066
7.8125e+13 1.45208333333 13.4696249187
7.8125e+13 1.4625 11.3841682131
7.8125e+13 1.47291666667 31.3121178447
7.8125e+13 1.48333333333 50.9084539405
7.8125e+13 1.49375 54.019003409
7.8125e+13 1.50416666667 68.1910769768
7.8125e+13 1.51458333333 79.6096282613
7.8125e+13 1.525 135.193825046
7.8125e+13 1.53541666667 162.326048389
7.8125e+13 1.54583333333 91.1182943255
7.8125e+13 1.55625 201.337120153
7.8125e+13 1.56666666667 174.905479098
7.8125e+13 1.57708333333 222.461264776
7.8125e+13 1.5875 268.492578018
7.8125e+13 1.59791666667 372.176137289
7.8125e+13 1.60833333333 392.275918857
7.8125e+13 1.61875 651.795346357
7.8125e+13 1.62916666667 638.290978364
7.8125e+13 1.63958333333 956.775674047
7.8125e+13 1.65 875.487975362
7.875e+13 1.4 36.9366131688
7.875e+13 1.41041666667 34.1320454468
7.875e+13 1.42083333333 28.0238858344
7.875e+13 1.43125 18.3644835682
7.875e+13 1.44166666667 14.1314486609
7.875e+13 1.45208333333 13.5730406012
7.875e+13 1.4625 20.4736660923
7.875e+13 1.47291666667 8.09682058057
7.875e+13 1.48333333333 8.25881419297
7.875e+13 1.49375 20.2275742684
7.875e+13 1.50416666667 21.5502280694
7.875e+13 1.51458333333 68.3674997514
7.875e+13 1.525 45.9415775505
7.875e+13 1.53541666667 74.680491405
7.875e+13 1.54583333333 135.502586889
7.875e+13 1.55625 110.119302685
7.875e+13 1.56666666667 210.169136883
7.875e+13 1.57708333333 85.7436962734
7.875e+13 1.5875 198.302263997
7.875e+13 1.59791666667 311.01349461
7.875e+13 1.60833333333 492.657056597
7.875e+13 1.61875 484.872180912
7.875e+13 1.62916666667 562.261519762
7.875e+13 1.63958333333 713.792944714
7.875e+13 1.65 814.818720654
7.9375e+13 1.4 43.0586345689
7.9375e+13 1.41041666667 18.6460105084
7.9375e+13 1.42083333333 44.05367411
7.9375e+13 1.43125 20.2932423877
7.9375e+13 1.44166666667 23.279553653
7.9375e+13 1.45208333333 11.9771841427
7.9375e+13 1.4625 8.4768621332
7.9375e+13 1.47291666667 8.06985259773
7.9375e+13 1.48333333333 7.20462793376
7.9375e+13 1.49375 7.28755568866
7.9375e+13 1.50416666667 13.3652729842
7.9375e+13 1.51458333333 14.7267027578
7.9375e+13 1.525 33.4203874624
7.9375e+13 1.53541666667 34.6021163973
7.9375e+13 1.54583333333 65.0501571801
7.9375e+13 1.55625 59.1978424035
7.9375e+13 1.56666666667 124.080607648
7.9375e+13 1.57708333333 215.871965937
7.9375e+13 1.5875 199.634875154
7.9375e+13 1.59791666667 221.492365299
7.9375e+13 1.60833333333 239.337818097
7.9375e+13 1.61875 404.895268023
7.9375e+13 1.62916666667 358.158627954
7.9375e+13 1.63958333333 553.355127284
7.9375e+13 1.65 774.219867503
8e+13 1.4 56.0854031003
8e+13 1.41041666667 41.3937932254
8e+13 1.42083333333 42.3163683502
8e+13 1.43125 32.4228269876
8e+13 1.44166666667 37.7095454779
8e+13 1.45208333333 27.9740065576
8e+13 1.4625 9.23425449514
8e+13 1.47291666667 10.8059401041
8e+13 1.48333333333 9.55833070406
8e+13 1.49375 7.31184200556
8e+13 1.50416666667 15.5053937252
8e+13 1.51458333333 10.4777749603
8e+13 1.525 19.543616756
8e+13 1.53541666667 39.9171216986
8e+13 1.54583333333 70.9369354316
8e+13 1.55625 93.537940398
8e+13 1.56666666667 161.081678511
8e+13 1.57708333333 125.65530684
8e+13 1.5875 184.93937304
8e+13 1.59791666667 172.292668029
8e+13 1.60833333333 538.316853112
8e+13 1.61875 319.269406704
8e+13 1.62916666667 457.944220298
8e+13 1.63958333333 565.533373443
8e+13 1.65 604.281442202
8.0625e+13 1.4 68.4248321571
8.0625e+13 1.41041666667 52.8080888319
8.0625e+13 1.42083333333 55.6376810624
8.0625e+13 1.43125 44.7047965988
8.0625e+13 1.44166666667 31.4033120477
8.0625e+13 1.45208333333 39.6391353658
8.0625e+13 1.4625 23.2417469349
8.0625e+13 1.47291666667 13.1540369423
8.0625e+13 1.48333333333 7.82947540745
8.0625e+13 1.49375 11.23520098
8.0625e+13 1.50416666667 10.4225885245
8.0625e+13 1.51458333333 12.2301181701
8.0625e+13 1.525 50.7729955898
8.0625e+13 1.53541666667 46.7414789942
8.0625e+13 1.54583333333 39.7859137946
8.0625e+13 1.55625 67.8144598213
8.0625e+13 1.56666666667 52.7235476951
8.0625e+13 1.57708333333 84.0213797128
8.0625e+13 1.5875 172.13767091
8.0625e+13 1.59791666667 177.907636395
8.0625e+13 1.60833333333 276.21170614
8.0625e+13 1.61875 331.045225548
8.0625e+13 1.62916666667 280.715206072
8.0625e+13 1.63958333333 524.923533828
8.0625e+13 1.65 668.479764073
8.125e+13 1.4 68.6246129248
8.125e+13 1.41041666667 96.4515071247
8.125e+13 1.42083333333 44.1728991074
8.125e+13 1.43125 62.6867420565
8.125e+13 1.44166666667 33.5097108305
8.125e+13 1.45208333333 36.5517529025
8.125e+13 1.4625 39.2928337868
8.125e+13 1.47291666667 10.6333996194
8.125e+13 1.48333333333 12.3350186861
8.125e+13 1.49375 13.8406182231
8.125e+13 1.50416666667 9.30966349997
8.125e+13 1.51458333333 7.8991691413
8.125e+13 1.525 9.51308022838
8.125e+13 1.53541666667 17.9350621574
8.125e+13 1.54583333333 20.9059404523
8.125e+13 1.55625 33.8705341758
8.125e+13 1.56666666667 98.6906400588
8.125e+13 1.57708333333 132.64191603
8.125e+13 1.5875 77.9896021483
8.125e+13 1.59791666667 143.758527095
8.125e+13 1.60833333333 339.897264719
8.125e+13 1.61875 254.771479047
8.125e+13 1.62916666667 375.123339244
8.125e+13 1.63958333333 392.781977266
8.125e+13 1.65 430.68740934
8.1875e+13 1.4 89.4187244876
8.1875e+13 1.41041666667 91.1811397061
8.1875e+13 1.42083333333 66.3460717265
8.1875e+13 1.43125 86.0186523138
8.1875e+13 1.44166666667 45.7454690059
8.1875e+13 1.45208333333 42.5744062409
8.1875e+13 1.4625 36.1360284315
8.1875e+13 1.47291666667 18.7987417142
8.1875e+13 1.48333333333 21.9202368994
8.1875e+13 1.49375 32.7854054228
8.1875e+13 1.50416666667 8.19516631844
8.1875e+13 1.51458333333 7.79440978064
8.1875e+13 1.525 11.4465139526
8.1875e+13 1.53541666667 22.6575376985
8.1875e+13 1.54583333333 37.7695511835
8.1875e+13 1.55625 44.5280262591
8.1875e+13 1.56666666667 37.3801542202
8.1875e+13 1.57708333333 76.2480225492
8.1875e+13 1.5875 163.960487137
8.1875e+13 1.59791666667 86.3684539753
8.1875e+13 1.60833333333 283.684187396
8.1875e+13 1.61875 301.17096063
8.1875e+13 1.62916666667 276.762382964
8.1875e+13 1.63958333333 347.071890555
8.1875e+13 1.65 462.703920287
8.25e+13 1.4 106.995409811
8.25e+13 1.41041666667 107.118527394
8.25e+13 1.42083333333 93.8724658973
8.25e+13 1.43125 74.7874586774
8.25e+13 1.44166666667 59.6189105484
8.25e+13 1.45208333333 32.0484288494
8.25e+13 1.4625 31.7225338973
8.25e+13 1.47291666667 16.196534039
8.25e+13 1.48333333333 28.11999703
8.25e+13 1.49375 8.77154917035
8.25e+13 1.50416666667 9.53659804625
8.25e+13 1.51458333333 12.001222573
8.25e+13 1.525 9.95622098815
8.25e+13 1.53541666667 10.6883302108
8.25e+13 1.54583333333 18.0254625558
8.25e+13 1.55625 21.1832854924
8.25e+13 1.56666666667 60.9584370717
8.25e+13 1.57708333333 58.8927397143
8.25e+13 1.5875 121.764148344
8.25e+13 1.59791666667 108.825264879
8.25e+13 1.60833333333 169.690810945
8.25e+13 1.61875 172.076402747
8.25e+13 1.62916666667 301.263695743
8.25e+13 1.63958333333 283.255224462
8.25e+13 1.65 409.084954739
8.3125e+13 1.4 117.239230411
8.3125e+13 1.41041666667 93.2420376963
8.3125e+13 1.42083333333 95.7979966458
8.3125e+13 1.43125 63.2472508531
8.3125e+13 1.44166666667 80.2949211702
8.3125e+13 1.45208333333 54.7741718204
8.3125e+13 1.4625 40.4405831934
8.3125e+13 1.47291666667 33.5078770961
8.3125e+13 1.48333333333 42.1266988527
8.3125e+13 1.49375 33.4540279036
8.3125e+13 1.50416666667 16.6538634998
8.3125e+13 1.51458333333 16.0475409842
8.3125e+13 1.525 10.6000799207
8.3125e+13 1.53541666667 12.7335042316
8.3125e+13 1.54583333333 25.2847691747
8.3125e+13 1.55625 15.4158102763
8.3125e+13 1.56666666667 34.9104628266
8.3125e+13 1.57708333333 55.255586917
8.3125e+13 1.5875 141.222513606
8.3125e+13 1.59791666667 54.728345277
8.3125e+13 1.60833333333 71.8867010911
8.3125e+13 1.61875 157.336741218
8.3125e+13 1.62916666667 175.291867868
8.3125e+13 1.63958333333 243.850786945
8.3125e+13 1.65 290.254549956
8.375e+13 1.4 118.494947288
8.375e+13 1.41041666667 109.717889154
8.375e+13 1.42083333333 107.902764335
8.375e+13 1.43125 126.780376055
8.375e+13 1.44166666667 59.6140416049
8.375e+13 1.45208333333 85.0344810241
8.375e+13 1.4625 73.5623265497
8.375e+13 1.47291666667 39.6980852232
8.375e+13 1.48333333333 30.3433076987
8.375e+13 1.49375 27.6071533433
8.375e+13 1.50416666667 30.5180374847
8.375e+13 1.51458333333 19.878121361
8.375e+13 1.525 12.3791629122
8.375e+13 1.53541666667 9.95535071611
8.375e+13 1.54583333333 13.0204961704
8.375e+13 1.55625 12.0841391801
8.375e+13 1.56666666667 24.1318111122
8.375e+13 1.57708333333 28.9487019492
8.375e+13 1.5875 33.8980426212
8.375e+13 1.59791666667 81.8925585764
8.375e+13 1.60833333333 123.20215826
8.375e+13 1.61875 144.462811058
8.375e+13 1.62916666667 128.701388198
8.375e+13 1.63958333333 229.306673214
8.375e+13 1.65 208.607327945
8.4375e+13 1.4 131.43316025
8.4375e+13 1.41041666667 109.381117874
8.4375e+13 1.42083333333 102.850016878
8.4375e+13 1.43125 84.6097957323
8.4375e+13 1.44166666667 91.0943056591
8.4375e+13 1.45208333333 89.2611427226
8.4375e+13 1.4625 79.1469041815
8.4375e+13 1.47291666667 79.1824774142
8.4375e+13 1.48333333333 48.0356023683
8.4375e+13 1.49375 40.9525350453
8.4375e+13 1.50416666667 29.5834097091
8.4375e+13 1.51458333333 21.4261676441
8.4375e+13 1.525 12.4671093522
8.4375e+13 1.53541666667 23.1299461279
8.4375e+13 1.54583333333 10.5041084856
8.4375e+13 1.55625 34.53981849
8.4375e+13 1.56666666667 48.5880150018
8.4375e+13 1.57708333333 11.921132944
8.4375e+13 1.5875 35.9813305846
8.4375e+13 1.59791666667 59.8357477841
8.4375e+13 1.60833333333 89.2359658279
8.4375e+13 1.61875 161.274130054
8.4375e+13 1.62916666667 170.906442946
8.4375e+13 1.63958333333 189.389193659
8.4375e+13 1.65 248.58460903
8.5e+13 1.4 174.89328502
8.5e+13 1.41041666667 141.852943103
8.5e+13 1.42083333333 102.82996697
8.5e+13 1.43125 103.897034793
8.5e+13 1.44166666667 101.775496892
8.5e+13 1.45208333333 77.2872665579
8.5e+13 1.4625 48.3511713178
8.5e+13 1.47291666667 104.739055737
8.5e+13 1.48333333333 39.7580832478
8.5e+13 1.49375 75.0088474059
8.5e+13 1.50416666667 25.6677333423
8.5e+13 1.51458333333 43.6112883878
8.5e+13 1.525 15.5927081454
8.5e+13 1.53541666667 15.6851073181
8.5e+13 1.54583333333 17.0243650806
8.5e+13 1.55625 14.1073842968
8.5e+13 1.56666666667 16.4070367773
8.5e+13 1.57708333333 9.41067881547
8.5e+13 1.5875 35.2262278163
8.5e+13 1.59791666667 39.7838664451
8.5e+13 1.60833333333 83.8633576808
8.5e+13 1.61875 99.0320063232
8.5e+13 1.62916666667 155.860311527
8.5e+13 1.63958333333 139.229688004
8.5e+13 1.65 214.344524059
8.5625e+13 1.4 204.281857814
8.5625e+13 1.41041666667 183.699033827
8.5625e+13 1.42083333333 161.822319502
8.5625e+13 1.43125 157.705500597
8.5625e+13 1.44166666667 136.919925007
8.5625e+13 1.45208333333 125.009858345
8.5625e+13 1.4625 58.9821436761
8.5625e+13 1.47291666667 65.9151209896
8.5625e+13 1.48333333333 46.1504576364
8.5625e+13 1.49375 70.2078660228
8.5625e+13 1.50416666667 32.3852451951
8.5625e+13 1.51458333333 23.6752867464
8.5625e+13 1.525 30.0021212513
8.5625e+13 1.53541666667 18.1246028595
8.5625e+13 1.54583333333 21.14070169
8.5625e+13 1.55625 18.0424205693
8.5625e+13 1.56666666667 14.1464079289
8.5625e+13 1.57708333333 17.804865138
8.5625e+13 1.5875 37.0927510663
8.5625e+13 1.59791666667 71.1484549336
8.5625e+13 1.60833333333 48.6763391055
8.5625e+13 1.61875 79.7372554823
8.5625e+13 1.62916666667 65.4050591384
8.5625e+13 1.63958333333 98.1115221211
8.5625e+13 1.65 135.42064693
8.625e+13 1.4 185.31120674
8.625e+13 1.41041666667 177.127554536
8.625e+13 1.42083333333 144.051709646
8.625e+13 1.43125 143.050372764
8.625e+13 1.44166666667 111.517368343
8.625e+13 1.45208333333 110.520246644
8.625e+13 1.4625 73.6234628922
8.625e+13 1.47291666667 108.867526166
8.625e+13 1.48333333333 82.9230736225
8.625e+13 1.49375 73.2582643293
8.625e+13 1.50416666667 44.229476464
8.625e+13 1.51458333333 15.3405156911
8.625e+13 1.525 25.6948528075
8.625e+13 1.53541666667 30.7016758408
8.625e+13 1.54583333333 17.4796052853
8.625e+13 1.55625 18.3815277671
8.625e+13 1.56666666667 12.0436858674
8.625e+13 1.57708333333 15.564930898
8.625e+13 1.5875 31.6955540862
8.625e+13 1.59791666667 25.2228040808
8.625e+13 1.60833333333 58.085208405
8.625e+13 1.61875 54.4617942892
8.625e+13 1.62916666667 71.107496483
8.625e+13 1.63958333333 141.19924967
8.625e+13 1.65 232.072180339
8.6875e+13 1.4 190.609973635
8.6875e+13 1.41041666667 216.286400753
8.6875e+13 1.42083333333 185.908917005
8.6875e+13 1.43125 131.515233586
8.6875e+13 1.44166666667 136.572247665
8.6875e+13 1.45208333333 105.931003206
8.6875e+13 1.4625 100.361361562
8.6875e+13 1.47291666667 132.168776554
8.6875e+13 1.48333333333 132.431480104
8.6875e+13 1.49375 67.4305253177
8.6875e+13 1.50416666667 55.304485314
8.6875e+13 1.51458333333 60.7752759801
8.6875e+13 1.525 58.1425727062
8.6875e+13 1.53541666667 24.5003861229
8.6875e+13 1.54583333333 26.4516522381
8.6875e+13 1.55625 25.6010601687
8.6875e+13 1.56666666667 16.8871941656
8.6875e+13 1.57708333333 29.8875958739
8.6875e+13 1.5875 63.4082316105
8.6875e+13 1.59791666667 48.2825672834
8.6875e+13 1.60833333333 48.5542504509
8.6875e+13 1.61875 41.510217624
8.6875e+13 1.62916666667 108.181616857
8.6875e+13 1.63958333333 77.7461130524
8.6875e+13 1.65 77.8363274203
8.75e+13 1.4 226.405242221
8.75e+13 1.41041666667 179.494770225
8.75e+13 1.42083333333 192.609008689
8.75e+13 1.43125 185.801762689
8.75e+13 1.44166666667 147.184054587
8.75e+13 1.45208333333 167.283604172
8.75e+13 1.4625 139.489638861
8.75e+13 1.47291666667 105.170101847
8.75e+13 1.48333333333 99.6981557294
8.75e+13 1.49375 30.7725709845
8.75e+13 1.50416666667 74.4716329704
8.75e+13 1.51458333333 47.3059803063
8.75e+13 1.525 47.6327605333
8.75e+13 1.53541666667 45.8272736626
8.75e+13 1.54583333333 21.7312520359
8.75e+13 1.55625 23.0192407178
8.75e+13 1.56666666667 21.4429434029
8.75e+13 1.57708333333 16.7912889339
8.75e+13 1.5875 18.661728919
8.75e+13 1.59791666667 30.7851678603
8.75e+13 1.60833333333 24.424748536
8.75e+13 1.61875 27.570540722
8.75e+13 1.62916666667 43.527448261
8.75e+13 1.63958333333 77.6043954134
8.75e+13 1.65 84.6953729703
8.8125e+13 1.4 222.783937589
8.8125e+13 1.41041666667 243.222661828
8.8125e+13 1.42083333333 247.702440387
8.8125e+13 1.43125 182.591266238
8.8125e+13 1.44166666667 187.555290821
8.8125e+13 1.45208333333 131.556384312
8.8125e+13 1.4625 125.948210037
8.8125e+13 1.47291666667 164.412345715
8.8125e+13 1.48333333333 122.158092793
8.8125e+13 1.49375 86.8895532194
8.8125e+13 1.50416666667 85.1558991999
8.8125e+13 1.51458333333 61.5486690053
8.8125e+13 1.525 56.23813893
8.8125e+13 1.53541666667 23.846641602
8.8125e+13 1.54583333333 47.9112098221
8.8125e+13 1.55625 35.9980554726
8.8125e+13 1.56666666667 21.5652258252
8.8125e+13 1.57708333333 28.0737839243
8.8125e+13 1.5875 21.3598488441
8.8125e+13 1.59791666667 32.1026766844
8.8125e+13 1.60833333333 23.4928613436
8.8125e+13 1.61875 42.211068689
8.8125e+13 1.62916666667 60.0291501761
8.8125e+13 1.63958333333 96.0757952859
8.8125e+13 1.65 125.898320889
8.875e+13 1.4 236.937006947
8.875e+13 1.41041666667 231.967506193
8.875e+13 1.42083333333 226.19805741
8.875e+13 1.43125 229.246221478
8.875e+13 1.44166666667 168.571157477
8.875e+13 1.45208333333 160.400466591
8.875e+13 1.4625 169.428478493
8.875e+13 1.47291666667 105.239331143
8.875e+13 1.48333333333 130.43268078
8.875e+13 1.49375 102.667369717
8.875e+13 1.50416666667 109.397922181
8.875e+13 1.51458333333 91.3363367033
8.875e+13 1.525 98.7824201067
8.875e+13 1.53541666667 56.3551321334
8.875e+13 1.54583333333 48.3362338503
8.875e+13 1.55625 45.3968026389
8.875e+13 1.56666666667 31.7376348041
8.875e+13 1.57708333333 21.5437601691
8.875e+13 1.5875 36.4790471409
8.875e+13 1.59791666667 31.372598184
8.875e+13 1.60833333333 32.4696203522
8.875e+13 1.61875 44.448916197
8.875e+13 1.62916666667 27.4597739993
8.875e+13 1.63958333333 56.1077907695
8.875e+13 1.65 115.16938934
8.9375e+13 1.4 248.480648255
8.9375e+13 1.41041666667 210.70259858
8.9375e+13 1.42083333333 234.525703853
8.9375e+13 1.43125 244.231559681
8.9375e+13 1.44166666667 178.710147959
8.9375e+13 1.45208333333 192.316383677
8.9375e+13 1.4625 169.11236681
8.9375e+13 1.47291666667 144.568603565
8.9375e+13 1.48333333333 116.722689329
8.9375e+13 1.49375 150.348064595
8.9375e+13 1.50416666667 112.08395696
8.9375e+13 1.51458333333 80.8073058475
8.9375e+13 1.525 142.753434898
8.9375e+13 1.53541666667 77.55293762
8.9375e+13 1.54583333333 75.7386791634
8.9375e+13 1.55625 46.9022828334
8.9375e+13 1.56666666667 36.3555198409
8.9375e+13 1.57708333333 68.0104046138
8.9375e+13 1.5875 21.9860723232
8.9375e+13 1.59791666667 20.3585041565
8.9375e+13 1.60833333333 31.0548823091
8.9375e+13 1.61875 31.875416719
8.9375e+13 1.62916666667 27.7040490669
8.9375e+13 1.63958333333 62.5320026826
8.9375e+13 1.65 83.9510165133
9e+13 1.4 268.056669503
9e+13 1.41041666667 250.767102779
9e+13 1.42083333333 245.505004066
9e+13 1.43125 239.572867959
9e+13 1.44166666667 256.418412298
9e+13 1.45208333333 233.656467188
9e+13 1.4625 217.17922468
9e+13 1.47291666667 161.308719397
9e+13 1.48333333333 145.276297967
9e+13 1.49375 123.839278115
9e+13 1.50416666667 98.5515520685
9e+13 1.51458333333 121.151918735
9e+13 1.525 80.5401792597
9e+13 1.53541666667 90.8795419211
9e+13 1.54583333333 97.2832731691
9e+13 1.55625 86.5229331578
9e+13 1.56666666667 55.8833005064
9e+13 1.57708333333 21.1702946251
9e+13 1.5875 46.7249553656
9e+13 1.59791666667 30.7225510344
9e+13 1.60833333333 27.7428718
9e+13 1.61875 31.6480626438
9e+13 1.62916666667 32.3947332667
9e+13 1.63958333333 74.6491154693
9e+13 1.65 91.3443233627

7.83e+13 1.47 21.0155478941
7.83e+13 1.47 16.9568692094
7.83e+13 1.47 10.1873748558
7.83e+13 1.47 12.2374885752
7.83e+13 1.47 26.5303503521
7.83e+13 1.47 14.8775741992

7.85e+13 1.47 13.7001113699
7.85e+13 1.47 9.23766779495
7.85e+13 1.47 24.0207481717
7.85e+13 1.47 12.3472468659
7.85e+13 1.47 25.3783879203
7.85e+13 1.47 12.2972133141

7.87e+13 1.47 17.4008701824
7.87e+13 1.47 9.83031152977
7.87e+13 1.47 10.1583720048
7.87e+13 1.47 10.3990126224
7.87e+13 1.47 8.61012863896
7.87e+13 1.47 14.6531105719

7.89e+13 1.47 12.6231248008
7.89e+13 1.47 7.59864491931
7.89e+13 1.47 7.7913114119
7.89e+13 1.47 8.27543755931
7.89e+13 1.47 10.847893858
7.89e+13 1.47 9.19427633359

7.91e+13 1.47 8.2213791485
7.91e+13 1.47 8.61409894212
7.91e+13 1.47 9.40697845858
7.91e+13 1.47 11.6662476592
7.91e+13 1.47 10.636400994
7.91e+13 1.47 9.89899373313

7.83e+13 1.49 36.1303959442
7.83e+13 1.49 82.8669754371
7.83e+13 1.49 52.960515885
7.83e+13 1.49 18.5115935619
7.83e+13 1.49 39.4218706317
7.83e+13 1.49 20.8985918214

7.85e+13 1.49 17.3393597479
7.85e+13 1.49 11.6895423125
7.85e+13 1.49 10.8152191475
7.85e+13 1.49 8.86502087029
7.85e+13 1.49 16.6063948118
7.85e+13 1.49 26.3542340282

7.87e+13 1.49 10.715877355
7.87e+13 1.49 15.3947809617
7.87e+13 1.49 9.15696609488
7.87e+13 1.49 7.66020298229
7.87e+13 1.49 13.8465024378
7.87e+13 1.49 7.83630912675

7.89e+13 1.49 9.28983728492
7.89e+13 1.49 8.61549022647
7.89e+13 1.49 11.2480177068
7.89e+13 1.49 9.52691618218
7.89e+13 1.49 8.74407485268
7.89e+13 1.49 7.89578841553

7.91e+13 1.49 19.0660636972
7.91e+13 1.49 11.5108801545
7.91e+13 1.49 9.4595376131
7.91e+13 1.49 9.64679512049
7.91e+13 1.49 9.0934394942
7.91e+13 1.49 11.7241517612

7.93e+13 1.49 10.4921062401
7.93e+13 1.49 8.15192251945
7.93e+13 1.49 7.85473890717
7.93e+13 1.49 7.33689696584
7.93e+13 1.49 10.6948639429
7.93e+13 1.49 11.2097988238

7.83e+13 1.5 12.642739096
7.83e+13 1.5 23.0937405726
7.83e+13 1.5 28.7360475474
7.83e+13 1.5 20.2785810324
7.83e+13 1.5 29.8928805521
7.83e+13 1.5 16.6321807742

7.85e+13 1.5 31.6576433387
7.85e+13 1.5 19.7269512139
7.85e+13 1.5 22.5592631985
7.85e+13 1.5 16.0486093809
7.85e+13 1.5 24.5980389011
7.85e+13 1.5 27.6193515283

7.87e+13 1.5 28.7619017218
7.87e+13 1.5 25.7928490141
7.87e+13 1.5 12.3542986898
7.87e+13 1.5 43.7101103309
7.87e+13 1.5 9.29828741231
7.87e+13 1.5 30.083004746

7.89e+13 1.5 8.91399064893
7.89e+13 1.5 14.1754821227
7.89e+13 1.5 10.6986210771
7.89e+13 1.5 13.6506328136
7.89e+13 1.5 11.9306337442
7.89e+13 1.5 13.2687161129

7.91e+13 1.5 11.0328425987
7.91e+13 1.5 8.38417481078
7.91e+13 1.5 20.2076653503
7.91e+13 1.5 11.5410720252
7.91e+13 1.5 10.3364377417
7.91e+13 1.5 12.6286253171

7.93e+13 1.5 10.4530148625
7.93e+13 1.5 11.136784546
7.93e+13 1.5 9.38631652826
7.93e+13 1.5 35.6624484171
7.93e+13 1.5 22.1520932367
7.93e+13 1.5 15.9958913581

7.83e+13 1.48 23.5395359061
7.83e+13 1.48 24.2776447558
7.83e+13 1.48 17.5614029684
7.83e+13 1.48 43.723109138
7.83e+13 1.48 32.2782430189
7.83e+13 1.48 45.1136519146

7.85e+13 1.48 13.3002043427
7.85e+13 1.48 26.4398583582
7.85e+13 1.48 14.2436161815
7.85e+13 1.48 18.0970375211
7.85e+13 1.48 32.604936942
7.85e+13 1.48 19.0311797645

7.87e+13 1.48 9.5922230463
7.87e+13 1.48 18.9007927451
7.87e+13 1.48 12.9132062305
7.87e+13 1.48 12.2681896105
7.87e+13 1.48 8.23361992006
7.87e+13 1.48 29.2232451423

7.89e+13 1.48 13.6350002439
7.89e+13 1.48 12.1353191017
7.89e+13 1.48 8.2401834886
7.89e+13 1.48 11.5572097226
7.89e+13 1.48 10.8846247948
7.89e+13 1.48 10.6690315375

7.91e+13 1.48 8.35464798407
7.91e+13 1.48 16.8878222292
7.91e+13 1.48 7.98609287168
7.91e+13 1.48 7.4037937896
7.91e+13 1.48 7.44945908222
7.91e+13 1.48 17.2521394944

7.93e+13 1.48 9.26931251225
7.93e+13 1.48 10.7124648654
7.93e+13 1.48 8.23564048075
7.93e+13 1.48 7.78143765488
7.93e+13 1.48 10.4439340697
7.93e+13 1.48 8.30236969551
7.85e+13 1.47 18.1815467029
7.85e+13 1.47 16.4623686205
7.85e+13 1.47 14.6083989411
7.85e+13 1.47 14.0783175403
7.85e+13 1.47 26.2592494877
7.85e+13 1.47 17.5210144827
7.87e+13 1.47 7.94753556091
7.87e+13 1.47 7.48493164082
7.87e+13 1.47 7.78971302253
7.87e+13 1.47 10.4976502138
7.87e+13 1.47 8.26021210532
7.87e+13 1.47 7.07673952631
7.89e+13 1.47 8.93037402505
7.89e+13 1.47 6.94504855451
7.89e+13 1.47 9.42038893072
7.89e+13 1.47 7.8974277543
7.89e+13 1.47 9.04320476623
7.89e+13 1.47 8.62840702133
7.91e+13 1.47 8.24642067533
7.91e+13 1.47 8.27836303564
7.91e+13 1.47 9.25519448785
7.91e+13 1.47 8.34064466642
7.91e+13 1.47 15.7494200588
7.91e+13 1.47 23.0725400834
7.93e+13 1.47 14.2344264644
7.93e+13 1.47 9.41965491163
7.93e+13 1.47 9.92869219033
7.93e+13 1.47 10.9183629143
7.93e+13 1.47 10.2310955067
7.93e+13 1.47 7.55976691432
7.95e+13 1.47 15.8148725406
7.95e+13 1.47 18.5732398554
7.95e+13 1.47 8.73558293867
7.95e+13 1.47 13.8665601744
7.95e+13 1.47 8.48633515162
7.95e+13 1.47 10.4760232632
7.9e+14 1.48 3013.88749494
7.9e+13 1.48 8.82063225254
