0.00942477796077 15628.7 4336.68
0.0157079632679 17371.5 3025.29
0.0219911485751 15296.3 1721.8
0.0282743338823 12609.6 1166.45
0.0345575191895 10029.8 701.029
0.0408407044967 8079.53 527.536
0.0471238898038 7112.17 370.633
0.053407075111 6247.37 300.588
0.0596902604182 5821.54 240.999
0.0659734457254 5312.64 204.166
0.0722566310326 4917.73 172.734
0.0785398163397 4183.28 133.528
0.0848230016469 3652.81 106.419
0.0911061869541 3132.16 88.1343
0.0973893722613 2884.73 73.7714
0.103672557568 2586.48 63.8001
0.109955742876 2421.86 54.8305
0.116238928183 2286.95 49.8194
0.12252211349 2127.08 43.4533
0.128805298797 2066.23 40.3972
0.135088484104 1888.76 35.3522
0.141371669412 1718.67 30.6626
0.147654854719 1598.68 27.1215
0.153938040026 1482.12 24.5382
0.160221225333 1393.6 21.7093
0.16650441064 1270.42 19.3151
0.172787595947 1243.46 17.9527
0.179070781255 1184.88 16.9831
0.185353966562 1128.61 15.2071
0.191637151869 1082.94 14.4692
0.197920337176 1023.66 12.904
0.204203522483 955.809 11.8994
0.210486707791 914.224 10.9191
0.216769893098 873.601 10.2096
0.223053078405 826.075 9.36073
0.229336263712 795.96 8.79056
0.235619449019 768.582 8.28432
0.241902634326 751.607 7.86556
0.248185819634 707.214 7.20415
0.254469004941 687.563 6.8847
0.260752190248 660.542 6.39909
0.267035375555 635.625 6.04928
0.273318560862 624.474 5.76266
0.279601746169 592.47 5.38246
0.285884931477 574.307 5.09823
0.292168116784 548.732 4.80379
0.298451302091 536.39 4.55627
0.304734487398 525.548 4.39415
0.311017672705 504.608 4.11442
0.317300858013 490.397 3.94657
0.32358404332 472.909 3.69737
0.329867228627 454.907 3.52616
0.336150413934 452.759 3.41534
0.342433599241 436.09 3.27526
0.348716784548 427.761 3.1108
0.354999969856 414.861 2.99061
0.361283155163 405.903 2.87795
0.36756634047 390.587 2.70486
0.373849525777 385.608 2.64322
0.380132711084 377.554 2.5285
0.386415896392 368.121 2.4413
0.392699081699 361.494 2.36265
0.398982267006 347.968 2.21493
0.405265452313 339.001 2.16216
0.41154863762 331.217 2.04563
0.417831822927 323.511 1.99923
0.424115008235 320.829 1.9372
0.430398193542 313.099 1.86332
0.436681378849 308.6 1.81563
0.442964564156 302.421 1.75709
0.449247749463 293.598 1.68231
0.455530934771 290.081 1.63843
0.461814120078 283.3 1.56651
0.468097305385 279.275 1.54258
0.474380490692 274.088 1.48156
0.480663675999 269.307 1.4478
0.486946861306 265.15 1.40365
0.493230046614 259.63 1.35907
0.499513231921 253.017 1.30789
0.505796417228 252.553 1.29125
0.512079602535 246.848 1.24359
0.518362787842 245.661 1.21884
0.524645973149 238.94 1.1789
0.530929158457 234.965 1.1475
0.537212343764 232.051 1.11394
0.543495529071 227.11 1.083
0.549778714378 225.178 1.05919
0.556061899685 221.739 1.03981
0.562345084993 219.027 1.00289
0.5686282703 215.68 0.984215
0.574911455607 210.548 0.951521
0.581194640914 207.846 0.928321
0.587477826221 205.917 0.910525
0.593761011528 202.521 0.887474
0.600044196836 199.196 0.862412
0.606327382143 197.288 0.849361
0.61261056745 194.095 0.822582
0.618893752757 192.327 0.809216
0.625176938064 189.409 0.789113
0.631460123372 188.559 0.779507
0.637743308679 186.609 0.760388
0.644026493986 183.805 0.74612
0.650309679293 181.196 0.725774
0.6565928646 178.68 0.711142
0.662876049907 177.136 0.697954
0.669159235215 174.009 0.680542
0.675442420522 172.401 0.665564
0.681725605829 169.709 0.654276
0.688008791136 170.135 0.645023
0.694291976443 167.134 0.633198
0.700575161751 164.566 0.612967
0.706858347058 163.33 0.606493
0.713141532365 162.764 0.597596
0.719424717672 158.103 0.576589
0.725707902979 157.392 0.568933
0.731991088286 155.84 0.559676
0.738274273594 153.938 0.547383
0.744557458901 153.163 0.542077
0.750840644208 151.771 0.531852
0.757123829515 149.913 0.520682
0.763407014822 148.001 0.51017
0.769690200129 146.884 0.503152
0.775973385437 145.116 0.491556
0.782256570744 144.365 0.486826
0.788539756051 143.767 0.47939
0.794822941358 141.319 0.472146
0.801106126665 140.561 0.462227
0.807389311973 139.307 0.456225
0.81367249728 136.536 0.442773
0.819955682587 136.437 0.440146
0.826238867894 135.38 0.433223
0.832522053201 133.993 0.425355
0.838805238508 132.398 0.416847
0.845088423816 130.795 0.411999
0.851371609123 130.68 0.406315
0.85765479443 129.11 0.398757
0.863937979737 128.047 0.393481
0.870221165044 127.107 0.387427
0.876504350352 125.598 0.381018
0.882787535659 124.79 0.374871
0.889070720966 124.301 0.37188
0.895353906273 122.928 0.365339
0.90163709158 121.902 0.358903
0.907920276887 120.422 0.353702
0.914203462195 120.188 0.348784
0.920486647502 119.114 0.345506
0.926769832809 117.639 0.337803
0.933053018116 116.877 0.334126
0.939336203423 116.145 0.329223
0.945619388731 114.81 0.325171
0.951902574038 114.099 0.319887
0.958185759345 113.86 0.317976
0.964468944652 112.376 0.310283
0.970752129959 112.103 0.309056
0.977035315266 110.984 0.303953
0.983318500574 110.309 0.300613
0.989601685881 109.646 0.296579
0.995884871188 108.617 0.291888
1.0021680565 108.02 0.288821
1.0084512418 107.135 0.285417
1.01473442711 105.815 0.279113
1.02101761242 105.667 0.277589
1.02730079772 104.604 0.273626
1.03358398303 104.183 0.270537
1.03986716834 103.978 0.268477
1.04615035365 102.948 0.264926
1.05243353895 102.322 0.261202
1.05871672426 101.045 0.257473
1.06499990957 100.668 0.253933
1.07128309487 99.7375 0.250876
1.07756628018 99.6175 0.248933
1.08384946549 98.5618 0.245299
1.0901326508 97.8483 0.242164
1.0964158361 97.3633 0.239522
1.10269902141 96.6716 0.236492
1.10898220672 96.526 0.235351
1.11526539202 95.7159 0.232249
1.12154857733 94.9805 0.228909
1.12783176264 94.6401 0.226568
1.13411494795 94.2858 0.224769
1.14039813325 93.3425 0.221955
1.14668131856 92.914 0.219259
1.15296450387 91.7467 0.215166
1.15924768917 91.5378 0.214379
1.16553087448 90.9288 0.211397
1.17181405979 90.2546 0.209169
1.1780972451 89.9746 0.206703
1.1843804304 89.367 0.20565
1.19066361571 89.0171 0.202844
1.19694680102 88.4295 0.201249
1.20322998632 87.8238 0.197844
1.20951317163 87.3346 0.197002
1.21579635694 87.25 0.194921
1.22207954225 86.3633 0.192611
1.22836272755 85.7251 0.189829
1.23464591286 85.1911 0.188022
1.24092909817 85.2604 0.187781
1.24721228348 84.3546 0.184356
1.25349546878 84.2338 0.183269
1.25977865409 83.4762 0.180997
1.2660618394 82.8534 0.178672
1.2723450247 82.6889 0.177776
1.27862821001 82.1887 0.17538
1.28491139532 81.506 0.173902
1.29119458063 81.5459 0.172269
1.29747776593 80.9013 0.17097
1.30376095124 80.8462 0.169746
1.31004413655 80.0391 0.167556
1.31632732185 79.5826 0.165603
1.32261050716 79.0061 0.163925
1.32889369247 79.148 0.163417
1.33517687778 78.6832 0.161733
1.34146006308 78.242 0.159752
1.34774324839 77.7655 0.158728
1.3540264337 77.4571 0.157258
1.360309619 77.0619 0.15568
1.36659280431 76.6893 0.154439
1.37287598962 76.3144 0.152745
1.37915917493 76.1416 0.152131
1.38544236023 75.6742 0.150403
1.39172554554 75.0096 0.148381
1.39800873085 74.6085 0.14723
1.40429191615 74.5504 0.146224
1.41057510146 73.8359 0.144576
1.41685828677 73.8807 0.143713
1.42314147208 73.4874 0.142832
1.42942465738 73.0204 0.140913
1.43570784269 72.9098 0.140374
1.441991028 72.5189 0.138827
1.4482742133 72.1869 0.13811
1.45455739861 71.9174 0.136648
1.46084058392 71.6544 0.135752
1.46712376923 71.2519 0.134322
1.47340695453 70.7954 0.133262
1.47969013984 70.5941 0.132165
1.48597332515 70.3245 0.131228
1.49225651046 69.7897 0.129809
1.49853969576 69.6268 0.129161
1.50482288107 69.363 0.127727
1.51110606638 69.03 0.126959
1.51738925168 68.8878 0.125994
1.52367243699 68.4734 0.124913
1.5299556223 67.9365 0.123394
1.53623880761 67.8491 0.122809
1.54252199291 67.6633 0.122166
1.54880517822 67.455 0.121335
1.55508836353 67.0824 0.119895
1.56137154883 66.7269 0.119332
1.56765473414 66.5669 0.118324
1.57393791945 66.2897 0.117433
1.58022110476 65.8211 0.116132
1.58650429006 65.7791 0.115798
1.59278747537 65.6881 0.115195
1.59907066068 65.2637 0.113807
1.60535384598 65.0096 0.113121
1.61163703129 64.9262 0.112665
1.6179202166 64.5354 0.111531
1.62420340191 64.2773 0.110686
1.63048658721 64.0193 0.109889
1.63676977252 63.5928 0.108791
1.64305295783 63.3056 0.107943
1.64933614313 63.2201 0.107526
1.65561932844 62.9244 0.106396
1.66190251375 62.6873 0.105893
1.66818569906 62.6715 0.10517
1.67446888436 62.1017 0.104335
1.68075206967 62.2421 0.103923
1.68703525498 62.0618 0.103151
1.69331844028 61.6979 0.102299
1.69960162559 61.5177 0.101961
1.7058848109 61.2012 0.100652
1.71216799621 60.9988 0.100322
1.71845118151 60.7119 0.0992948
1.72473436682 60.7413 0.0992439
1.73101755213 60.1775 0.0979253
1.73730073744 60.1373 0.0973963
1.74358392274 60.0431 0.0972123
1.74986710805 59.6914 0.0961461
1.75615029336 59.6637 0.0957604
1.76243347866 59.4963 0.0952418
1.76871666397 59.1388 0.0943312
1.77499984928 58.8783 0.0937341
1.78128303459 58.7693 0.0930585
1.78756621989 58.5293 0.0926577
1.7938494052 58.2529 0.0916396
1.80013259051 58.0826 0.0914476
1.80641577581 57.9484 0.0906485
1.81269896112 57.6759 0.0901817
1.81898214643 57.6218 0.0895794
1.82526533174 57.3355 0.0889845
1.83154851704 57.1659 0.0884318
1.83783170235 57.1212 0.0880738
1.84411488766 56.8186 0.0872566
1.85039807296 56.649 0.086916
1.85668125827 56.3963 0.086149
1.86296444358 56.2978 0.0858537
1.86924762889 55.9518 0.0849556
1.87553081419 55.9209 0.0846809
1.8818139995 55.7523 0.0842228
1.88809718481 55.5288 0.0836455
1.89438037011 55.3793 0.083207
1.90066355542 55.2266 0.0825125
1.90694674073 55.053 0.0822123
1.91322992604 54.898 0.0817639
1.91951311134 54.7289 0.0811035
1.92579629665 54.5696 0.0807998
1.93207948196 54.3486 0.0800403
1.93836266726 54.036 0.0797175
1.94464585257 54.1813 0.0793423
1.95092903788 53.8069 0.0787315
1.95721222319 53.7758 0.0783448
1.96349540849 53.5353 0.077886
1.9697785938 53.3565 0.077395
1.97606177911 53.2493 0.0769167
1.98234496442 52.9666 0.0764005
1.98862814972 52.8037 0.0759935
1.99491133503 52.6845 0.0755574
2.00119452034 52.5208 0.07514
2.00747770564 52.3957 0.0747256
2.01376089095 52.2399 0.0743734
2.02004407626 52.1428 0.0739185
2.02632726157 51.9412 0.073389
2.03261044687 51.8003 0.0730657
2.03889363218 51.6663 0.0727875
2.04517681749 51.482 0.0721666
2.05146000279 51.3016 0.0717698
2.0577431881 51.1363 0.0713486
2.06402637341 51.0795 0.0710986
2.07030955872 50.8424 0.0705281
2.07659274402 50.701 0.0701804
2.08287592933 50.5579 0.0699001
2.08915911464 50.4356 0.069514
2.09544229994 50.215 0.0688667
2.10172548525 50.1667 0.0688273
2.10800867056 50.0297 0.068291
2.11429185587 49.97 0.068096
2.12057504117 49.7527 0.0676343
2.12685822648 49.6299 0.0672535
2.13314141179 49.5713 0.0669908
2.13942459709 49.2595 0.066405
2.1457077824 49.0723 0.0660328
2.15199096771 48.999 0.0658333
2.15827415302 48.9428 0.0653759
2.16455733832 48.71 0.0651282
2.17084052363 48.6285 0.0646518
2.17712370894 48.5557 0.0645703
2.18340689424 48.3804 0.0641229
2.18969007955 48.2738 0.0637547
2.19597326486 48.0675 0.0633476
2.20225645017 47.963 0.0631068
2.20853963547 47.8788 0.0628031
2.21482282078 47.6819 0.0623975
2.22110600609 47.6105 0.0620855
2.2273891914 47.562 0.0619937
2.2336723767 47.2712 0.061318
2.23995556201 47.138 0.0611451
2.24623874732 47.1645 0.0609182
2.25252193262 46.9392 0.0605554
2.25880511793 46.8879 0.0603386
2.26508830324 46.7955 0.0599699
2.27137148855 46.5468 0.0596615
2.27765467385 46.4413 0.0592461
2.28393785916 46.3939 0.0591014
2.29022104447 46.2493 0.0588052
2.29650422977 46.1232 0.0583885
2.30278741508 45.9299 0.0582201
2.30907060039 45.8611 0.0577921
2.3153537857 45.7103 0.0575955
2.321636971 45.6032 0.0571966
2.32792015631 45.5909 0.0571724
2.33420334162 45.4713 0.0568656
2.34048652692 45.1585 0.0563168
2.34676971223 45.1437 0.0561541
2.35305289754 45.1034 0.0559721
2.35933608285 45.006 0.0557355
2.36561926815 44.806 0.0554476
2.37190245346 44.6709 0.055001
2.37818563877 44.673 0.0549884
2.38446882407 44.4803 0.054562
2.39075200938 44.4181 0.0544147
2.39703519469 44.3143 0.0541614
2.40331838 44.2469 0.053898
2.4096015653 44.1097 0.0536048
2.41588475061 43.9566 0.0533415
2.42216793592 43.8099 0.0529962
2.42845112122 43.8114 0.0529992
2.43473430653 43.6666 0.0525823
2.44101749184 43.6002 0.0524592
2.44730067715 43.5638 0.0521824
2.45358386245 43.3948 0.0520154
2.45986704776 43.2601 0.0516323
2.46615023307 43.2542 0.0515435
2.47243341838 43.0369 0.0511969
2.47871660368 43.0386 0.0510921
2.48499978899 42.8014 0.0506627
2.4912829743 42.763 0.0505101
2.4975661596 42.7262 0.0504012
2.50384934491 42.6283 0.0501024
2.51013253022 42.3942 0.0497696
2.51641571553 42.3884 0.0496651
2.52269890083 42.3794 0.0494558
2.52898208614 42.2471 0.0493131
2.53526527145 42.1507 0.0490095
2.54154845675 42.0626 0.048845
2.54783164206 42.0126 0.0486391
2.55411482737 41.818 0.0484134
2.56039801268 41.7069 0.0481249
2.56668119798 41.7207 0.047961
2.57296438329 41.6273 0.0478385
2.5792475686 41.5673 0.0476496
2.5855307539 41.4751 0.047395
2.59181393921 41.3962 0.0472691
2.59809712452 41.2896 0.0470259
2.60438030983 41.2557 0.0469243
2.61066349513 41.209 0.0466584
2.61694668044 41.07 0.0465186
2.62322986575 40.9655 0.0462905
2.62951305105 40.9465 0.0460898
2.63579623636 40.8929 0.0459973
2.64207942167 40.7503 0.0457159
2.64836260698 40.7419 0.0456188
2.65464579228 40.5614 0.0453069
2.66092897759 40.6269 0.0452841
2.6672121629 40.5116 0.0451115
2.6734953482 40.4093 0.0448118
2.67977853351 40.3714 0.0447497
2.68606171882 40.2388 0.0444845
2.69234490413 40.2652 0.0444524
2.69862808943 40.1443 0.044214
2.70491127474 40.097 0.0440922
2.71119446005 40.0548 0.043919
2.71747764536 39.9217 0.0436917
2.72376083066 39.9291 0.0435842
2.73004401597 39.9045 0.0434389
2.73632720128 39.7903 0.0433367
2.74261038658 39.7471 0.0431437
2.74889357189 39.7085 0.0429619
2.7551767572 39.6816 0.0429173
2.76145994251 39.6148 0.0426878
2.76774312781 39.5407 0.0425742
2.77402631312 39.4399 0.0423573
2.78030949843 39.4104 0.0422606
2.78659268373 39.4438 0.042197
2.79287586904 39.3755 0.0420394
2.79915905435 39.2997 0.0418273
2.80544223966 39.3167 0.0418092
2.81172542496 39.191 0.0415397
2.81800861027 39.2417 0.0416358
2.82429179558 39.1581 0.0412929
2.83057498088 39.1466 0.0412595
2.83685816619 39.0283 0.0410642
2.8431413515 39.0615 0.0410157
2.84942453681 38.9764 0.0408377
2.85570772211 38.9175 0.0406977
2.86199090742 38.8896 0.0405963
2.86827409273 38.8597 0.0404676
2.87455727803 38.901 0.0404051
2.88084046334 38.8209 0.0402761
2.88712364865 38.7745 0.0401178
2.89340683396 38.7798 0.040083
2.89969001926 38.6948 0.0398866
2.90597320457 38.7354 0.0398562
2.91225638988 38.6712 0.0396606
2.91853957518 38.6819 0.0396436
2.92482276049 38.657 0.039499
2.9311059458 38.7073 0.0394632
2.93738913111 38.5965 0.0393108
2.94367231641 38.5906 0.0392002
2.94995550172 38.5552 0.0390747
2.95623868703 38.5948 0.039076
2.96252187234 38.5648 0.0389003
2.96880505764 38.5929 0.0388898
2.97508824295 38.5738 0.0387819
2.98137142826 38.4929 0.0386249
2.98765461356 38.5165 0.0385509
2.99393779887 38.5291 0.0385109
3.00022098418 38.4818 0.038399
3.00650416949 38.5629 0.0383643
3.01278735479 38.5116 0.0382316
3.0190705401 38.5212 0.0381833
3.02535372541 38.4766 0.0380237
3.03163691071 38.57 0.0380703
3.03792009602 38.5717 0.0379373
3.04420328133 38.5668 0.0379075
3.05048646664 38.6175 0.0378594
3.05676965194 38.5897 0.0377696
3.06305283725 38.6425 0.0376966
3.06933602256 38.6056 0.0376286
3.07561920786 38.6519 0.0375379
3.08190239317 38.7291 0.0375977
3.08818557848 38.7257 0.0374548
3.09446876379 38.8079 0.0374944
3.10075194909 38.7432 0.0373048
3.1070351344 38.8889 0.0374193
3.11331831971 38.8339 0.0372427
3.11960150501 38.8502 0.0372341
3.12588469032 38.8904 0.0371311
3.13216787563 38.9397 0.0371424
3.13845106094 39.0061 0.0371084
3.14473424624 39.0196 0.0370255
3.15101743155 39.0706 0.0370412
3.15730061686 39.138 0.0369776
3.16358380216 39.216 0.0369672
3.16986698747 39.2509 0.0369499
3.17615017278 39.2996 0.0368555
3.18243335809 39.4089 0.0369487
3.18871654339 39.3855 0.0367856
3.1949997287 39.4929 0.0368341
3.20128291401 39.5295 0.0367768
3.20756609932 39.6686 0.0368644
3.21384928462 39.7441 0.0367726
3.22013246993 39.6842 0.0367529
3.22641565524 39.6501 0.0367421
3.23269884054 39.4343 0.0366477
3.23898202585 39.3961 0.0366093
3.24526521116 39.3653 0.0366557
3.25154839647 39.2412 0.0365829
3.25783158177 39.2348 0.0366171
3.26411476708 39.1004 0.0365382
3.27039795239 39.0567 0.0365704
3.27668113769 38.9583 0.0364877
3.282964323 38.8734 0.0364934
3.28924750831 38.8154 0.0364822
3.29553069362 38.7529 0.0364731
3.30181387892 38.6738 0.0364271
3.30809706423 38.5645 0.0364343
3.31438024954 38.575 0.036437
3.32066343484 38.4726 0.0364255
3.32694662015 38.4038 0.0364065
3.33322980546 38.3792 0.0364024
3.33951299077 38.3754 0.0364573
3.34579617607 38.3122 0.0364584
3.35207936138 38.1858 0.0363928
3.35836254669 38.1721 0.0364463
3.36464573199 38.0758 0.0364063
3.3709289173 38.0858 0.0364263
3.37721210261 38.0457 0.0364901
3.38349528792 37.9754 0.0364194
3.38977847322 37.9064 0.0364445
3.39606165853 37.8958 0.0364951
3.40234484384 37.8448 0.0364832
3.40862802914 37.7737 0.0365021
3.41491121445 37.8137 0.0365046
3.42119439976 37.712 0.0365667
3.42747758507 37.6389 0.0364821
3.43376077037 37.6028 0.0365279
3.44004395568 37.5837 0.0365648
3.44632714099 37.5696 0.0366097
3.4526103263 37.4654 0.0365383
3.4588935116 37.4346 0.0366261
3.46517669691 37.4979 0.0366714
3.47145988222 37.4222 0.0366957
3.47774306752 37.4064 0.0367024
3.48402625283 37.3596 0.0367487
3.49030943814 37.3394 0.0368011
3.49659262345 37.3399 0.0367843
3.50287580875 37.2173 0.0368177
3.50915899406 37.2551 0.0368705
3.51544217937 37.2541 0.0369196
3.52172536467 37.1936 0.0369336
3.52800854998 37.1945 0.0369897
3.53429173529 37.1877 0.0370374
3.5405749206 37.0723 0.0369685
3.5468581059 37.159 0.0371705
3.55314129121 37.0978 0.0370701
3.55942447652 37.0867 0.037224
3.56570766182 37.0559 0.0372137
3.57199084713 37.0629 0.0372941
3.57827403244 36.9771 0.0372566
3.58455721775 37.051 0.0374148
3.59084040305 36.9909 0.0374267
3.59712358836 37.0084 0.0374873
3.60340677367 36.9644 0.0374981
3.60968995897 36.9682 0.0376185
3.61597314428 36.8922 0.0375453
3.62225632959 36.9035 0.0376822
3.6285395149 36.9262 0.03774
3.6348227002 36.8794 0.0377616
3.64110588551 36.9123 0.0378335
3.64738907082 36.902 0.0379178
3.65367225612 36.8955 0.0380177
3.65995544143 36.8551 0.0380062
3.66623862674 36.8548 0.0380751
3.67252181205 36.8878 0.0382181
3.67880499735 36.8957 0.0382566
3.68508818266 36.8848 0.0383438
3.69137136797 36.8626 0.0383895
3.69765455328 36.8495 0.0384458
3.70393773858 36.8865 0.038563
3.71022092389 36.8493 0.0385916
3.7165041092 36.8666 0.0386893
3.7227872945 36.8412 0.0387551
3.72907047981 36.8794 0.0388553
3.73535366512 36.8918 0.0389619
3.74163685043 36.8937 0.039026
3.74792003573 36.8891 0.0391113
3.75420322104 36.9247 0.0391889
3.76048640635 36.9113 0.0393042
3.76676959165 36.9157 0.0393934
3.77305277696 36.9558 0.0395247
3.77933596227 36.9128 0.0394763
3.78561914758 36.9274 0.0396898
3.79190233288 36.9317 0.039709
3.79818551819 36.9644 0.0398616
3.8044687035 37.0155 0.0399836
3.8107518888 37.1057 0.0401852
3.81703507411 37.0157 0.0401633
3.82331825942 37.0802 0.0403101
3.82960144473 37.061 0.0403913
3.83588463003 37.1195 0.0405715
3.84216781534 37.0822 0.0405725
3.84845100065 37.1531 0.0407938
3.85473418595 37.1794 0.0408848
3.86101737126 37.1869 0.0410128
3.86730055657 37.1664 0.041096
3.87358374188 37.2361 0.0412289
3.87986692718 37.322 0.0414516
3.88615011249 37.2993 0.0414742
3.8924332978 37.3296 0.0416817
3.8987164831 37.4116 0.041806
3.90499966841 37.357 0.0418733
3.91128285372 37.405 0.0420939
3.91756603903 37.4681 0.0421866
3.92384922433 37.4349 0.0423077
3.93013240964 37.5663 0.0425173
3.93641559495 37.5922 0.0427224
3.94269878026 37.5711 0.0427255
3.94898196556 37.6326 0.0429345
3.95526515087 37.6641 0.0431109
3.96154833618 37.7416 0.0433224
3.96783152148 37.7626 0.0434123
3.97411470679 37.8249 0.0436552
3.9803978921 37.8888 0.0438032
3.98668107741 37.8957 0.0439925
3.99296426271 37.9115 0.044045
3.99924744802 38.022 0.0443731
4.00553063333 37.9791 0.0444212
4.01181381863 38.0917 0.0446788
4.01809700394 38.0956 0.0448158
4.02438018925 38.1721 0.045044
4.03066337456 38.2657 0.0452945
4.03694655986 38.3025 0.0454234
4.04322974517 38.3561 0.0456292
4.04951293048 38.4107 0.0458764
4.05579611578 38.5394 0.0461337
4.06207930109 38.5703 0.0463629
4.0683624864 38.6608 0.0464974
4.07464567171 38.6811 0.0468104
4.08092885701 38.7561 0.0469556
4.08721204232 38.8201 0.0471747
4.09349522763 38.9742 0.0475692
4.09977841293 38.9314 0.0476594
4.10606159824 39.0134 0.0479025
4.11234478355 39.1427 0.0482353
4.11862796886 39.2402 0.0484666
4.12491115416 39.2878 0.0488037
4.13119433947 39.3402 0.0489393
4.13747752478 39.4077 0.0492375
4.14376071008 39.5808 0.0495793
4.15004389539 39.6693 0.049884
4.1563270807 39.7012 0.0501245
4.16261026601 39.7759 0.05037
4.16889345131 39.9045 0.0507441
4.17517663662 39.9977 0.0510389
4.18145982193 40.1025 0.0513356
4.18774300724 40.2443 0.0517075
4.19402619254 40.2341 0.0519775
4.20030937785 40.298 0.0522547
4.20659256316 40.5073 0.0526179
4.21287574846 40.5152 0.0530087
4.21915893377 40.6734 0.053291
4.22544211908 40.7136 0.0535998
4.23172530439 40.8955 0.0540548
4.23800848969 40.8271 0.0542755
4.244291675 41.0251 0.0547084
4.25057486031 41.2112 0.0550927
4.25685804561 41.1943 0.0554565
4.26314123092 41.3593 0.0558824
4.26942441623 41.5389 0.0563555
4.27570760154 41.6097 0.0567225
4.28199078684 41.76 0.0571752
4.28827397215 41.7976 0.0575299
4.29455715746 41.8906 0.0578713
4.30084034276 42.0172 0.05838
4.30712352807 42.2277 0.0589309
4.31340671338 42.3445 0.0593772
4.31968989869 42.2857 0.0597168
4.32597308399 42.6164 0.0602828
4.3322562693 42.7188 0.0608405
4.33853945461 42.7241 0.0612009
4.34482263991 42.8884 0.0616845
4.35110582522 42.989 0.0623239
4.35738901053 43.0865 0.0626457
4.36367219584 43.1413 0.0631709
4.36995538114 43.4054 0.0638551
4.37623856645 43.4145 0.0643534
4.38252175176 43.632 0.0650443
4.38880493706 43.6362 0.0653082
4.39508812237 43.7778 0.0661146
4.40137130768 43.949 0.0666387
4.40765449299 44.0722 0.067322
4.41393767829 44.0696 0.0677207
4.4202208636 44.2055 0.0683563
4.42650404891 44.1505 0.0689598
4.43278723422 44.5112 0.0696203
4.43907041952 44.4911 0.0704272
4.44535360483 44.6702 0.0709703
4.45163679014 44.6524 0.0716503
4.45791997544 44.7785 0.0722844
4.46420316075 44.9296 0.073047
4.47048634606 44.8221 0.0736519
4.47676953137 45.0716 0.0744526
4.48305271667 45.0562 0.0750934
4.48933590198 45.0959 0.0758216
4.49561908729 45.1919 0.0766616
4.50190227259 45.1251 0.0773206
4.5081854579 45.2216 0.0779174
4.51446864321 45.2163 0.0788273
4.52075182852 45.2165 0.0795513
4.52703501382 44.9783 0.0799388
4.53331819913 45.1358 0.0809416
4.53960138444 45.0837 0.0817318
4.54588456974 45.0337 0.0825674
4.55216775505 44.8129 0.0829847
4.55845094036 44.9404 0.0839692
4.56473412567 44.9086 0.0849068
4.57101731097 44.8551 0.0855198
4.57730049628 44.8586 0.0862459
4.58358368159 44.9722 0.0872989
4.58986686689 44.8633 0.0879064
4.5961500522 44.9573 0.0888608
4.60243323751 44.962 0.0896778
4.60871642282 45.1254 0.090665
4.61499960812 45.0263 0.0914915
4.62128279343 45.214 0.092437
4.62756597874 45.308 0.0935289
4.63384916404 45.2684 0.0942824
4.64013234935 45.1969 0.0950959
4.64641553466 45.1482 0.0956878
4.65269871997 45.4854 0.0971309
4.65898190527 45.4953 0.0981387
4.66526509058 45.3628 0.0987364
4.67154827589 45.6765 0.100099
4.6778314612 45.5357 0.100718
4.6841146465 45.8698 0.102468
4.69039783181 45.9419 0.103369
4.69668101712 46.2551 0.10479
4.70296420242 45.8595 0.105256
4.70924738773 46.2841 0.10702
4.71553057304 46.3367 0.10781
4.72181375835 46.404 0.109075
4.72809694365 46.613 0.110539
4.73438012896 46.5998 0.11153
4.74066331427 46.4329 0.111962
4.74694649957 47.0411 0.114544
4.75322968488 47.052 0.115477
4.75951287019 47.1199 0.11672
4.7657960555 47.1277 0.117871
4.7720792408 47.4459 0.119534
4.77836242611 47.4878 0.120885
4.78464561142 47.3829 0.121819
4.79092879672 47.8521 0.123661
4.79721198203 47.8448 0.125177
4.80349516734 47.9974 0.126906
4.80977835265 48.1103 0.127987
4.81606153795 48.4146 0.130042
4.82234472326 48.6587 0.131967
4.82862790857 48.905 0.134047
4.83491109387 48.9168 0.134729
4.84119427918 49.1492 0.137139
4.84747746449 49.1464 0.138627
4.8537606498 49.4782 0.140602
4.8600438351 49.5295 0.141935
4.86632702041 49.5048 0.143752
4.87261020572 50.0026 0.146272
4.87889339102 50.1644 0.148093
4.88517657633 50.0921 0.149398
4.89145976164 50.3087 0.151936
4.89774294695 50.8657 0.154858
4.90402613225 50.832 0.156099
4.91030931756 51.1491 0.158839
4.91659250287 51.2885 0.160985
4.92287568818 51.491 0.163317
4.92915887348 51.503 0.164928
4.93544205879 51.8483 0.167455
4.9417252441 52.5161 0.171922
4.9480084294 52.58 0.173868
4.95429161471 52.917 0.176165
4.96057480002 52.9291 0.178836
4.96685798533 53.2433 0.182298
4.97314117063 53.4061 0.183774
4.97942435594 53.6293 0.186658
4.98570754125 53.8336 0.190268
4.99199072655 54.5937 0.195116
4.99827391186 54.4455 0.195598
5.00455709717 54.7889 0.199836
5.01084028248 55.453 0.204846
5.01712346778 55.427 0.207536
5.02340665309 55.828 0.209837
5.0296898384 55.9101 0.213808
5.0359730237 56.3192 0.218221
5.04225620901 56.7091 0.221796
5.04853939432 57.0341 0.225985
5.05482257963 57.7428 0.23127
5.06110576493 57.5865 0.235408
5.06738895024 57.9367 0.237135
5.07367213555 58.2257 0.242551
5.07995532085 58.8401 0.249044
5.08623850616 59.0458 0.252988
5.09252169147 59.1877 0.255983
5.09880487678 59.9175 0.262564
5.10508806208 59.9189 0.267812
5.11137124739 60.8937 0.275081
5.1176544327 61.1548 0.278785
5.123937618 61.0376 0.283649
5.13022080331 61.4664 0.290193
5.13650398862 62.2414 0.297038
5.14278717393 62.3053 0.300817
5.14907035923 63.3257 0.312601
5.15535354454 63.3127 0.318974
5.16163672985 63.8326 0.321555
5.16791991516 64.8055 0.332797
5.17420310046 65.3236 0.342195
5.18048628577 65.2858 0.348969
5.18676947108 65.3462 0.351221
5.19305265638 65.8559 0.362159
5.19933584169 66.6799 0.373749
5.205619027 67.5998 0.384011
5.21190221231 67.503 0.388878
5.21818539761 68.5524 0.403883
5.22446858292 69.3386 0.418969
5.23075176823 70.126 0.424353
5.23703495353 70.0256 0.433051
5.24331813884 71.5942 0.455879
5.24960132415 71.5175 0.466687
5.25588450946 71.3456 0.464472
5.26216769476 72.1569 0.481806
5.26845088007 73.4091 0.507939
5.27473406538 73.9687 0.521533
5.28101725068 74.1057 0.524307
5.28730043599 74.4356 0.543833
5.2935836213 75.2074 0.565567
5.29986680661 77.5598 0.59426
5.30614999191 77.6395 0.603066
5.31243317722 77.0786 0.617742
5.31871636253 78.4375 0.652392
5.32499954783 79.6498 0.66248
5.33128273314 80.6744 0.693833
5.33756591845 80.4929 0.720365
5.34384910376 81.8993 0.757856
5.35013228906 82.1481 0.748216
5.35641547437 82.4475 0.797811
5.36269865968 85.592 0.864923
5.36898184498 85.3279 0.878244
5.37526503029 85.6407 0.874492
5.3815482156 86.6169 0.953833
5.38783140091 87.6439 1.02927
5.39411458621 86.7517 0.998318
5.40039777152 90.1613 1.05282
5.40668095683 89.9445 1.14298
5.41296414214 91.5083 1.27883
5.41924732744 93.9203 1.21789
5.42553051275 95.0913 1.29437
5.43181369806 95.5804 1.43962
5.43809688336 94.9039 1.61434
5.44438006867 96.8585 1.47089
5.45066325398 96.8388 1.58598
5.45694643929 102.323 1.90057
5.46322962459 100.658 2.11207
5.4695128099 101.151 1.90442
5.47579599521 100.701 2.05379
5.48207918051 103.208 2.54269
5.48836236582 103.753 2.77317
5.49464555113 106.369 2.64483
5.50092873644 108.561 2.97174
5.50721192174 109.488 4.42936
5.51349510705 112.42 3.70991
5.51977829236 114.732 4.20569
5.52606147766 119.055 5.04811
5.53234466297 120.492 8.20752
5.53862784828 117.177 6.53225
5.54491103359 118.019 8.30941
5.55119421889 102.897 9.90948
5.5574774042 126.006 23.2318
5.56376058951 134.704 26.8647
5.57004377481 172.789 96.342
