0.00942477796077 7244.89 2011.44
0.0157079632679 8082.91 1408.35
0.0219911485751 7192.21 810.025
0.0282743338823 5936.94 549.559
0.0345575191895 4725.87 330.589
0.0408407044967 3830.22 250.342
0.0471238898038 3349.7 174.766
0.053407075111 2971.42 143.155
0.0596902604182 2772.26 114.927
0.0659734457254 2541.29 97.8117
0.0722566310326 2338.2 82.2654
0.0785398163397 2002.52 64.0429
0.0848230016469 1733.18 50.6075
0.0911061869541 1480.37 41.7656
0.0973893722613 1340.14 34.3733
0.103672557568 1210.8 29.964
0.109955742876 1136.9 25.8285
0.116238928183 1075.57 23.5161
0.12252211349 1010.88 20.7305
0.128805298797 972.656 19.0934
0.135088484104 889.388 16.7203
0.141371669412 800.037 14.3441
0.147654854719 734.782 12.5335
0.153938040026 675.438 11.2494
0.160221225333 627.989 9.84615
0.16650441064 578.787 8.86105
0.172787595947 565.421 8.22172
0.179070781255 543.218 7.84351
0.185353966562 516.47 7.0131
0.191637151869 493.874 6.65248
0.197920337176 461.24 5.86551
0.204203522483 428.94 5.39082
0.210486707791 401.829 4.84872
0.216769893098 383.591 4.53139
0.223053078405 362.217 4.15148
0.229336263712 349.879 3.90974
0.235619449019 335.557 3.66168
0.241902634326 328.503 3.48125
0.248185819634 309.898 3.19902
0.254469004941 298.485 3.03055
0.260752190248 285.955 2.8107
0.267035375555 273.663 2.64437
0.273318560862 263.743 2.47307
0.279601746169 248.976 2.30065
0.285884931477 240.722 2.17486
0.292168116784 230.218 2.05276
0.298451302091 223.615 1.93585
0.304734487398 217.26 1.85257
0.311017672705 208.309 1.73364
0.317300858013 201.532 1.65666
0.32358404332 194.053 1.55099
0.329867228627 186.681 1.48054
0.336150413934 183.42 1.4165
0.342433599241 176.792 1.36051
0.348716784548 170.193 1.26976
0.354999969856 167.465 1.23867
0.361283155163 161.084 1.17341
0.36756634047 155.099 1.10461
0.373849525777 153.126 1.07984
0.380132711084 148.414 1.02363
0.386415896392 144.256 0.986127
0.392699081699 139.926 0.943774
0.398982267006 133.983 0.881397
0.405265452313 131.179 0.865166
0.41154863762 128.187 0.819283
0.417831822927 124.569 0.797486
0.424115008235 122.026 0.764051
0.430398193542 118.498 0.732122
0.436681378849 116.681 0.713103
0.442964564156 113.427 0.685421
0.449247749463 109.886 0.655695
0.455530934771 107.728 0.63426
0.461814120078 105.324 0.607606
0.468097305385 103.602 0.597462
0.474380490692 101.537 0.573529
0.480663675999 99.1339 0.557576
0.486946861306 96.8568 0.537089
0.493230046614 94.3655 0.518103
0.499513231921 92.382 0.501292
0.505796417228 90.5813 0.486854
0.512079602535 89.2226 0.472759
0.518362787842 87.118 0.455389
0.524645973149 85.2816 0.443695
0.530929158457 83.2815 0.429489
0.537212343764 81.9372 0.415748
0.543495529071 80.5749 0.406425
0.549778714378 78.7549 0.392505
0.556061899685 77.7475 0.386534
0.562345084993 75.9438 0.369288
0.5686282703 74.442 0.361223
0.574911455607 72.803 0.350292
0.581194640914 71.6016 0.34086
0.587477826221 70.6829 0.333426
0.593761011528 69.3801 0.324736
0.600044196836 68.0906 0.315262
0.606327382143 66.948 0.308644
0.61261056745 65.7977 0.298953
0.618893752757 64.987 0.293414
0.625176938064 63.69 0.285168
0.631460123372 62.5555 0.278405
0.637743308679 61.9345 0.271873
0.644026493986 60.8029 0.266268
0.650309679293 59.5972 0.257951
0.6565928646 59.0032 0.253898
0.662876049907 58.1212 0.247939
0.669159235215 57.0413 0.241869
0.675442420522 56.076 0.235089
0.681725605829 55.3047 0.231765
0.688008791136 55.0346 0.226958
0.694291976443 53.5535 0.221254
0.700575161751 53.1363 0.215896
0.706858347058 52.1745 0.211747
0.713141532365 51.5898 0.207282
0.719424717672 50.7328 0.202641
0.725707902979 49.6486 0.197071
0.731991088286 49.5813 0.195476
0.738274273594 48.5774 0.19003
0.744557458901 48.0708 0.187387
0.750840644208 47.1898 0.182517
0.757123829515 46.7804 0.179438
0.763407014822 46.0501 0.175582
0.769690200129 45.6957 0.173264
0.775973385437 44.7732 0.16826
0.782256570744 44.3984 0.166264
0.788539756051 44.0521 0.163274
0.794822941358 43.1282 0.160521
0.801106126665 42.7444 0.156755
0.807389311973 42.2862 0.154617
0.81367249728 41.6596 0.151018
0.819955682587 41.2415 0.148947
0.826238867894 40.8578 0.146526
0.832522053201 40.3083 0.143622
0.838805238508 39.8911 0.141111
0.845088423816 39.2385 0.139143
0.851371609123 38.7156 0.135799
0.85765479443 38.5491 0.134319
0.863937979737 37.7533 0.131271
0.870221165044 37.5092 0.129451
0.876504350352 37.0663 0.127485
0.882787535659 36.7709 0.125358
0.889070720966 36.3941 0.123756
0.895353906273 35.7567 0.121073
0.90163709158 35.4724 0.119095
0.907920276887 34.9975 0.117414
0.914203462195 34.7592 0.115342
0.920486647502 34.4443 0.114368
0.926769832809 33.8874 0.111633
0.933053018116 33.6325 0.110409
0.939336203423 33.4845 0.109039
0.945619388731 32.9068 0.107337
0.951902574038 32.596 0.105393
0.958185759345 32.4766 0.104656
0.964468944652 32.0372 0.102251
0.970752129959 31.6743 0.101141
0.977035315266 31.3218 0.0995064
0.983318500574 31.1109 0.0984388
0.989601685881 30.8521 0.0970118
0.995884871188 30.4997 0.0954378
1.0021680565 30.2492 0.0942962
1.0084512418 29.9892 0.0932577
1.01473442711 29.567 0.0912204
1.02101761242 29.4171 0.0904727
1.02730079772 29.1634 0.089408
1.03358398303 28.6559 0.0875019
1.03986716834 28.6206 0.0869105
1.04615035365 28.237 0.0856399
1.05243353895 28.1709 0.0847605
1.05871672426 27.7407 0.0835134
1.06499990957 27.5524 0.08221
1.07128309487 27.4059 0.0815823
1.07756628018 27.0835 0.0802916
1.08384946549 26.836 0.0793345
1.0901326508 26.779 0.0787203
1.0964158361 26.3624 0.0772696
1.10269902141 26.2312 0.0765011
1.10898220672 25.9989 0.0757131
1.11526539202 25.7944 0.0748413
1.12154857733 25.6404 0.0739506
1.12783176264 25.4014 0.0729079
1.13411494795 25.1671 0.0720631
1.14039813325 24.9148 0.0712712
1.14668131856 24.6457 0.0701186
1.15296450387 24.5409 0.069392
1.15924768917 24.2701 0.0686976
1.16553087448 24.109 0.0678149
1.17181405979 23.9881 0.0673045
1.1780972451 23.7234 0.0661406
1.1843804304 23.6514 0.0660637
1.19066361571 23.3348 0.0647328
1.19694680102 23.1796 0.0642918
1.20322998632 23.0089 0.0632512
1.20951317163 22.9369 0.0631576
1.21579635694 22.6575 0.0619712
1.22207954225 22.5332 0.0615602
1.22836272755 22.3798 0.0607739
1.23464591286 22.1663 0.0601094
1.24092909817 22.1014 0.059856
1.24721228348 21.9119 0.0589633
1.25349546878 21.6139 0.0580973
1.25977865409 21.5263 0.0576807
1.2660618394 21.5518 0.057383
1.2723450247 21.3211 0.0567445
1.27862821001 21.1064 0.055872
1.28491139532 20.9601 0.0555402
1.29119458063 20.7953 0.0546752
1.29747776593 20.7445 0.0545604
1.30376095124 20.5757 0.053879
1.31004413655 20.3952 0.0533288
1.31632732185 20.2896 0.0527829
1.32261050716 20.176 0.0523808
1.32889369247 20.013 0.0518256
1.33517687778 19.9693 0.0514862
1.34146006308 19.7616 0.05073
1.34774324839 19.6696 0.0505154
1.3540264337 19.5594 0.0500254
1.360309619 19.3819 0.0494279
1.36659280431 19.2828 0.0490693
1.37287598962 19.1406 0.048489
1.37915917493 19.0782 0.0482804
1.38544236023 18.8861 0.0476525
1.39172554554 18.8005 0.0472368
1.39800873085 18.6954 0.0469111
1.40429191615 18.5716 0.0464028
1.41057510146 18.4473 0.0460621
1.41685828677 18.3745 0.0456332
1.42314147208 18.2748 0.0453979
1.42942465738 18.1693 0.0448629
1.43570784269 18.0734 0.0445853
1.441991028 17.9672 0.044125
1.4482742133 17.8278 0.0438384
1.45455739861 17.7742 0.0434295
1.46084058392 17.7245 0.043203
1.46712376923 17.5737 0.042709
1.47340695453 17.4924 0.0424808
1.47969013984 17.3718 0.0420354
1.48597332515 17.328 0.0418082
1.49225651046 17.2114 0.0414467
1.49853969576 17.1914 0.0412934
1.50482288107 17.0315 0.0407092
1.51110606638 17.0178 0.0406177
1.51738925168 16.9371 0.0402511
1.52367243699 16.8404 0.0399644
1.5299556223 16.771 0.039646
1.53623880761 16.6469 0.0393014
1.54252199291 16.6144 0.0391394
1.54880517822 16.554 0.0388835
1.55508836353 16.4545 0.0384542
1.56137154883 16.4177 0.0383976
1.56765473414 16.3226 0.0380036
1.57393791945 16.2702 0.0377757
1.58022110476 16.1794 0.0374524
1.58650429006 16.1103 0.0372569
1.59278747537 16.0689 0.0370436
1.59907066068 15.9731 0.0366609
1.60535384598 15.9566 0.036542
1.61163703129 15.8752 0.0363099
1.6179202166 15.8098 0.0360383
1.62420340191 15.7343 0.0357776
1.63048658721 15.7132 0.0356157
1.63676977252 15.6406 0.0353604
1.64305295783 15.5848 0.035142
1.64933614313 15.503 0.0349241
1.65561932844 15.5061 0.0347069
1.66190251375 15.483 0.0346247
1.66818569906 15.379 0.0342402
1.67446888436 15.3209 0.0341593
1.68075206967 15.252 0.033853
1.68703525498 15.2396 0.0336704
1.69331844028 15.2104 0.0335248
1.69960162559 15.1348 0.0333898
1.7058848109 15.0924 0.0330509
1.71216799621 15.0525 0.0329815
1.71845118151 15.058 0.0327891
1.72473436682 14.9889 0.0326577
1.73101755213 14.9127 0.032382
1.73730073744 14.956 0.0322886
1.74358392274 14.8577 0.032131
1.74986710805 14.8137 0.0318821
1.75615029336 14.7973 0.0317439
1.76243347866 14.7578 0.0315946
1.76871666397 14.7146 0.0313994
1.77499984928 14.6887 0.0312867
1.78128303459 14.6695 0.0310853
1.78756621989 14.685 0.0310858
1.7938494052 14.6052 0.0307621
1.80013259051 14.5882 0.0307539
1.80641577581 14.5367 0.0304762
1.81269896112 14.5095 0.0304085
1.81898214643 14.5387 0.0302707
1.82526533174 14.489 0.0301343
1.83154851704 14.4856 0.0300211
1.83783170235 14.4531 0.029876
1.84411488766 14.4042 0.0296717
1.85039807296 14.3941 0.0296204
1.85668125827 14.4097 0.0294962
1.86296444358 14.354 0.0293655
1.86924762889 14.3772 0.029248
1.87553081419 14.3361 0.0291127
1.8818139995 14.3398 0.0290374
1.88809718481 14.3172 0.0289107
1.89438037011 14.335 0.0288511
1.90066355542 14.3022 0.0286368
1.90694674073 14.2614 0.0285582
1.91322992604 14.278 0.0284948
1.91951311134 14.25 0.028305
1.92579629665 14.2332 0.0282495
1.93207948196 14.2393 0.028092
1.93836266726 14.2723 0.0281637
1.94464585257 14.1912 0.0278607
1.95092903788 14.2127 0.0278429
1.95721222319 14.2141 0.027722
1.96349540849 14.1758 0.0276194
1.9697785938 14.1771 0.0275277
1.97606177911 14.2312 0.0274744
1.98234496442 14.1823 0.0273559
1.98862814972 14.1974 0.0273027
1.99491133503 14.1446 0.0271335
2.00119452034 14.1462 0.0270593
2.00747770564 14.1858 0.0270157
2.01376089095 14.1948 0.0269698
2.02004407626 14.1405 0.0267812
2.02632726157 14.1418 0.0266812
2.03261044687 14.1181 0.0265976
2.03889363218 14.1638 0.0266126
2.04517681749 14.1229 0.026418
2.05146000279 14.1668 0.0264071
2.0577431881 14.1764 0.0263379
2.06402637341 14.1864 0.0262833
2.07030955872 14.196 0.02619
2.07659274402 14.2131 0.0261448
2.08287592933 14.1747 0.0260584
2.08915911464 14.1191 0.0259025
2.09544229994 14.1629 0.0258118
2.10172548525 14.2264 0.0258944
2.10800867056 14.2156 0.0257411
2.11429185587 14.2098 0.0256874
2.12057504117 14.2377 0.0256432
2.12685822648 14.2496 0.0255676
2.13314141179 14.231 0.0254721
2.13942459709 14.2261 0.0253824
2.1457077824 14.2219 0.0253189
2.15199096771 14.261 0.0253208
2.15827415302 14.2363 0.0251413
2.16455733832 14.2707 0.0251897
2.17084052363 14.2643 0.0250345
2.17712370894 14.262 0.0250327
2.18340689424 14.2744 0.0249516
2.18969007955 14.2809 0.0248631
2.19597326486 14.3385 0.0248619
2.20225645017 14.2868 0.0247553
2.20853963547 14.307 0.0246966
2.21482282078 14.2801 0.0245942
2.22110600609 14.3487 0.0245804
2.2273891914 14.3588 0.024577
2.2336723767 14.3212 0.0243962
2.23995556201 14.3353 0.0244025
2.24623874732 14.3579 0.0243254
2.25252193262 14.3885 0.0243147
2.25880511793 14.3624 0.0242216
2.26508830324 14.4073 0.0241642
2.27137148855 14.4348 0.0241811
2.27765467385 14.4375 0.0240626
2.28393785916 14.4539 0.0240431
2.29022104447 14.4577 0.0239911
2.29650422977 14.4621 0.023882
2.30278741508 14.4448 0.0238805
2.30907060039 14.4425 0.023733
2.3153537857 14.4782 0.0237581
2.321636971 14.4893 0.0236531
2.32792015631 14.4783 0.0236367
2.33420334162 14.52 0.0236078
2.34048652692 14.5276 0.0235272
2.34676971223 14.5338 0.0234723
2.35305289754 14.5521 0.0234337
2.35933608285 14.5389 0.023364
2.36561926815 14.5437 0.0233373
2.37190245346 14.5529 0.0232191
2.37818563877 14.5617 0.0232222
2.38446882407 14.6002 0.023168
2.39075200938 14.6344 0.023169
2.39703519469 14.6059 0.0230776
2.40331838 14.6311 0.0230216
2.4096015653 14.6304 0.0229566
2.41588475061 14.639 0.0229208
2.42216793592 14.6595 0.0228587
2.42845112122 14.6643 0.0228643
2.43473430653 14.6414 0.0227252
2.44101749184 14.6785 0.0227396
2.44730067715 14.6833 0.0226406
2.45358386245 14.6716 0.0226312
2.45986704776 14.733 0.0225867
2.46615023307 14.7062 0.0225233
2.47243341838 14.7282 0.0224904
2.47871660368 14.7523 0.022468
2.48499978899 14.7552 0.0223873
2.4912829743 14.7542 0.0223359
2.4975661596 14.7875 0.0223376
2.50384934491 14.7669 0.0222279
2.51013253022 14.8085 0.0222255
2.51641571553 14.8052 0.0221781
2.52269890083 14.8105 0.0220939
2.52898208614 14.8336 0.0221117
2.53526527145 14.7891 0.0219743
2.54154845675 14.8604 0.0220099
2.54783164206 14.8486 0.0219277
2.55411482737 14.8534 0.0219169
2.56039801268 14.8566 0.0218386
2.56668119798 14.9013 0.0218017
2.57296438329 14.9017 0.0217878
2.5792475686 14.9478 0.0217731
2.5855307539 14.9067 0.0216578
2.59181393921 14.9428 0.0216701
2.59809712452 14.9482 0.021611
2.60438030983 14.9568 0.0215876
2.61066349513 14.9228 0.0214533
2.61694668044 14.9675 0.0214931
2.62322986575 14.9781 0.021444
2.62951305105 14.9816 0.0213628
2.63579623636 15.0236 0.0213835
2.64207942167 15.0314 0.0213229
2.64836260698 15.0662 0.0213143
2.65464579228 15.0273 0.0212115
2.66092897759 15.0495 0.0211928
2.6672121629 15.09 0.0212008
2.6734953482 15.0822 0.0210977
2.67977853351 15.1099 0.0211111
2.68606171882 15.1019 0.0210369
2.69234490413 15.1532 0.0210578
2.69862808943 15.1269 0.0209737
2.70491127474 15.1286 0.0209383
2.71119446005 15.154 0.0208981
2.71747764536 15.1648 0.0208583
2.72376083066 15.187 0.0208241
2.73004401597 15.2002 0.0207776
2.73632720128 15.2397 0.0208151
2.74261038658 15.2136 0.0207175
2.74889357189 15.2803 0.0207078
2.7551767572 15.2571 0.020677
2.76145994251 15.2843 0.0206203
2.76774312781 15.3128 0.0206236
2.77402631312 15.316 0.0205656
2.78030949843 15.3196 0.0205348
2.78659268373 15.3293 0.020498
2.79287586904 15.3659 0.0204841
2.79915905435 15.3431 0.0203935
2.80544223966 15.4024 0.0204302
2.81172542496 15.4394 0.0203861
2.81800861027 15.4568 0.0204267
2.82429179558 15.4621 0.0202995
2.83057498088 15.4858 0.020309
2.83685816619 15.5201 0.0202947
2.8431413515 15.5099 0.0202473
2.84942453681 15.5495 0.0202311
2.85570772211 15.5772 0.0202117
2.86199090742 15.5973 0.0201911
2.86827409273 15.6013 0.0201436
2.87455727803 15.6192 0.0201102
2.88084046334 15.6581 0.0201146
2.88712364865 15.6766 0.0200716
2.89340683396 15.7188 0.0200884
2.89969001926 15.7349 0.0200408
2.90597320457 15.78 0.0200469
2.91225638988 15.7661 0.0199643
2.91853957518 15.8367 0.0200118
2.92482276049 15.8381 0.0199508
2.9311059458 15.8576 0.0199276
2.93738913111 15.8942 0.0199296
2.94367231641 15.9136 0.0198927
2.94995550172 15.9295 0.0198577
2.95623868703 15.9566 0.0198643
2.96252187234 16.0393 0.0198578
2.96880505764 16.0447 0.0198449
2.97508824295 16.0983 0.0198431
2.98137142826 16.1031 0.0198017
2.98765461356 16.1495 0.0197925
2.99393779887 16.2159 0.0198221
3.00022098418 16.205 0.0197759
3.00650416949 16.2529 0.019763
3.01278735479 16.3083 0.0197627
3.0190705401 16.3611 0.0197775
3.02535372541 16.3436 0.0196995
3.03163691071 16.4224 0.0197488
3.03792009602 16.4251 0.0196814
3.04420328133 16.4758 0.0197097
3.05048646664 16.525 0.0197034
3.05676965194 16.5888 0.019721
3.06305283725 16.5995 0.0196691
3.06933602256 16.6879 0.0197215
3.07561920786 16.7072 0.0196699
3.08190239317 16.7591 0.0197106
3.08818557848 16.7774 0.019652
3.09446876379 16.8391 0.0196878
3.10075194909 16.8593 0.019632
3.1070351344 16.9424 0.0196974
3.11331831971 16.979 0.0196572
3.11960150501 17.0307 0.0196873
3.12588469032 17.0956 0.0196678
3.13216787563 17.1341 0.0196838
3.13845106094 17.2125 0.0197002
3.14473424624 17.259 0.0196875
3.15101743155 17.293 0.0197013
3.15730061686 17.3578 0.0196905
3.16358380216 17.4177 0.0196995
3.16986698747 17.4731 0.0197194
3.17615017278 17.543 0.0197036
3.18243335809 17.6168 0.0197656
3.18871654339 17.6679 0.0197284
3.1949997287 17.7483 0.0197723
3.20128291401 17.8025 0.0197685
3.20756609932 17.839 0.0197857
3.21384928462 17.9484 0.0197901
3.22013246993 17.898 0.0197653
3.22641565524 17.7027 0.0196214
3.23269884054 17.5895 0.0195726
3.23898202585 17.4158 0.0194323
3.24526521116 17.2819 0.0193649
3.25154839647 17.1428 0.0192689
3.25783158177 17.0212 0.0191941
3.26411476708 16.9404 0.0191446
3.27039795239 16.8073 0.0190749
3.27668113769 16.7268 0.0190088
3.282964323 16.6701 0.0190019
3.28924750831 16.5581 0.0189317
3.29553069362 16.4906 0.0188992
3.30181387892 16.4234 0.0188547
3.30809706423 16.3538 0.0188481
3.31438024954 16.2699 0.0187788
3.32066343484 16.247 0.0187966
3.32694662015 16.1901 0.0187697
3.33322980546 16.1458 0.0187425
3.33951299077 16.1116 0.0187452
3.34579617607 16.0873 0.0187522
3.35207936138 16.0246 0.0187203
3.35836254669 15.9961 0.0187307
3.36464573199 15.9607 0.0187214
3.3709289173 15.9543 0.0187225
3.37721210261 15.9246 0.018748
3.38349528792 15.8868 0.0187103
3.38977847322 15.9115 0.0187715
3.39606165853 15.8756 0.0187731
3.40234484384 15.8797 0.0187914
3.40862802914 15.8514 0.0188078
3.41491121445 15.8455 0.0187877
3.42119439976 15.833 0.018852
3.42747758507 15.8413 0.0188456
3.43376077037 15.831 0.018876
3.44004395568 15.8517 0.0189199
3.44632714099 15.8538 0.0189508
3.4526103263 15.8484 0.0189533
3.4588935116 15.8762 0.0190345
3.46517669691 15.8893 0.019042
3.47145988222 15.8603 0.0190629
3.47774306752 15.9068 0.0191112
3.48402625283 15.913 0.0191604
3.49030943814 15.9435 0.0192214
3.49659262345 15.9416 0.0192109
3.50287580875 15.9521 0.0192898
3.50915899406 15.98 0.0193241
3.51544217937 15.9646 0.0193375
3.52172536467 16.016 0.0194137
3.52800854998 16.0259 0.0194509
3.53429173529 16.0787 0.0195228
3.5405749206 16.0764 0.019535
3.5468581059 16.1073 0.0196294
3.55314129121 16.1203 0.019614
3.55942447652 16.1349 0.0197126
3.56570766182 16.1919 0.0197684
3.57199084713 16.2112 0.0198242
3.57827403244 16.2465 0.0198722
3.58455721775 16.2544 0.01993
3.59084040305 16.2705 0.0199769
3.59712358836 16.3397 0.0200597
3.60340677367 16.3429 0.0200881
3.60968995897 16.3945 0.0201945
3.61597314428 16.4392 0.0202276
3.62225632959 16.4715 0.0203236
3.6285395149 16.5035 0.0203717
3.6348227002 16.5227 0.0204211
3.64110588551 16.5704 0.0204855
3.64738907082 16.5878 0.0205509
3.65367225612 16.6112 0.0206281
3.65995544143 16.6925 0.0207103
3.66623862674 16.724 0.0207751
3.67252181205 16.7664 0.0208742
3.67880499735 16.7831 0.0209059
3.68508818266 16.8258 0.0209956
3.69137136797 16.8674 0.0210672
3.69765455328 16.908 0.0211396
3.70393773858 16.9666 0.0212373
3.71022092389 16.9689 0.0212729
3.7165041092 17.0526 0.0213915
3.7227872945 17.0805 0.0214647
3.72907047981 17.1411 0.0215546
3.73535366512 17.1485 0.0216142
3.74163685043 17.2265 0.0217175
3.74792003573 17.2317 0.0217718
3.75420322104 17.2929 0.0218515
3.76048640635 17.292 0.0219217
3.76676959165 17.3813 0.0220485
3.77305277696 17.4046 0.0221228
3.77933596227 17.4875 0.0221909
3.78561914758 17.5132 0.0223265
3.79190233288 17.5846 0.0223991
3.79818551819 17.6055 0.0224874
3.8044687035 17.6293 0.0225517
3.8107518888 17.6892 0.0226735
3.81703507411 17.7217 0.0227364
3.82331825942 17.8034 0.0228605
3.82960144473 17.8313 0.0229416
3.83588463003 17.9192 0.0230938
3.84216781534 17.9336 0.0231268
3.84845100065 18.0025 0.0232789
3.85473418595 18.0222 0.0233352
3.86101737126 18.1045 0.02348
3.86730055657 18.1627 0.023592
3.87358374188 18.181 0.0236483
3.87986692718 18.2326 0.0237781
3.88615011249 18.2976 0.0238634
3.8924332978 18.3522 0.0240174
3.8987164831 18.4446 0.0241312
3.90499966841 18.4682 0.0242214
3.91128285372 18.5063 0.0243587
3.91756603903 18.5639 0.0244321
3.92384922433 18.5924 0.0245473
3.93013240964 18.68 0.0246797
3.93641559495 18.7105 0.0248134
3.94269878026 18.8046 0.0249161
3.94898196556 18.8598 0.0250565
3.95526515087 18.8986 0.0251788
3.96154833618 18.9296 0.0252887
3.96783152148 18.9934 0.0253907
3.97411470679 19.0789 0.0255801
3.9803978921 19.1446 0.025694
3.98668107741 19.141 0.0257977
3.99296426271 19.2785 0.025953
3.99924744802 19.2932 0.0260971
4.00553063333 19.3462 0.0262019
4.01181381863 19.4142 0.0263555
4.01809700394 19.4844 0.0265031
4.02438018925 19.5387 0.0266469
4.03066337456 19.5822 0.0267834
4.03694655986 19.703 0.0269579
4.04322974517 19.7297 0.027075
4.04951293048 19.7558 0.0272154
4.05579611578 19.9104 0.0274464
4.06207930109 19.9108 0.0275647
4.0683624864 20.0083 0.0276887
4.07464567171 20.0747 0.0279302
4.08092885701 20.1092 0.0280064
4.08721204232 20.1663 0.0281565
4.09349522763 20.2314 0.0283643
4.09977841293 20.3082 0.0285233
4.10606159824 20.3754 0.0286874
4.11234478355 20.4495 0.0288833
4.11862796886 20.5032 0.0290169
4.12491115416 20.6056 0.029296
4.13119433947 20.6496 0.0293905
4.13747752478 20.72 0.029601
4.14376071008 20.7958 0.0297766
4.15004389539 20.9158 0.0300304
4.1563270807 20.9437 0.0301845
4.16261026601 21.0393 0.0303863
4.16889345131 21.0734 0.0305654
4.17517663662 21.1715 0.030788
4.18145982193 21.2558 0.0309898
4.18774300724 21.3633 0.031238
4.19402619254 21.3776 0.0314234
4.20030937785 21.5115 0.0316952
4.20659256316 21.5663 0.0318364
4.21287574846 21.5551 0.0320552
4.21915893377 21.7302 0.0323138
4.22544211908 21.7918 0.0325425
4.23172530439 21.8273 0.032735
4.23800848969 21.922 0.0330217
4.244291675 22.0471 0.0332903
4.25057486031 22.1047 0.0334611
4.25685804561 22.152 0.0337477
4.26314123092 22.3372 0.034104
4.26942441623 22.325 0.0342526
4.27570760154 22.4093 0.0345233
4.28199078684 22.5091 0.0348085
4.28827397215 22.5945 0.0350975
4.29455715746 22.6591 0.0353151
4.30084034276 22.7316 0.0356198
4.30712352807 22.7891 0.0358718
4.31340671338 22.9687 0.0362729
4.31968989869 23.0004 0.0365616
4.32597308399 23.0728 0.0367514
4.3322562693 23.1914 0.0371596
4.33853945461 23.2872 0.0374925
4.34482263991 23.3613 0.0377563
4.35110582522 23.4154 0.0381385
4.35738901053 23.5401 0.038416
4.36367219584 23.5157 0.0386657
4.36995538114 23.6937 0.039105
4.37623856645 23.784 0.0395173
4.38252175176 23.7986 0.03979
4.38880493706 23.9773 0.0401767
4.39508812237 23.9696 0.0405504
4.40137130768 24.1006 0.0409055
4.40765449299 24.1253 0.0412585
4.41393767829 24.2298 0.0416423
4.4202208636 24.3307 0.042056
4.42650404891 24.2989 0.0424302
4.43278723422 24.468 0.0427656
4.43907041952 24.4794 0.0432935
4.44535360483 24.5737 0.0436059
4.45163679014 24.5388 0.0439908
4.45791997544 24.6227 0.044389
4.46420316075 24.7256 0.0448714
4.47048634606 24.7054 0.0453076
4.47676953137 24.8816 0.0458323
4.48305271667 24.8193 0.0461512
4.48933590198 24.9179 0.0467058
4.49561908729 24.8785 0.0470799
4.50190227259 24.948 0.047647
4.5081854579 24.9918 0.0479916
4.51446864321 24.8968 0.0484147
4.52075182852 25.0253 0.0490534
4.52703501382 24.9356 0.0493795
4.53331819913 24.9193 0.0498241
4.53960138444 24.8785 0.0502969
4.54588456974 24.8354 0.0507917
4.55216775505 24.7982 0.051205
4.55845094036 24.802 0.0516926
4.56473412567 24.7434 0.0522065
4.57101731097 24.758 0.052661
4.57730049628 24.8004 0.0531745
4.58358368159 24.8384 0.0537704
4.58986686689 24.9803 0.0544958
4.5961500522 24.9455 0.0549295
4.60243323751 24.9914 0.0555081
4.60871642282 25.125 0.0561751
4.61499960812 25.2432 0.0570003
4.62128279343 25.2436 0.057385
4.62756597874 25.2578 0.0579845
4.63384916404 25.2419 0.058467
4.64013234935 25.5103 0.0595364
4.64641553466 25.5679 0.0600672
4.65269871997 25.6657 0.0607643
4.65898190527 25.7121 0.0614692
4.66526509058 25.6804 0.0619395
4.67154827589 25.884 0.0628074
4.6778314612 25.8976 0.0633892
4.6841146465 26.0548 0.064389
4.69039783181 26.1874 0.0651242
4.69668101712 26.1656 0.0655918
4.70296420242 26.3486 0.0667336
4.70924738773 26.3969 0.0674116
4.71553057304 26.6212 0.0682926
4.72181375835 26.6019 0.0689686
4.72809694365 26.7527 0.0699323
4.73438012896 26.8582 0.0707943
4.74066331427 26.9674 0.0715159
4.74694649957 27.0363 0.0724926
4.75322968488 27.1886 0.0733916
4.75951287019 27.3338 0.0744001
4.7657960555 27.4667 0.0754101
4.7720792408 27.5777 0.0762719
4.77836242611 27.6769 0.0772935
4.78464561142 27.7366 0.0781723
4.79092879672 28.1629 0.0796343
4.79721198203 28.1538 0.0806006
4.80349516734 28.2276 0.0816585
4.80977835265 28.4983 0.0828097
4.81606153795 28.5249 0.0837431
4.82234472326 28.6314 0.0848636
4.82862790857 28.7424 0.0860881
4.83491109387 28.9798 0.0870756
4.84119427918 28.9771 0.0882632
4.84747746449 29.2179 0.0898146
4.8537606498 29.3246 0.0908268
4.8600438351 29.4297 0.0918675
4.86632702041 29.7224 0.0938224
4.87261020572 30.0446 0.0954601
4.87889339102 29.9804 0.0962125
4.88517657633 30.0244 0.0972962
4.89145976164 30.3943 0.0995508
4.89774294695 30.5151 0.100818
4.90402613225 30.6868 0.102144
4.91030931756 30.5972 0.103132
4.91659250287 31.0815 0.105604
4.92287568818 31.4279 0.107726
4.92915887348 31.2761 0.108341
4.93544205879 31.5363 0.110096
4.9417252441 31.8652 0.112717
4.9480084294 31.926 0.114047
4.95429161471 31.9436 0.11496
4.96057480002 32.4766 0.118258
4.96685798533 32.4646 0.119888
4.97314117063 32.7142 0.121289
4.97942435594 32.8757 0.123236
4.98570754125 32.9372 0.125392
4.99199072655 33.3313 0.128251
4.99827391186 33.4797 0.129344
5.00455709717 33.7211 0.132192
5.01084028248 34.0296 0.135081
5.01712346778 33.9079 0.136509
5.02340665309 34.2347 0.138232
5.0296898384 34.3915 0.141194
5.0359730237 34.8138 0.144629
5.04225620901 34.961 0.146614
5.04853939432 35.1424 0.149266
5.05482257963 35.3527 0.151842
5.06110576493 35.8739 0.156818
5.06738895024 36.1544 0.158139
5.07367213555 36.1983 0.161201
5.07995532085 36.4172 0.164805
5.08623850616 36.7485 0.168157
5.09252169147 36.9516 0.170566
5.09880487678 37.4304 0.174922
5.10508806208 37.3036 0.17791
5.11137124739 37.7771 0.182038
5.1176544327 37.8496 0.184082
5.123937618 38.3452 0.189667
5.13022080331 38.7383 0.19449
5.13650398862 39.0479 0.198184
5.14278717393 39.1364 0.200903
5.14907035923 39.6727 0.208131
5.15535354454 39.776 0.212879
5.16163672985 40.1243 0.214608
5.16791991516 40.4083 0.220428
5.17420310046 41.0581 0.228095
5.18048628577 41.0623 0.232752
5.18676947108 41.1102 0.23429
5.19305265638 41.7647 0.24314
5.19933584169 42.256 0.250609
5.205619027 42.2326 0.254214
5.21190221231 42.3673 0.258467
5.21818539761 42.9356 0.267754
5.22446858292 43.5761 0.278407
5.23075176823 43.705 0.279827
5.23703495353 44.8956 0.292588
5.24331813884 44.4044 0.299066
5.24960132415 44.9714 0.309804
5.25588450946 45.7452 0.313568
5.26216769476 45.6871 0.321604
5.26845088007 46.4236 0.338423
5.27473406538 46.4115 0.345014
5.28101725068 47.3726 0.352446
5.28730043599 47.7581 0.366659
5.2935836213 48.2933 0.381414
5.29986680661 48.9392 0.39419
5.30614999191 49.2155 0.401614
5.31243317722 49.598 0.416913
5.31871636253 50.481 0.440039
5.32499954783 50.6501 0.44191
5.33128273314 51.2984 0.462547
5.33756591845 51.8741 0.485941
5.34384910376 52.0166 0.504394
5.35013228906 52.5278 0.500865
5.35641547437 53.7677 0.543289
5.36269865968 53.2537 0.564307
5.36898184498 54.7365 0.588665
5.37526503029 55.0207 0.58685
5.3815482156 54.8309 0.631526
5.38783140091 56.4364 0.691488
5.39411458621 56.6429 0.679237
5.40039777152 57.2902 0.698281
5.40668095683 57.8172 0.765951
5.41296414214 60.2757 0.875218
5.41924732744 60.2668 0.813572
5.42553051275 59.9931 0.851334
5.43181369806 62.4207 0.97629
5.43809688336 60.4804 1.07141
5.44438006867 62.9366 0.992551
5.45066325398 64.4381 1.09325
5.45694643929 64.668 1.24863
5.46322962459 64.2026 1.39986
5.4695128099 63.6615 1.247
5.47579599521 66.5325 1.40494
5.48207918051 67.6822 1.72639
5.48836236582 66.9651 1.85576
5.49464555113 67.7 1.74627
5.50092873644 70.1524 1.98786
5.50721192174 76.3971 3.17596
5.51349510705 70.9747 2.4272
5.51977829236 69.88 2.66183
5.52606147766 76.3012 3.34206
5.53234466297 73.742 5.20851
5.53862784828 72.3313 4.18171
5.54491103359 70.6773 5.17415
5.55119421889 74.0878 7.32236
5.5574774042 107.747 20.0532
5.56376058951 79.6488 16.4602
5.57004377481 40.1544 25.4459
