0.00942477796077 35056.9570312
0.0157079632679 36034.578125
0.0219911485751 31547.9375
0.0282743338823 29352.2734375
0.0345575191895 23171.2558594
0.0408407044967 17881.2910156
0.0471238898038 17609.1152344
0.053407075111 15259.8896484
0.0596902604182 13869.6396484
0.0659734457254 12386.6396484
0.0722566310326 12050.9003906
0.0785398163397 10300.0380859
0.0848230016469 9483.87011719
0.0911061869541 7557.54785156
0.0973893722613 7222.80712891
0.103672557568 6609.44091797
0.109955742876 6184.81054688
0.116238928183 6221.10058594
0.12252211349 5486.53222656
0.128805298797 5178.83349609
0.135088484104 5134.26416016
0.141371669412 4498.07080078
0.147654854719 4274.57373047
0.153938040026 3999.04150391
0.160221225333 3623.14379883
0.16650441064 3389.9699707
0.172787595947 3212.99707031
0.179070781255 3245.19702148
0.185353966562 3190.05859375
0.191637151869 2940.46166992
0.197920337176 2964.0949707
0.204203522483 2686.19458008
0.210486707791 2575.20166016
0.216769893098 2566.14648438
0.223053078405 2345.59594727
0.229336263712 2368.23291016
0.235619449019 2280.44873047
0.241902634326 2205.38061523
0.248185819634 2133.13647461
0.254469004941 2066.29541016
0.260752190248 1985.47631836
0.267035375555 1889.04968262
0.273318560862 1898.43408203
0.279601746169 1867.51745605
0.285884931477 1740.74084473
0.292168116784 1691.17675781
0.298451302091 1675.81872559
0.304734487398 1610.14086914
0.311017672705 1639.87683105
0.317300858013 1649.57446289
0.32358404332 1539.10266113
0.329867228627 1470.46459961
0.336150413934 1464.35778809
0.342433599241 1427.66821289
0.348716784548 1351.12023926
0.354999969856 1396.97827148
0.361283155163 1353.3302002
0.36756634047 1333.98352051
0.373849525777 1291.14025879
0.380132711084 1302.34436035
0.386415896392 1263.19580078
0.392699081699 1224.16723633
0.398982267006 1225.48754883
0.405265452313 1183.50390625
0.41154863762 1193.79492188
0.417831822927 1131.88305664
0.424115008235 1140.83691406
0.430398193542 1113.42382812
0.436681378849 1099.44519043
0.442964564156 1061.01342773
0.449247749463 1031.22717285
0.455530934771 1035.11193848
0.461814120078 1042.12573242
0.468097305385 990.022583008
0.474380490692 1016.55938721
0.480663675999 1005.35760498
0.486946861306 974.727050781
0.493230046614 962.2890625
0.499513231921 938.513427734
0.505796417228 910.143493652
0.512079602535 930.44152832
0.518362787842 922.043212891
0.524645973149 909.169067383
0.530929158457 880.374084473
0.537212343764 874.830871582
0.543495529071 868.173950195
0.549778714378 838.082275391
0.556061899685 860.89263916
0.562345084993 857.829833984
0.5686282703 840.054077148
0.574911455607 815.746276855
0.581194640914 813.95324707
0.587477826221 813.264587402
0.593761011528 804.648254395
0.600044196836 790.163696289
0.606327382143 777.33203125
0.61261056745 768.967529297
0.618893752757 779.931213379
0.625176938064 766.823669434
0.631460123372 758.395751953
0.637743308679 749.511230469
0.644026493986 739.541320801
0.650309679293 735.619873047
0.6565928646 738.203491211
0.662876049907 729.685119629
0.669159235215 719.927368164
0.675442420522 711.363464355
0.681725605829 713.879089355
0.688008791136 707.259765625
0.694291976443 701.855712891
0.700575161751 702.544311523
0.706858347058 691.19152832
0.713141532365 684.228088379
0.719424717672 683.006896973
0.725707902979 658.565551758
0.731991088286 667.299560547
0.738274273594 658.664978027
0.744557458901 662.743896484
0.750840644208 649.832397461
0.757123829515 653.031982422
0.763407014822 644.742492676
0.769690200129 645.417907715
0.775973385437 636.908935547
0.782256570744 630.70526123
0.788539756051 639.652954102
0.794822941358 621.016479492
0.801106126665 616.189453125
0.807389311973 623.636657715
0.81367249728 614.491271973
0.819955682587 611.741760254
0.826238867894 613.770751953
0.832522053201 602.889282227
0.838805238508 599.383789062
0.845088423816 594.982666016
0.851371609123 583.727966309
0.85765479443 589.871459961
0.863937979737 582.277404785
0.870221165044 584.046813965
0.876504350352 581.031860352
0.882787535659 574.678039551
0.889070720966 572.245666504
0.895353906273 563.669372559
0.90163709158 566.782104492
0.907920276887 561.354919434
0.914203462195 566.320800781
0.920486647502 556.339477539
0.926769832809 554.920166016
0.933053018116 550.780029297
0.939336203423 546.314147949
0.945619388731 550.138061523
0.951902574038 549.360290527
0.958185759345 542.754516602
0.964468944652 544.568054199
0.970752129959 538.772827148
0.977035315266 538.652770996
0.983318500574 538.311340332
0.989601685881 530.874755859
0.995884871188 527.402587891
1.0021680565 526.479858398
1.0084512418 525.630065918
1.01473442711 521.240722656
1.02101761242 517.56652832
1.02730079772 513.776672363
1.03358398303 508.876159668
1.03986716834 503.818389893
1.04615035365 510.193267822
1.05243353895 506.605712891
1.05871672426 501.189147949
1.06499990957 500.84463501
1.07128309487 508.75894165
1.07756628018 498.253723145
1.08384946549 499.534332275
1.0901326508 497.235931396
1.0964158361 493.401550293
1.10269902141 492.209320068
1.10898220672 491.313232422
1.11526539202 491.073028564
1.12154857733 484.697814941
1.12783176264 484.831207275
1.13411494795 482.359100342
1.14039813325 478.5730896
1.14668131856 479.3777771
1.15296450387 476.311065674
1.15924768917 475.061096191
1.16553087448 473.132904053
1.17181405979 470.815826416
1.1780972451 470.256530762
1.1843804304 467.74331665
1.19066361571 465.447967529
1.19694680102 463.840301514
1.20322998632 460.472320557
1.20951317163 461.395690918
1.21579635694 459.385131836
1.22207954225 460.174835205
1.22836272755 459.415588379
1.23464591286 459.006317139
1.24092909817 455.170898438
1.24721228348 454.947387695
1.25349546878 450.847229004
1.25977865409 450.943939209
1.2660618394 455.335021973
1.2723450247 447.899353027
1.27862821001 446.401794434
1.28491139532 445.728485107
1.29119458063 446.079803467
1.29747776593 444.017974854
1.30376095124 445.550598145
1.31004413655 442.080383301
1.31632732185 440.254150391
1.32261050716 438.865203857
1.32889369247 436.316986084
1.33517687778 433.909942627
1.34146006308 433.970336914
1.34774324839 432.045928955
1.3540264337 434.141235352
1.360309619 430.843200684
1.36659280431 427.246124268
1.37287598962 425.857116699
1.37915917493 428.456573486
1.38544236023 423.707550049
1.39172554554 423.89465332
1.39800873085 422.969177246
1.40429191615 422.455993652
1.41057510146 420.361358643
1.41685828677 418.125946045
1.42314147208 420.466522217
1.42942465738 417.971160889
1.43570784269 414.978393555
1.441991028 418.147644043
1.4482742133 412.566162109
1.45455739861 413.996154785
1.46084058392 413.339355469
1.46712376923 411.691772461
1.47340695453 413.130859375
1.47969013984 409.661895752
1.48597332515 409.859558105
1.49225651046 407.786743164
1.49853969576 406.262451172
1.50482288107 403.600524902
1.51110606638 405.844421387
1.51738925168 402.767120361
1.52367243699 404.782043457
1.5299556223 398.540557861
1.53623880761 401.668182373
1.54252199291 395.037475586
1.54880517822 399.507904053
1.55508836353 399.51953125
1.56137154883 397.714080811
1.56765473414 396.078186035
1.57393791945 395.3203125
1.58022110476 395.414245605
1.58650429006 391.761962891
1.59278747537 391.96963501
1.59907066068 391.880126953
1.60535384598 391.965301514
1.61163703129 389.615142822
1.6179202166 387.313568115
1.62420340191 389.190673828
1.63048658721 386.639953613
1.63676977252 384.168273926
1.64305295783 386.090606689
1.64933614313 385.072418213
1.65561932844 384.353485107
1.66190251375 382.559051514
1.66818569906 382.890045166
1.67446888436 381.431854248
1.68075206967 381.97354126
1.68703525498 379.824707031
1.69331844028 379.35458374
1.69960162559 378.423492432
1.7058848109 377.114593506
1.71216799621 376.902557373
1.71845118151 374.960388184
1.72473436682 375.188323975
1.73101755213 371.459777832
1.73730073744 373.95501709
1.74358392274 371.602996826
1.74986710805 372.262542725
1.75615029336 371.357116699
1.76243347866 367.691131592
1.76871666397 370.887023926
1.77499984928 370.146209717
1.78128303459 367.904693604
1.78756621989 368.062347412
1.7938494052 366.097381592
1.80013259051 362.442718506
1.80641577581 363.725830078
1.81269896112 364.833221436
1.81898214643 363.61416626
1.82526533174 362.152832031
1.83154851704 360.638824463
1.83783170235 362.186431885
1.84411488766 359.731231689
1.85039807296 361.456115723
1.85668125827 360.498504639
1.86296444358 359.230743408
1.86924762889 359.26965332
1.87553081419 355.180175781
1.8818139995 358.387023926
1.88809718481 356.285797119
1.89438037011 356.430084229
1.90066355542 354.707550049
1.90694674073 354.568969727
1.91322992604 354.137573242
1.91951311134 353.4168396
1.92579629665 352.695220947
1.93207948196 351.334442139
1.93836266726 352.099182129
1.94464585257 350.312194824
1.95092903788 351.082855225
1.95721222319 350.723999023
1.96349540849 349.154571533
1.9697785938 347.330108643
1.97606177911 349.606964111
1.98234496442 347.59753418
1.98862814972 346.223754883
1.99491133503 346.259918213
2.00119452034 346.316467285
2.00747770564 345.851623535
2.01376089095 346.500366211
2.02004407626 344.65737915
2.02632726157 343.028381348
2.03261044687 341.720825195
2.03889363218 340.058685303
2.04517681749 342.109985352
2.05146000279 340.746856689
2.0577431881 340.841918945
2.06402637341 339.278533936
2.07030955872 341.117034912
2.07659274402 339.956970215
2.08287592933 338.122772217
2.08915911464 336.755279541
2.09544229994 335.687011719
2.10172548525 337.962280273
2.10800867056 337.356140137
2.11429185587 334.036468506
2.12057504117 336.239593506
2.12685822648 334.151153564
2.13314141179 335.902069092
2.13942459709 332.97052002
2.1457077824 332.79107666
2.15199096771 333.087219238
2.15827415302 331.563537598
2.16455733832 331.792999268
2.17084052363 330.807250977
2.17712370894 331.158630371
2.18340689424 330.722991943
2.18969007955 329.751312256
2.19597326486 327.941650391
2.20225645017 328.376434326
2.20853963547 328.879516602
2.21482282078 327.314239502
2.22110600609 327.27520752
2.2273891914 327.515655518
2.2336723767 326.34753418
2.23995556201 327.239898682
2.24623874732 325.745269775
2.25252193262 325.944915771
2.25880511793 325.053955078
2.26508830324 325.282653809
2.27137148855 323.387481689
2.27765467385 324.083496094
2.28393785916 323.078369141
2.29022104447 321.945922852
2.29650422977 323.148345947
2.30278741508 321.292816162
2.30907060039 321.070800781
2.3153537857 321.521331787
2.321636971 320.054504395
2.32792015631 320.136444092
2.33420334162 321.183776855
2.34048652692 318.506988525
2.34676971223 320.458251953
2.35305289754 318.800018311
2.35933608285 318.427886963
2.36561926815 319.099487305
2.37190245346 317.030609131
2.37818563877 316.661651611
2.38446882407 317.288116455
2.39075200938 315.07711792
2.39703519469 315.46987915
2.40331838 315.004943848
2.4096015653 314.694274902
2.41588475061 314.12713623
2.42216793592 316.083496094
2.42845112122 313.416717529
2.43473430653 312.86340332
2.44101749184 313.313171387
2.44730067715 313.444580078
2.45358386245 311.960021973
2.45986704776 311.510925293
2.46615023307 313.234191895
2.47243341838 311.531433105
2.47871660368 311.783416748
2.48499978899 311.999389648
2.4912829743 307.777709961
2.4975661596 311.223693848
2.50384934491 311.723571777
2.51013253022 311.771179199
2.51641571553 309.802124023
2.52269890083 310.022766113
2.52898208614 310.042297363
2.53526527145 309.231079102
2.54154845675 309.749328613
2.54783164206 310.403564453
2.55411482737 308.367919922
2.56039801268 308.142181396
2.56668119798 307.790557861
2.57296438329 307.756103516
2.5792475686 305.727539062
2.5855307539 307.441101074
2.59181393921 307.914825439
2.59809712452 307.93927002
2.60438030983 306.914459229
2.61066349513 306.597900391
2.61694668044 305.149230957
2.62322986575 305.80291748
2.62951305105 306.267120361
2.63579623636 306.602630615
2.64207942167 305.1746521
2.64836260698 305.461395264
2.65464579228 305.076660156
2.66092897759 304.694000244
2.6672121629 304.960693359
2.6734953482 303.972717285
2.67977853351 303.776947021
2.68606171882 303.592346191
2.69234490413 304.008148193
2.69862808943 304.578460693
2.70491127474 304.329162598
2.71119446005 303.445617676
2.71747764536 303.727142334
2.72376083066 301.856842041
2.73004401597 303.533416748
2.73632720128 302.865631104
2.74261038658 302.578155518
2.74889357189 304.569580078
2.7551767572 301.958129883
2.76145994251 303.152954102
2.76774312781 303.434997559
2.77402631312 304.100006104
2.78030949843 301.923706055
2.78659268373 302.159118652
2.79287586904 304.134765625
2.79915905435 303.232299805
2.80544223966 303.010681152
2.81172542496 302.996826172
2.81800861027 300.930999756
2.82429179558 302.172851562
2.83057498088 303.514160156
2.83685816619 300.76348877
2.8431413515 304.337554932
2.84942453681 302.532836914
2.85570772211 301.987701416
2.86199090742 302.589355469
2.86827409273 302.13684082
2.87455727803 303.300872803
2.88084046334 303.89251709
2.88712364865 303.322875977
2.89340683396 302.886535645
2.89969001926 302.636535645
2.90597320457 303.061981201
2.91225638988 302.376190186
2.91853957518 303.532043457
2.92482276049 303.035736084
2.9311059458 305.354370117
2.93738913111 305.170440674
2.94367231641 304.047576904
2.94995550172 304.126922607
2.95623868703 302.803070068
2.96252187234 305.721069336
2.96880505764 305.075012207
2.97508824295 304.643341064
2.98137142826 305.652191162
2.98765461356 304.426422119
2.99393779887 306.250518799
3.00022098418 304.76864624
3.00650416949 305.308807373
3.01278735479 306.246185303
3.0190705401 304.078369141
3.02535372541 305.800262451
3.03163691071 306.886535645
3.03792009602 309.504425049
3.04420328133 308.811065674
3.05048646664 308.524169922
3.05676965194 307.410614014
3.06305283725 307.641265869
3.06933602256 310.286804199
3.07561920786 308.545196533
3.08190239317 310.856811523
3.08818557848 309.070159912
3.09446876379 310.735870361
3.10075194909 311.96987915
3.1070351344 312.282348633
3.11331831971 311.859924316
3.11960150501 312.984039307
3.12588469032 311.716430664
3.13216787563 314.227722168
3.13845106094 314.852081299
3.14473424624 316.683105469
3.15101743155 315.886352539
3.15730061686 317.99911499
3.16358380216 317.881713867
3.16986698747 317.358581543
3.17615017278 318.640655518
3.18243335809 318.410919189
3.18871654339 318.613708496
3.1949997287 319.849334717
3.20128291401 320.098022461
3.20756609932 321.714569092
3.21384928462 322.332244873
3.22013246993 322.5050354
3.22641565524 321.135345459
3.23269884054 322.400482178
3.23898202585 321.409576416
3.24526521116 319.769927979
3.25154839647 321.553070068
3.25783158177 319.499420166
3.26411476708 321.238189697
3.27039795239 320.519287109
3.27668113769 320.291351318
3.282964323 320.935516357
3.28924750831 319.467102051
3.29553069362 319.150543213
3.30181387892 321.039855957
3.30809706423 320.867797852
3.31438024954 317.851837158
3.32066343484 319.077667236
3.32694662015 319.16418457
3.33322980546 317.369628906
3.33951299077 317.580993652
3.34579617607 319.976348877
3.35207936138 318.998931885
3.35836254669 319.345581055
3.36464573199 317.18182373
3.3709289173 316.994659424
3.37721210261 318.397216797
3.38349528792 315.75189209
3.38977847322 317.405273438
3.39606165853 317.634399414
3.40234484384 316.455657959
3.40862802914 316.529602051
3.41491121445 315.545959473
3.42119439976 317.029174805
3.42747758507 317.792602539
3.43376077037 317.253692627
3.44004395568 316.200439453
3.44632714099 314.542022705
3.4526103263 317.459960938
3.4588935116 316.93762207
3.46517669691 317.425109863
3.47145988222 316.934020996
3.47774306752 315.078948975
3.48402625283 316.399749756
3.49030943814 316.048187256
3.49659262345 317.425872803
3.50287580875 313.913360596
3.50915899406 315.110412598
3.51544217937 316.32119751
3.52172536467 313.68069458
3.52800854998 315.53729248
3.53429173529 316.90725708
3.5405749206 315.634918213
3.5468581059 315.813751221
3.55314129121 313.933227539
3.55942447652 316.33013916
3.56570766182 314.830871582
3.57199084713 315.612335205
3.57827403244 317.726409912
3.58455721775 315.93850708
3.59084040305 314.115203857
3.59712358836 314.870147705
3.60340677367 315.906585693
3.60968995897 314.854827881
3.61597314428 316.98739624
3.62225632959 315.79574585
3.6285395149 314.042358398
3.6348227002 315.219421387
3.64110588551 315.306121826
3.64738907082 315.654022217
3.65367225612 314.621429443
3.65995544143 316.032531738
3.66623862674 315.613189697
3.67252181205 315.746887207
3.67880499735 315.536743164
3.68508818266 315.338775635
3.69137136797 316.463409424
3.69765455328 315.236419678
3.70393773858 317.091766357
3.71022092389 317.156188965
3.7165041092 318.494476318
3.7227872945 319.484985352
3.72907047981 316.544799805
3.73535366512 316.759002686
3.74163685043 318.012939453
3.74792003573 318.153015137
3.75420322104 318.094329834
3.76048640635 318.978790283
3.76676959165 319.954650879
3.77305277696 318.966796875
3.77933596227 318.159393311
3.78561914758 317.105285645
3.79190233288 320.142181396
3.79818551819 320.13104248
3.8044687035 318.247924805
3.8107518888 318.736724854
3.81703507411 322.384399414
3.82331825942 320.424255371
3.82960144473 319.501220703
3.83588463003 320.138916016
3.84216781534 322.22769165
3.84845100065 322.619903564
3.85473418595 322.981750488
3.86101737126 320.46270752
3.86730055657 322.965393066
3.87358374188 318.961853027
3.87986692718 322.050079346
3.88615011249 321.533538818
3.8924332978 324.887695312
3.8987164831 321.379211426
3.90499966841 320.064666748
3.91128285372 324.259887695
3.91756603903 323.654998779
3.92384922433 325.157775879
3.93013240964 326.126647949
3.93641559495 325.886688232
3.94269878026 326.60723877
3.94898196556 326.921478271
3.95526515087 327.772674561
3.96154833618 325.019134521
3.96783152148 328.357330322
3.97411470679 330.581237793
3.9803978921 328.804382324
3.98668107741 330.209259033
3.99296426271 329.912384033
3.99924744802 331.2371521
4.00553063333 331.46572876
4.01181381863 333.781829834
4.01809700394 332.057220459
4.02438018925 331.766296387
4.03066337456 332.941192627
4.03694655986 333.170501709
4.04322974517 332.489501953
4.04951293048 334.787780762
4.05579611578 338.294006348
4.06207930109 334.703308105
4.0683624864 336.505493164
4.07464567171 338.38079834
4.08092885701 338.397216797
4.08721204232 336.83114624
4.09349522763 336.748504639
4.09977841293 338.645904541
4.10606159824 341.082336426
4.11234478355 337.429534912
4.11862796886 342.422058105
4.12491115416 338.294555664
4.13119433947 344.31072998
4.13747752478 341.843414307
4.14376071008 347.159698486
4.15004389539 343.596405029
4.1563270807 349.495697021
4.16261026601 345.009094238
4.16889345131 347.616424561
4.17517663662 347.460540771
4.18145982193 347.688720703
4.18774300724 348.025665283
4.19402619254 351.729278564
4.20030937785 348.453155518
4.20659256316 351.06741333
4.21287574846 354.394104004
4.21915893377 354.222564697
4.22544211908 352.418548584
4.23172530439 353.798919678
4.23800848969 359.282745361
4.244291675 357.659729004
4.25057486031 361.719238281
4.25685804561 362.145568848
4.26314123092 359.556732178
4.26942441623 364.826416016
4.27570760154 361.677734375
4.28199078684 362.912689209
4.28827397215 366.308502197
4.29455715746 365.205718994
4.30084034276 366.152313232
4.30712352807 369.156097412
4.31340671338 368.830566406
4.31968989869 369.569152832
4.32597308399 374.994812012
4.3322562693 372.653625488
4.33853945461 368.58013916
4.34482263991 374.175476074
4.35110582522 370.090576172
4.35738901053 374.608428955
4.36367219584 379.783355713
4.36995538114 375.272399902
4.37623856645 378.531311035
4.38252175176 378.401611328
4.38880493706 378.29498291
4.39508812237 384.407653809
4.40137130768 383.489654541
4.40765449299 384.747131348
4.41393767829 380.134887695
4.4202208636 384.921508789
4.42650404891 387.705383301
4.43278723422 383.798187256
4.43907041952 389.924957275
4.44535360483 388.168640137
4.45163679014 386.26449585
4.45791997544 386.456207275
4.46420316075 390.794677734
4.47048634606 392.188781738
4.47676953137 390.317779541
4.48305271667 393.721832275
4.48933590198 395.066802979
4.49561908729 395.448669434
4.50190227259 392.861694336
4.5081854579 396.598571777
4.51446864321 394.459106445
4.52075182852 400.72567749
4.52703501382 393.426483154
4.53331819913 396.05947876
4.53960138444 394.31060791
4.54588456974 391.629058838
4.55216775505 393.176025391
4.55845094036 391.054443359
4.56473412567 392.610443115
4.57101731097 390.707427979
4.57730049628 392.101257324
4.58358368159 386.355926514
4.58986686689 393.637145996
4.5961500522 386.394439697
4.60243323751 386.283813477
4.60871642282 394.011474609
4.61499960812 396.21484375
4.62128279343 392.715820312
4.62756597874 395.57321167
4.63384916404 399.157867432
4.64013234935 398.072570801
4.64641553466 402.155273438
4.65269871997 393.628662109
4.65898190527 393.469726562
4.66526509058 392.6512146
4.67154827589 397.615814209
4.6778314612 396.140258789
4.6841146465 396.346710205
4.69039783181 398.992919922
4.69668101712 403.063995361
4.70296420242 403.570220947
4.70924738773 410.609283447
4.71553057304 402.586730957
4.72181375835 401.899536133
4.72809694365 396.434051514
4.73438012896 406.348358154
4.74066331427 408.518676758
4.74694649957 411.520324707
4.75322968488 399.971710205
4.75951287019 407.261077881
4.7657960555 414.135955811
4.7720792408 408.342956543
4.77836242611 410.385101318
4.78464561142 405.355621338
4.79092879672 416.3984375
4.79721198203 420.868286133
4.80349516734 421.588745117
4.80977835265 414.292785645
4.81606153795 411.992340088
4.82234472326 429.6590271
4.82862790857 424.778381348
4.83491109387 419.453613281
4.84119427918 424.197967529
4.84747746449 424.703430176
4.8537606498 439.055236816
4.8600438351 433.3722229
4.86632702041 441.961639404
4.87261020572 424.371551514
4.87889339102 433.573974609
4.88517657633 430.356445312
4.89145976164 438.601745605
4.89774294695 436.413574219
4.90402613225 435.949523926
4.91030931756 440.552154541
4.91659250287 453.754608154
4.92287568818 442.612121582
4.92915887348 450.245849609
4.93544205879 458.221710205
4.9417252441 459.449279785
4.9480084294 458.112426758
4.95429161471 452.506256104
4.96057480002 460.17767334
4.96685798533 446.423187256
4.97314117063 454.100158691
4.97942435594 457.622406006
4.98570754125 470.272796631
4.99199072655 473.803771973
4.99827391186 471.093231201
5.00455709717 469.325012207
5.01084028248 452.598052979
5.01712346778 478.62020874
5.02340665309 485.443237305
5.0296898384 476.527862549
5.0359730237 487.600585938
5.04225620901 497.182830811
5.04853939432 488.891265869
5.05482257963 501.998626709
5.06110576493 488.586975098
5.06738895024 494.174346924
5.07367213555 500.499420166
5.07995532085 524.194030762
5.08623850616 502.421539307
5.09252169147 484.4637146
5.09880487678 506.170532227
5.10508806208 503.01473999
5.11137124739 514.392028809
5.1176544327 505.093048096
5.123937618 528.310424805
5.13022080331 524.154174805
5.13650398862 531.686828613
5.14278717393 537.263305664
5.14907035923 534.630004883
5.15535354454 544.102111816
5.16163672985 541.907714844
5.16791991516 536.423217773
5.17420310046 570.384216309
5.18048628577 520.66027832
5.18676947108 572.029296875
5.19305265638 543.009521484
5.19933584169 563.355041504
5.205619027 593.564331055
5.21190221231 558.739440918
5.21818539761 593.327636719
5.22446858292 577.619812012
5.23075176823 602.438354492
5.23703495353 573.46282959
5.24331813884 578.24822998
5.24960132415 587.941101074
5.25588450946 600.33013916
5.26216769476 560.428161621
5.26845088007 626.863525391
5.27473406538 653.476623535
5.28101725068 688.249694824
5.28730043599 627.950439453
5.2935836213 593.828552246
5.29986680661 596.24609375
5.30614999191 608.020996094
5.31243317722 614.702209473
5.31871636253 661.371704102
5.32499954783 676.746337891
5.33128273314 704.187561035
5.33756591845 751.606323242
5.34384910376 709.611633301
5.35013228906 698.432434082
5.35641547437 719.375427246
5.36269865968 739.824462891
5.36898184498 703.049316406
5.37526503029 715.445739746
5.3815482156 706.43737793
5.38783140091 718.792785645
5.39411458621 709.374511719
5.40039777152 775.43963623
5.40668095683 857.212768555
5.41296414214 803.389160156
5.41924732744 704.591796875
5.42553051275 817.899841309
5.43181369806 720.966552734
5.43809688336 800.858337402
5.44438006867 860.978759766
5.45066325398 773.111450195
5.45694643929 771.170532227
5.46322962459 861.353942871
5.4695128099 891.156616211
5.47579599521 843.880859375
5.48207918051 1012.5635376
5.48836236582 769.190673828
5.49464555113 1055.9161377
5.50092873644 1123.75134277
5.50721192174 1061.79418945
5.51349510705 689.051635742
5.51977829236 1056.13598633
5.52606147766 904.557250977
5.53234466297 653.662658691
5.53862784828 1549.13647461
5.54491103359 807.395202637
5.55119421889 1376.13085938
5.5574774042 1462.39172363
5.56376058951 2740.24853516
5.57004377481 4042.68945312
