0.00942477796077 3916.24145508
0.0157079632679 3846.08764648
0.0219911485751 2974.49121094
0.0282743338823 2182.57080078
0.0345575191895 1509.33935547
0.0408407044967 1116.97009277
0.0471238898038 872.350036621
0.053407075111 696.976318359
0.0596902604182 596.441833496
0.0659734457254 503.217041016
0.0722566310326 424.501617432
0.0785398163397 334.294464111
0.0848230016469 267.032440186
0.0911061869541 210.524795532
0.0973893722613 175.55128479
0.103672557568 147.782928467
0.109955742876 132.487594604
0.116238928183 114.562545776
0.12252211349 103.657737732
0.128805298797 93.4924163818
0.135088484104 80.3854064941
0.141371669412 68.6747436523
0.147654854719 59.9177589417
0.153938040026 51.4257011414
0.160221225333 45.8715744019
0.16650441064 40.24061203
0.172787595947 36.4865646362
0.179070781255 34.0849075317
0.185353966562 30.8835525513
0.191637151869 28.5720291138
0.197920337176 25.8888816833
0.204203522483 22.1628646851
0.210486707791 20.0292739868
0.216769893098 18.4337806702
0.223053078405 16.4592838287
0.229336263712 15.5261955261
0.235619449019 14.4405145645
0.241902634326 13.7669391632
0.248185819634 12.3094987869
0.254469004941 11.5438899994
0.260752190248 10.8763608932
0.267035375555 9.84049606323
0.273318560862 9.30395412445
0.279601746169 8.55851173401
0.285884931477 7.78406333923
0.292168116784 7.17357969284
0.298451302091 6.81615495682
0.304734487398 6.37747001648
0.311017672705 6.02495765686
0.317300858013 5.67428636551
0.32358404332 5.26067113876
0.329867228627 5.19390678406
0.336150413934 4.80975008011
0.342433599241 4.53827142715
0.348716784548 4.19667816162
0.354999969856 4.08235454559
0.361283155163 3.82313871384
0.36756634047 3.56218266487
0.373849525777 3.40787339211
0.380132711084 3.36278915405
0.386415896392 3.1595890522
0.392699081699 2.9026529789
0.398982267006 2.88678646088
0.405265452313 2.82474255562
0.41154863762 2.58194851875
0.417831822927 2.45812773705
0.424115008235 2.32661676407
0.430398193542 2.29886579514
0.436681378849 2.14104151726
0.442964564156 2.13697099686
0.449247749463 1.90368926525
0.455530934771 1.97488641739
0.461814120078 1.75387144089
0.468097305385 1.92903959751
0.474380490692 1.70070290565
0.480663675999 1.70855772495
0.486946861306 1.44850540161
0.493230046614 1.57700097561
0.499513231921 1.4673961401
0.505796417228 1.45182788372
0.512079602535 1.34562516212
0.518362787842 1.39002048969
0.524645973149 1.33597910404
0.530929158457 1.33033537865
0.537212343764 1.27787852287
0.543495529071 1.1699154377
0.549778714378 1.14543795586
0.556061899685 1.12644720078
0.562345084993 1.11139512062
0.5686282703 1.15968561172
0.574911455607 0.918646454811
0.581194640914 1.08520555496
0.587477826221 0.993695676327
0.593761011528 0.976712822914
0.600044196836 0.911948084831
0.606327382143 0.927293360233
0.61261056745 0.943876981735
0.618893752757 0.84308129549
0.625176938064 0.86018794775
0.631460123372 0.892662703991
0.637743308679 0.894955158234
0.644026493986 0.873354911804
0.650309679293 0.786809563637
0.6565928646 0.775867938995
0.662876049907 0.899604141712
0.669159235215 0.803682029247
0.675442420522 0.789242625237
0.681725605829 0.763000965118
0.688008791136 0.689635813236
0.694291976443 0.736481487751
0.700575161751 0.683265328407
0.706858347058 0.713739395142
0.713141532365 0.743573784828
0.719424717672 0.670139849186
0.725707902979 0.641452312469
0.731991088286 0.634853005409
0.738274273594 0.643041014671
0.744557458901 0.611428618431
0.750840644208 0.634033799171
0.757123829515 0.60507619381
0.763407014822 0.652998805046
0.769690200129 0.580796658993
0.775973385437 0.569304764271
0.782256570744 0.607527971268
0.788539756051 0.605122327805
0.794822941358 0.590109527111
0.801106126665 0.525905191898
0.807389311973 0.59285402298
0.81367249728 0.547544300556
0.819955682587 0.553867697716
0.826238867894 0.538536369801
0.832522053201 0.528656721115
0.838805238508 0.565897703171
0.845088423816 0.51234459877
0.851371609123 0.550284087658
0.85765479443 0.547283053398
0.863937979737 0.536008834839
0.870221165044 0.542555689812
0.876504350352 0.486788839102
0.882787535659 0.478476583958
0.889070720966 0.536475658417
0.895353906273 0.533482849598
0.90163709158 0.505066394806
0.907920276887 0.525914311409
0.914203462195 0.50447511673
0.920486647502 0.514698922634
0.926769832809 0.467635661364
0.933053018116 0.494830965996
0.939336203423 0.489811688662
0.945619388731 0.529952287674
0.951902574038 0.474006950855
0.958185759345 0.48421022296
0.964468944652 0.484541505575
0.970752129959 0.481716454029
0.977035315266 0.491585493088
0.983318500574 0.462449759245
0.989601685881 0.476810097694
0.995884871188 0.460374087095
1.0021680565 0.477983653545
1.0084512418 0.461111545563
1.01473442711 0.442169904709
1.02101761242 0.456433653831
1.02730079772 0.452218562365
1.03358398303 0.458592444658
1.03986716834 0.475718915462
1.04615035365 0.450101584196
1.05243353895 0.444107174873
1.05871672426 0.436540752649
1.06499990957 0.434521794319
1.07128309487 0.465754717588
1.07756628018 0.449258029461
1.08384946549 0.424338728189
1.0901326508 0.453128159046
1.0964158361 0.42648935318
1.10269902141 0.430040091276
1.10898220672 0.443123161793
1.11526539202 0.439022809267
1.12154857733 0.44346550107
1.12783176264 0.442152380943
1.13411494795 0.416263490915
1.14039813325 0.419391065836
1.14668131856 0.469547182322
1.15296450387 0.433646857738
1.15924768917 0.400998204947
1.16553087448 0.40129467845
1.17181405979 0.399006843567
1.1780972451 0.406920611858
1.1843804304 0.419523984194
1.19066361571 0.400279283524
1.19694680102 0.423032522202
1.20322998632 0.400947540998
1.20951317163 0.396179407835
1.21579635694 0.432473808527
1.22207954225 0.399734318256
1.22836272755 0.41351300478
1.23464591286 0.404439091682
1.24092909817 0.399770915508
1.24721228348 0.428771197796
1.25349546878 0.415100634098
1.25977865409 0.408502787352
1.2660618394 0.39496126771
1.2723450247 0.401203691959
1.27862821001 0.408069312572
1.28491139532 0.407708346844
1.29119458063 0.409292042255
1.29747776593 0.395931005478
1.30376095124 0.402692675591
1.31004413655 0.391595214605
1.31632732185 0.413439273834
1.32261050716 0.401961714029
1.32889369247 0.430090129375
1.33517687778 0.414881676435
1.34146006308 0.408089786768
1.34774324839 0.388071894646
1.3540264337 0.413594543934
1.360309619 0.401067793369
1.36659280431 0.403049170971
1.37287598962 0.410170763731
1.37915917493 0.399000495672
1.38544236023 0.397365182638
1.39172554554 0.383370310068
1.39800873085 0.394414395094
1.40429191615 0.403018951416
1.41057510146 0.411480754614
1.41685828677 0.386050462723
1.42314147208 0.392448216677
1.42942465738 0.400539934635
1.43570784269 0.39182677865
1.441991028 0.372630655766
1.4482742133 0.39759516716
1.45455739861 0.386972337961
1.46084058392 0.387007087469
1.46712376923 0.38378238678
1.47340695453 0.396256506443
1.47969013984 0.376717299223
1.48597332515 0.392652451992
1.49225651046 0.387783288956
1.49853969576 0.38806283474
1.50482288107 0.386938720942
1.51110606638 0.377273350954
1.51738925168 0.387240588665
1.52367243699 0.379553765059
1.5299556223 0.400377035141
1.53623880761 0.37774553895
1.54252199291 0.385972559452
1.54880517822 0.398088127375
1.55508836353 0.386024236679
1.56137154883 0.391593664885
1.56765473414 0.401976197958
1.57393791945 0.388344168663
1.58022110476 0.396171689034
1.58650429006 0.392712622881
1.59278747537 0.395387202501
1.59907066068 0.38903978467
1.60535384598 0.382226586342
1.61163703129 0.380276978016
1.6179202166 0.391386657953
1.62420340191 0.380137443542
1.63048658721 0.377635985613
1.63676977252 0.379960894585
1.64305295783 0.376875340939
1.64933614313 0.381063938141
1.65561932844 0.375789314508
1.66190251375 0.377960085869
1.66818569906 0.382590800524
1.67446888436 0.377199023962
1.68075206967 0.386022627354
1.68703525498 0.387099921703
1.69331844028 0.391786247492
1.69960162559 0.380473762751
1.7058848109 0.376985132694
1.71216799621 0.384242117405
1.71845118151 0.391296386719
1.72473436682 0.369902908802
1.73101755213 0.387754648924
1.73730073744 0.374324053526
1.74358392274 0.382294863462
1.74986710805 0.383707344532
1.75615029336 0.398179084063
1.76243347866 0.395654022694
1.76871666397 0.381737500429
1.77499984928 0.386589974165
1.78128303459 0.368246763945
1.78756621989 0.387002378702
1.7938494052 0.376990318298
1.80013259051 0.373685985804
1.80641577581 0.390801489353
1.81269896112 0.391600817442
1.81898214643 0.374429196119
1.82526533174 0.375540733337
1.83154851704 0.384999066591
1.83783170235 0.381313353777
1.84411488766 0.376477688551
1.85039807296 0.377445816994
1.85668125827 0.387857317924
1.86296444358 0.392459183931
1.86924762889 0.376501768827
1.87553081419 0.375893741846
1.8818139995 0.384856700897
1.88809718481 0.383685171604
1.89438037011 0.376575708389
1.90066355542 0.386217862368
1.90694674073 0.387401819229
1.91322992604 0.378215610981
1.91951311134 0.387439697981
1.92579629665 0.379930466413
1.93207948196 0.384770691395
1.93836266726 0.37616121769
1.94464585257 0.378114461899
1.95092903788 0.375600337982
1.95721222319 0.387553989887
1.96349540849 0.387797564268
1.9697785938 0.38038444519
1.97606177911 0.378015488386
1.98234496442 0.374133825302
1.98862814972 0.374038726091
1.99491133503 0.37554499507
2.00119452034 0.380670279264
2.00747770564 0.388192802668
2.01376089095 0.386199474335
2.02004407626 0.378694504499
2.02632726157 0.387321203947
2.03261044687 0.38226506114
2.03889363218 0.381864130497
2.04517681749 0.385752409697
2.05146000279 0.37196713686
2.0577431881 0.390047848225
2.06402637341 0.391921550035
2.07030955872 0.376678049564
2.07659274402 0.387262105942
2.08287592933 0.386061757803
2.08915911464 0.378638505936
2.09544229994 0.384806036949
2.10172548525 0.38066059351
2.10800867056 0.383274883032
2.11429185587 0.391140371561
2.12057504117 0.399829268456
2.12685822648 0.389393031597
2.13314141179 0.375524371862
2.13942459709 0.399442076683
2.1457077824 0.382477223873
2.15199096771 0.385672807693
2.15827415302 0.38592672348
2.16455733832 0.386254310608
2.17084052363 0.387524336576
2.17712370894 0.387456893921
2.18340689424 0.380675584078
2.18969007955 0.380788743496
2.19597326486 0.383975178003
2.20225645017 0.389922618866
2.20853963547 0.387400597334
2.21482282078 0.385364234447
2.22110600609 0.392582803965
2.2273891914 0.383345156908
2.2336723767 0.398251891136
2.23995556201 0.389157682657
2.24623874732 0.375108510256
2.25252193262 0.40019005537
2.25880511793 0.389737099409
2.26508830324 0.392830550671
2.27137148855 0.382633060217
2.27765467385 0.40083360672
2.28393785916 0.388906031847
2.29022104447 0.387367874384
2.29650422977 0.395025610924
2.30278741508 0.390430450439
2.30907060039 0.390736579895
2.3153537857 0.391074120998
2.321636971 0.384597659111
2.32792015631 0.385026931763
2.33420334162 0.391365468502
2.34048652692 0.390555292368
2.34676971223 0.396623939276
2.35305289754 0.403630316257
2.35933608285 0.38683962822
2.36561926815 0.390853017569
2.37190245346 0.391649186611
2.37818563877 0.381066411734
2.38446882407 0.403248012066
2.39075200938 0.389169722795
2.39703519469 0.387003213167
2.40331838 0.397482782602
2.4096015653 0.400358170271
2.41588475061 0.393942981958
2.42216793592 0.397274672985
2.42845112122 0.389101326466
2.43473430653 0.408946216106
2.44101749184 0.400604665279
2.44730067715 0.401480585337
2.45358386245 0.385245770216
2.45986704776 0.411833316088
2.46615023307 0.395692288876
2.47243341838 0.402407288551
2.47871660368 0.403713613749
2.48499978899 0.395956039429
2.4912829743 0.397695958614
2.4975661596 0.397874414921
2.50384934491 0.402539819479
2.51013253022 0.404671400785
2.51641571553 0.412837326527
2.52269890083 0.40478810668
2.52898208614 0.400501787663
2.53526527145 0.400700360537
2.54154845675 0.400998920202
2.54783164206 0.402100086212
2.55411482737 0.412109613419
2.56039801268 0.414280623198
2.56668119798 0.407017141581
2.57296438329 0.40290120244
2.5792475686 0.409322291613
2.5855307539 0.399505972862
2.59181393921 0.418039292097
2.59809712452 0.406153410673
2.60438030983 0.417109638453
2.61066349513 0.413593322039
2.61694668044 0.414407014847
2.62322986575 0.412685751915
2.62951305105 0.416415154934
2.63579623636 0.411458402872
2.64207942167 0.412169277668
2.64836260698 0.407248854637
2.65464579228 0.414339035749
2.66092897759 0.419950544834
2.6672121629 0.418597280979
2.6734953482 0.410991698503
2.67977853351 0.410818606615
2.68606171882 0.41440564394
2.69234490413 0.416812986135
2.69862808943 0.415920168161
2.70491127474 0.411756336689
2.71119446005 0.413525104523
2.71747764536 0.418517231941
2.72376083066 0.414436221123
2.73004401597 0.419946074486
2.73632720128 0.417800247669
2.74261038658 0.418962657452
2.74889357189 0.419975757599
2.7551767572 0.420097261667
2.76145994251 0.430634230375
2.76774312781 0.428464502096
2.77402631312 0.423754990101
2.78030949843 0.419558525085
2.78659268373 0.428687900305
2.79287586904 0.425044029951
2.79915905435 0.423018485308
2.80544223966 0.428503274918
2.81172542496 0.413226664066
2.81800861027 0.425853163004
2.82429179558 0.429789245129
2.83057498088 0.429183453321
2.83685816619 0.432417273521
2.8431413515 0.432736754417
2.84942453681 0.427747964859
2.85570772211 0.437617063522
2.86199090742 0.438554853201
2.86827409273 0.440703988075
2.87455727803 0.433677256107
2.88084046334 0.430175840855
2.88712364865 0.43048068881
2.89340683396 0.453807234764
2.89969001926 0.449897259474
2.90597320457 0.435475289822
2.91225638988 0.445753633976
2.91853957518 0.453680545092
2.92482276049 0.449292272329
2.9311059458 0.448350191116
2.93738913111 0.453201621771
2.94367231641 0.437152653933
2.94995550172 0.441941559315
2.95623868703 0.450174838305
2.96252187234 0.440880775452
2.96880505764 0.45871424675
2.97508824295 0.439195781946
2.98137142826 0.455491423607
2.98765461356 0.460119605064
2.99393779887 0.453020840883
3.00022098418 0.442525088787
3.00650416949 0.466855049133
3.01278735479 0.459543526173
3.0190705401 0.458025246859
3.02535372541 0.458178311586
3.03163691071 0.471343755722
3.03792009602 0.458612680435
3.04420328133 0.47254756093
3.05048646664 0.470931529999
3.05676965194 0.471230447292
3.06305283725 0.47395670414
3.06933602256 0.45920085907
3.07561920786 0.475058227777
3.08190239317 0.490067869425
3.08818557848 0.473309278488
3.09446876379 0.476803213358
3.10075194909 0.478126972914
3.1070351344 0.47208610177
3.11331831971 0.491442263126
3.11960150501 0.486223846674
3.12588469032 0.490884155035
3.13216787563 0.488621264696
3.13845106094 0.489365041256
3.14473424624 0.480741381645
3.15101743155 0.495328992605
3.15730061686 0.495424032211
3.16358380216 0.504473388195
3.16986698747 0.500357985497
3.17615017278 0.498558849096
3.18243335809 0.50678050518
3.18871654339 0.498844921589
3.1949997287 0.504851937294
3.20128291401 0.502463042736
3.20756609932 0.50043284893
3.21384928462 0.499565511942
3.22013246993 0.515293121338
3.22641565524 0.508080720901
3.23269884054 0.510014116764
3.23898202585 0.512276649475
3.24526521116 0.516760885715
3.25154839647 0.514727771282
3.25783158177 0.51577603817
3.26411476708 0.511455357075
3.27039795239 0.520627081394
3.27668113769 0.510949969292
3.282964323 0.511760890484
3.28924750831 0.511632025242
3.29553069362 0.516055703163
3.30181387892 0.515521407127
3.30809706423 0.511289477348
3.31438024954 0.513477504253
3.32066343484 0.514878213406
3.32694662015 0.516111969948
3.33322980546 0.523429870605
3.33951299077 0.524305999279
3.34579617607 0.516252040863
3.35207936138 0.516911745071
3.35836254669 0.518633067608
3.36464573199 0.525965511799
3.3709289173 0.529267787933
3.37721210261 0.527417600155
3.38349528792 0.531022012234
3.38977847322 0.516843795776
3.39606165853 0.529870986938
3.40234484384 0.521607100964
3.40862802914 0.526562213898
3.41491121445 0.53220808506
3.42119439976 0.530444383621
3.42747758507 0.529195547104
3.43376077037 0.536211252213
3.44004395568 0.540270507336
3.44632714099 0.528553664684
3.4526103263 0.529071033001
3.4588935116 0.531513273716
3.46517669691 0.528059899807
3.47145988222 0.53683924675
3.47774306752 0.523382902145
3.48402625283 0.536238849163
3.49030943814 0.542355060577
3.49659262345 0.540436387062
3.50287580875 0.542966842651
3.50915899406 0.543295025826
3.51544217937 0.547978401184
3.52172536467 0.538820505142
3.52800854998 0.542156755924
3.53429173529 0.542767643929
3.5405749206 0.549165487289
3.5468581059 0.551037192345
3.55314129121 0.540123641491
3.55942447652 0.54724162817
3.56570766182 0.548013746738
3.57199084713 0.532321035862
3.57827403244 0.545024871826
3.58455721775 0.55641502142
3.59084040305 0.549242734909
3.59712358836 0.553337454796
3.60340677367 0.54911917448
3.60968995897 0.558211445808
3.61597314428 0.556496918201
3.62225632959 0.557202577591
3.6285395149 0.548363566399
3.6348227002 0.564459443092
3.64110588551 0.571796059608
3.64738907082 0.573065042496
3.65367225612 0.57522213459
3.65995544143 0.577318966389
3.66623862674 0.570759952068
3.67252181205 0.565172493458
3.67880499735 0.573601603508
3.68508818266 0.572025418282
3.69137136797 0.581396877766
3.69765455328 0.574005067348
3.70393773858 0.585749566555
3.71022092389 0.569417119026
3.7165041092 0.580436825752
3.7227872945 0.583402633667
3.72907047981 0.59296810627
3.73535366512 0.579189360142
3.74163685043 0.581220269203
3.74792003573 0.581711232662
3.75420322104 0.603106379509
3.76048640635 0.593007445335
3.76676959165 0.590782999992
3.77305277696 0.602905571461
3.77933596227 0.593941271305
3.78561914758 0.593374550343
3.79190233288 0.587503194809
3.79818551819 0.588440716267
3.8044687035 0.590971648693
3.8107518888 0.604447126389
3.81703507411 0.600090384483
3.82331825942 0.593897640705
3.82960144473 0.595705270767
3.83588463003 0.598451137543
3.84216781534 0.603515982628
3.84845100065 0.610213756561
3.85473418595 0.60873568058
3.86101737126 0.617079555988
3.86730055657 0.619802355766
3.87358374188 0.634681940079
3.87986692718 0.599189817905
3.88615011249 0.61796683073
3.8924332978 0.626668870449
3.8987164831 0.618277907372
3.90499966841 0.630805671215
3.91128285372 0.626218140125
3.91756603903 0.622117340565
3.92384922433 0.626793861389
3.93013240964 0.638173520565
3.93641559495 0.631367444992
3.94269878026 0.629773616791
3.94898196556 0.63758456707
3.95526515087 0.622853696346
3.96154833618 0.641745865345
3.96783152148 0.647900879383
3.97411470679 0.642028152943
3.9803978921 0.648173511028
3.98668107741 0.666041374207
3.99296426271 0.646611571312
3.99924744802 0.636765599251
4.00553063333 0.666918456554
4.01181381863 0.650991678238
4.01809700394 0.650477290154
4.02438018925 0.670979499817
4.03066337456 0.661670863628
4.03694655986 0.667133331299
4.04322974517 0.670557439327
4.04951293048 0.671854376793
4.05579611578 0.685226738453
4.06207930109 0.696972191334
4.0683624864 0.688512563705
4.07464567171 0.687610208988
4.08092885701 0.691431164742
4.08721204232 0.667024374008
4.09349522763 0.703729093075
4.09977841293 0.694049715996
4.10606159824 0.7106372118
4.11234478355 0.692362427711
4.11862796886 0.69644844532
4.12491115416 0.727307021618
4.13119433947 0.700834989548
4.13747752478 0.700595200062
4.14376071008 0.721375823021
4.15004389539 0.716982960701
4.1563270807 0.729775309563
4.16261026601 0.71478331089
4.16889345131 0.731617867947
4.17517663662 0.730703294277
4.18145982193 0.736470878124
4.18774300724 0.738127291203
4.19402619254 0.739481925964
4.20030937785 0.731410562992
4.20659256316 0.740638971329
4.21287574846 0.760168433189
4.21915893377 0.731171429157
4.22544211908 0.754442751408
4.23172530439 0.777422964573
4.23800848969 0.785976886749
4.244291675 0.751436769962
4.25057486031 0.748462259769
4.25685804561 0.76190084219
4.26314123092 0.77925747633
4.26942441623 0.766864180565
4.27570760154 0.78282815218
4.28199078684 0.776195883751
4.28827397215 0.774763464928
4.29455715746 0.779378890991
4.30084034276 0.800506532192
4.30712352807 0.786142408848
4.31340671338 0.789105176926
4.31968989869 0.797180712223
4.32597308399 0.805255353451
4.3322562693 0.805553734303
4.33853945461 0.821626842022
4.34482263991 0.833581566811
4.35110582522 0.850436151028
4.35738901053 0.820614695549
4.36367219584 0.812647283077
4.36995538114 0.83923971653
4.37623856645 0.869643628597
4.38252175176 0.820081532001
4.38880493706 0.855330109596
4.39508812237 0.847177386284
4.40137130768 0.872558176517
4.40765449299 0.881595253944
4.41393767829 0.86041611433
4.4202208636 0.848758816719
4.42650404891 0.874628007412
4.43278723422 0.870280325413
4.43907041952 0.862397253513
4.44535360483 0.878032624722
4.45163679014 0.89029365778
4.45791997544 0.879555523396
4.46420316075 0.87481045723
4.47048634606 0.86833691597
4.47676953137 0.883555531502
4.48305271667 0.923529982567
4.48933590198 0.889535665512
4.49561908729 0.893097877502
4.50190227259 0.874222636223
4.5081854579 0.882689893246
4.51446864321 0.894434332848
4.52075182852 0.869314789772
4.52703501382 0.944418430328
4.53331819913 0.924094438553
4.53960138444 0.950151383877
4.54588456974 0.894890725613
4.55216775505 0.898231267929
4.55845094036 0.935540318489
4.56473412567 0.900065839291
4.57101731097 0.865010678768
4.57730049628 0.92303621769
4.58358368159 0.936409831047
4.58986686689 0.927455127239
4.5961500522 0.920544803143
4.60243323751 0.92442470789
4.60871642282 0.91499453783
4.61499960812 0.924914956093
4.62128279343 0.949287772179
4.62756597874 0.902607798576
4.63384916404 0.940553069115
4.64013234935 0.93413066864
4.64641553466 0.909197032452
4.65269871997 0.992521524429
4.65898190527 1.00715684891
4.66526509058 0.890386164188
4.67154827589 0.971435844898
4.6778314612 0.986142039299
4.6841146465 0.935173690319
4.69039783181 0.971813619137
4.69668101712 1.00141561031
4.70296420242 0.94247096777
4.70924738773 0.996294796467
4.71553057304 0.97497433424
4.72181375835 1.00306868553
4.72809694365 1.05637514591
4.73438012896 0.986361682415
4.74066331427 0.943144023418
4.74694649957 0.989419102669
4.75322968488 0.96821308136
4.75951287019 0.953505158424
4.7657960555 1.03085112572
4.7720792408 1.05794453621
4.77836242611 1.07739830017
4.78464561142 1.06706893444
4.79092879672 1.06348156929
4.79721198203 1.06912195683
4.80349516734 1.01846539974
4.80977835265 1.06436407566
4.81606153795 1.03906333447
4.82234472326 1.07166528702
4.82862790857 1.11478126049
4.83491109387 1.11409378052
4.84119427918 1.12102758884
4.84747746449 1.123234272
4.8537606498 1.04111158848
4.8600438351 1.0687828064
4.86632702041 0.980994164944
4.87261020572 1.10774159431
4.87889339102 1.1421816349
4.88517657633 1.13027191162
4.89145976164 1.05555820465
4.89774294695 1.07402157784
4.90402613225 1.16320204735
4.91030931756 1.16571807861
4.91659250287 1.09748792648
4.92287568818 1.16064190865
4.92915887348 1.1456309557
4.93544205879 1.12918913364
4.9417252441 1.21526801586
4.9480084294 1.17117023468
4.95429161471 1.17978692055
4.96057480002 1.14394843578
4.96685798533 1.21551406384
4.97314117063 1.26568591595
4.97942435594 1.21077775955
4.98570754125 1.24800395966
4.99199072655 1.25001037121
4.99827391186 1.23009562492
5.00455709717 1.30228865147
5.01084028248 1.27263879776
5.01712346778 1.23892068863
5.02340665309 1.22223842144
5.0296898384 1.35569286346
5.0359730237 1.24569582939
5.04225620901 1.33869230747
5.04853939432 1.38964343071
5.05482257963 1.25786077976
5.06110576493 1.26201236248
5.06738895024 1.29366326332
5.07367213555 1.2206287384
5.07995532085 1.43011748791
5.08623850616 1.35835659504
5.09252169147 1.37582421303
5.09880487678 1.35030519962
5.10508806208 1.46901488304
5.11137124739 1.28496968746
5.1176544327 1.48625969887
5.123937618 1.47385895252
5.13022080331 1.49574494362
5.13650398862 1.52912986279
5.14278717393 1.45674014091
5.14907035923 1.31987202168
5.15535354454 1.24876701832
5.16163672985 1.37287592888
5.16791991516 1.51926910877
5.17420310046 1.61735057831
5.18048628577 1.56879031658
5.18676947108 1.33474159241
5.19305265638 1.52972173691
5.19933584169 1.35986971855
5.205619027 1.62183701992
5.21190221231 1.60054576397
5.21818539761 1.42981350422
5.22446858292 1.71853113174
5.23075176823 1.87092936039
5.23703495353 1.84524857998
5.24331813884 1.56905317307
5.24960132415 1.66255843639
5.25588450946 1.71725893021
5.26216769476 2.02429556847
5.26845088007 1.50126874447
5.27473406538 1.74856758118
5.28101725068 1.94940769672
5.28730043599 1.77121722698
5.2935836213 2.02433896065
5.29986680661 1.48026740551
5.30614999191 1.98833346367
5.31243317722 1.76532006264
5.31871636253 1.3726760149
5.32499954783 1.56931185722
5.33128273314 1.62296497822
5.33756591845 1.894562006
5.34384910376 1.94863545895
5.35013228906 2.18866109848
5.35641547437 2.05449962616
5.36269865968 1.83556187153
5.36898184498 2.03440952301
5.37526503029 1.43133985996
5.3815482156 2.04663276672
5.38783140091 1.97595202923
5.39411458621 1.92470729351
5.40039777152 1.97037649155
5.40668095683 2.376039505
5.41296414214 2.78031158447
5.41924732744 1.77211654186
5.42553051275 2.08646702766
5.43181369806 2.27213716507
5.43809688336 2.05658388138
5.44438006867 2.18848061562
5.45066325398 1.91938734055
5.45694643929 1.58047783375
5.46322962459 1.48561358452
5.4695128099 3.35156059265
5.47579599521 3.38228082657
5.48207918051 2.05167961121
5.48836236582 2.83777976036
5.49464555113 4.00621414185
5.50092873644 4.95061254501
5.50721192174 0.710778594017
5.51349510705 1.89979100227
5.51977829236 5.19503164291
5.52606147766 2.89266300201
5.53234466297 5.96519899368
5.53862784828 1.96313452721
5.54491103359 1.12177729607
5.55119421889 -1.07519233227
5.5574774042 20.0268154144
5.56376058951 -0.727979719639
5.57004377481 10.18816185
