0.00942477796077 51389.5625
0.0157079632679 56374.9570312
0.0219911485751 49395.5507812
0.0282743338823 40796.6601562
0.0345575191895 32842.9765625
0.0408407044967 26047.9902344
0.0471238898038 22552.375
0.053407075111 20053.9785156
0.0596902604182 18528.3125
0.0659734457254 16892.2929688
0.0722566310326 15882.2402344
0.0785398163397 13542.0058594
0.0848230016469 11970.7529297
0.0911061869541 10444.7216797
0.0973893722613 9656.19335938
0.103672557568 8835.7265625
0.109955742876 8162.8125
0.116238928183 7786.99365234
0.12252211349 7158.93261719
0.128805298797 7021.51171875
0.135088484104 6380.30664062
0.141371669412 6022.49267578
0.147654854719 5666.09765625
0.153938040026 5232.03369141
0.160221225333 5050.93847656
0.16650441064 4584.52148438
0.172787595947 4548.99755859
0.179070781255 4273.59765625
0.185353966562 4134.66894531
0.191637151869 3937.21655273
0.197920337176 3832.87304688
0.204203522483 3548.86889648
0.210486707791 3486.26000977
0.216769893098 3355.27416992
0.223053078405 3205.71899414
0.229336263712 3099.07324219
0.235619449019 3036.1809082
0.241902634326 2951.25488281
0.248185819634 2797.54443359
0.254469004941 2728.02636719
0.260752190248 2652.65625
0.267035375555 2547.44287109
0.273318560862 2547.52246094
0.279601746169 2463.29638672
0.285884931477 2385.80273438
0.292168116784 2302.81005859
0.298451302091 2257.09887695
0.304734487398 2225.18676758
0.311017672705 2164.49780273
0.317300858013 2103.94360352
0.32358404332 2036.34594727
0.329867228627 1986.27392578
0.336150413934 1978.97888184
0.342433599241 1931.50793457
0.348716784548 1908.10668945
0.354999969856 1854.26904297
0.361283155163 1826.30688477
0.36756634047 1783.09716797
0.373849525777 1748.94348145
0.380132711084 1735.32556152
0.386415896392 1690.48449707
0.392699081699 1685.95654297
0.398982267006 1637.88208008
0.405265452313 1592.2076416
0.41154863762 1564.68041992
0.417831822927 1550.53039551
0.424115008235 1537.8527832
0.430398193542 1528.11767578
0.436681378849 1510.97009277
0.442964564156 1480.85522461
0.449247749463 1444.7064209
0.455530934771 1429.36657715
0.461814120078 1415.11523438
0.468097305385 1392.70996094
0.474380490692 1378.08117676
0.480663675999 1358.90637207
0.486946861306 1349.66381836
0.493230046614 1333.19519043
0.499513231921 1306.81921387
0.505796417228 1306.16296387
0.512079602535 1267.70861816
0.518362787842 1280.81738281
0.524645973149 1257.30895996
0.530929158457 1238.89660645
0.537212343764 1228.93212891
0.543495529071 1213.63513184
0.549778714378 1216.16174316
0.556061899685 1199.17370605
0.562345084993 1191.16259766
0.5686282703 1175.2779541
0.574911455607 1158.74938965
0.581194640914 1148.42858887
0.587477826221 1138.32836914
0.593761011528 1120.90820312
0.600044196836 1114.21728516
0.606327382143 1120.45556641
0.61261056745 1099.85791016
0.618893752757 1090.26879883
0.625176938064 1088.82312012
0.631460123372 1086.88037109
0.637743308679 1078.53027344
0.644026493986 1062.23291016
0.650309679293 1062.3614502
0.6565928646 1044.9831543
0.662876049907 1048.07946777
0.669159235215 1027.55554199
0.675442420522 1022.35058594
0.681725605829 1016.60565186
0.688008791136 1006.01745605
0.694291976443 1008.41217041
0.700575161751 998.232971191
0.706858347058 994.589172363
0.713141532365 985.42956543
0.719424717672 968.931213379
0.725707902979 980.961425781
0.731991088286 968.739196777
0.738274273594 954.506286621
0.744557458901 959.469726562
0.750840644208 948.261962891
0.757123829515 942.455932617
0.763407014822 940.236938477
0.769690200129 938.450805664
0.775973385437 933.921325684
0.782256570744 923.162536621
0.788539756051 922.005187988
0.794822941358 915.250671387
0.801106126665 911.70300293
0.807389311973 905.821472168
0.81367249728 900.708618164
0.819955682587 897.475219727
0.826238867894 892.570373535
0.832522053201 890.419677734
0.838805238508 885.438903809
0.845088423816 879.901794434
0.851371609123 872.530700684
0.85765479443 865.295410156
0.863937979737 866.610351562
0.870221165044 860.786437988
0.876504350352 856.959838867
0.882787535659 856.311401367
0.889070720966 844.227539062
0.895353906273 849.71862793
0.90163709158 842.524963379
0.907920276887 833.586975098
0.914203462195 842.155029297
0.920486647502 833.191833496
0.926769832809 828.924316406
0.933053018116 824.70703125
0.939336203423 821.324890137
0.945619388731 820.945617676
0.951902574038 813.077636719
0.958185759345 814.705444336
0.964468944652 804.728210449
0.970752129959 802.407287598
0.977035315266 804.163574219
0.983318500574 802.061950684
0.989601685881 791.362243652
0.995884871188 791.220214844
1.0021680565 793.545410156
1.0084512418 785.276062012
1.01473442711 781.917236328
1.02101761242 784.500915527
1.02730079772 774.318359375
1.03358398303 779.772766113
1.03986716834 771.590759277
1.04615035365 772.806640625
1.05243353895 768.720581055
1.05871672426 767.780273438
1.06499990957 764.80065918
1.07128309487 762.570373535
1.07756628018 758.956237793
1.08384946549 754.127441406
1.0901326508 753.861755371
1.0964158361 751.969055176
1.10269902141 752.897949219
1.10898220672 743.161621094
1.11526539202 744.376464844
1.12154857733 741.897460938
1.12783176264 739.226806641
1.13411494795 737.105407715
1.14039813325 735.490600586
1.14668131856 731.05670166
1.15296450387 730.731994629
1.15924768917 727.039489746
1.16553087448 726.981140137
1.17181405979 725.601745605
1.1780972451 720.774902344
1.1843804304 722.94720459
1.19066361571 720.44708252
1.19694680102 718.422241211
1.20322998632 715.072509766
1.20951317163 712.942626953
1.21579635694 711.409851074
1.22207954225 707.005065918
1.22836272755 710.401000977
1.23464591286 706.741760254
1.24092909817 700.424499512
1.24721228348 702.633911133
1.25349546878 699.591247559
1.25977865409 698.650695801
1.2660618394 692.713928223
1.2723450247 693.112182617
1.27862821001 690.412719727
1.28491139532 690.875488281
1.29119458063 686.858581543
1.29747776593 686.289245605
1.30376095124 682.018859863
1.31004413655 684.529418945
1.31632732185 682.206542969
1.32261050716 680.476501465
1.32889369247 677.140014648
1.33517687778 676.860961914
1.34146006308 678.891052246
1.34774324839 675.563659668
1.3540264337 673.451538086
1.360309619 672.708068848
1.36659280431 669.580993652
1.37287598962 667.724853516
1.37915917493 663.559753418
1.38544236023 664.172851562
1.39172554554 661.108459473
1.39800873085 658.875427246
1.40429191615 658.07623291
1.41057510146 654.252746582
1.41685828677 659.703918457
1.42314147208 656.523498535
1.42942465738 651.434387207
1.43570784269 649.259643555
1.441991028 651.084411621
1.4482742133 646.372070312
1.45455739861 646.38885498
1.46084058392 645.613952637
1.46712376923 644.027587891
1.47340695453 645.156677246
1.47969013984 643.339477539
1.48597332515 640.340209961
1.49225651046 640.529724121
1.49853969576 637.392944336
1.50482288107 635.88092041
1.51110606638 635.606567383
1.51738925168 632.049255371
1.52367243699 631.84185791
1.5299556223 629.565979004
1.53623880761 631.477661133
1.54252199291 629.745666504
1.54880517822 625.575073242
1.55508836353 625.033996582
1.56137154883 625.276916504
1.56765473414 623.669311523
1.57393791945 620.103515625
1.58022110476 621.323425293
1.58650429006 620.572021484
1.59278747537 617.928100586
1.59907066068 616.509216309
1.60535384598 615.229370117
1.61163703129 612.987915039
1.6179202166 614.222351074
1.62420340191 611.056335449
1.63048658721 610.735900879
1.63676977252 610.152526855
1.64305295783 605.623474121
1.64933614313 608.496704102
1.65561932844 604.283203125
1.66190251375 603.112792969
1.66818569906 603.869262695
1.67446888436 600.392028809
1.68075206967 599.66229248
1.68703525498 598.384399414
1.69331844028 597.382019043
1.69960162559 596.865356445
1.7058848109 595.270385742
1.71216799621 593.757263184
1.71845118151 594.279907227
1.72473436682 594.241516113
1.73101755213 590.037902832
1.73730073744 590.072998047
1.74358392274 589.687683105
1.74986710805 588.024108887
1.75615029336 585.327575684
1.76243347866 586.835388184
1.76871666397 585.661254883
1.77499984928 580.365966797
1.78128303459 583.201293945
1.78756621989 580.019470215
1.7938494052 578.15625
1.80013259051 578.630187988
1.80641577581 577.632263184
1.81269896112 578.314575195
1.81898214643 578.284362793
1.82526533174 574.954101562
1.83154851704 573.472412109
1.83783170235 573.535339355
1.84411488766 570.470092773
1.85039807296 570.508544922
1.85668125827 569.957214355
1.86296444358 566.262329102
1.86924762889 566.916748047
1.87553081419 565.086364746
1.8818139995 563.833557129
1.88809718481 563.883850098
1.89438037011 563.583740234
1.90066355542 563.060546875
1.90694674073 561.758361816
1.91322992604 560.288574219
1.91951311134 559.432250977
1.92579629665 556.825561523
1.93207948196 557.68951416
1.93836266726 556.375549316
1.94464585257 556.956359863
1.95092903788 554.18157959
1.95721222319 552.788146973
1.96349540849 552.171386719
1.9697785938 552.948181152
1.97606177911 549.883300781
1.98234496442 549.355285645
1.98862814972 547.960388184
1.99491133503 547.441101074
2.00119452034 546.399963379
2.00747770564 546.115722656
2.01376089095 545.154785156
2.02004407626 543.197265625
2.02632726157 543.190673828
2.03261044687 541.550292969
2.03889363218 541.528503418
2.04517681749 540.905151367
2.05146000279 539.0546875
2.0577431881 539.034973145
2.06402637341 538.559082031
2.07030955872 536.934936523
2.07659274402 536.117126465
2.08287592933 536.480712891
2.08915911464 536.030517578
2.09544229994 532.849060059
2.10172548525 535.615783691
2.10800867056 532.47088623
2.11429185587 531.943908691
2.12057504117 531.399597168
2.12685822648 529.58996582
2.13314141179 529.562805176
2.13942459709 529.303405762
2.1457077824 526.616516113
2.15199096771 526.933959961
2.15827415302 524.637695312
2.16455733832 524.637939453
2.17084052363 524.369140625
2.17712370894 522.963439941
2.18340689424 521.850280762
2.18969007955 520.260864258
2.19597326486 521.654296875
2.20225645017 519.557312012
2.20853963547 520.39654541
2.21482282078 517.02331543
2.22110600609 517.436584473
2.2273891914 517.867553711
2.2336723767 514.664428711
2.23995556201 513.651428223
2.24623874732 514.447814941
2.25252193262 514.746276855
2.25880511793 511.623748779
2.26508830324 512.312316895
2.27137148855 511.187225342
2.27765467385 511.215148926
2.28393785916 509.527862549
2.29022104447 508.559875488
2.29650422977 508.849609375
2.30278741508 508.138336182
2.30907060039 507.033752441
2.3153537857 505.375396729
2.321636971 506.24118042
2.32792015631 504.742675781
2.33420334162 504.747497559
2.34048652692 503.068237305
2.34676971223 503.598236084
2.35305289754 501.388916016
2.35933608285 502.416687012
2.36561926815 501.161132812
2.37190245346 500.557800293
2.37818563877 499.572814941
2.38446882407 498.268951416
2.39075200938 498.820373535
2.39703519469 498.40411377
2.40331838 496.102355957
2.4096015653 496.61138916
2.41588475061 495.679046631
2.42216793592 495.497894287
2.42845112122 494.78616333
2.43473430653 493.972320557
2.44101749184 495.336730957
2.44730067715 493.134277344
2.45358386245 493.402008057
2.45986704776 491.52355957
2.46615023307 491.145324707
2.47243341838 491.112182617
2.47871660368 490.686248779
2.48499978899 489.137969971
2.4912829743 488.568115234
2.4975661596 487.776153564
2.50384934491 488.636322021
2.51013253022 486.98614502
2.51641571553 487.927246094
2.52269890083 486.289093018
2.52898208614 486.751403809
2.53526527145 486.005218506
2.54154845675 485.269714355
2.54783164206 485.308074951
2.55411482737 484.097839355
2.56039801268 483.885559082
2.56668119798 483.756774902
2.57296438329 482.728240967
2.5792475686 482.204528809
2.5855307539 482.47744751
2.59181393921 481.600524902
2.59809712452 480.987518311
2.60438030983 480.410095215
2.61066349513 480.853485107
2.61694668044 479.370666504
2.62322986575 479.479858398
2.62951305105 480.061309814
2.63579623636 478.330108643
2.64207942167 477.602905273
2.64836260698 478.506317139
2.65464579228 478.705871582
2.66092897759 478.085205078
2.6672121629 478.009613037
2.6734953482 476.833282471
2.67977853351 476.432525635
2.68606171882 477.072265625
2.69234490413 475.547088623
2.69862808943 476.397674561
2.70491127474 476.126068115
2.71119446005 475.349365234
2.71747764536 475.038696289
2.72376083066 475.935333252
2.73004401597 475.808746338
2.73632720128 475.184204102
2.74261038658 475.398132324
2.74889357189 474.747070312
2.7551767572 474.714752197
2.76145994251 474.444763184
2.76774312781 474.668823242
2.77402631312 473.799102783
2.78030949843 475.072418213
2.78659268373 474.286102295
2.79287586904 473.960845947
2.79915905435 472.253540039
2.80544223966 473.633514404
2.81172542496 472.904327393
2.81800861027 473.457580566
2.82429179558 473.094970703
2.83057498088 473.870758057
2.83685816619 474.035888672
2.8431413515 473.318847656
2.84942453681 473.356842041
2.85570772211 473.495056152
2.86199090742 472.852050781
2.86827409273 473.742797852
2.87455727803 472.838470459
2.88084046334 474.079711914
2.88712364865 473.849914551
2.89340683396 475.284820557
2.89969001926 473.532623291
2.90597320457 474.227935791
2.91225638988 474.105804443
2.91853957518 474.817596436
2.92482276049 475.480865479
2.9311059458 475.429290771
2.93738913111 474.933685303
2.94367231641 475.277770996
2.94995550172 475.893951416
2.95623868703 475.673797607
2.96252187234 476.625366211
2.96880505764 477.023254395
2.97508824295 476.705291748
2.98137142826 477.395080566
2.98765461356 477.675018311
2.99393779887 478.024688721
3.00022098418 477.659515381
3.00650416949 478.730499268
3.01278735479 479.727355957
3.0190705401 479.656585693
3.02535372541 480.442382812
3.03163691071 481.60546875
3.03792009602 481.534362793
3.04420328133 482.050720215
3.05048646664 482.091125488
3.05676965194 483.878692627
3.06305283725 483.12197876
3.06933602256 483.974914551
3.07561920786 484.721923828
3.08190239317 486.082397461
3.08818557848 486.381011963
3.09446876379 486.728546143
3.10075194909 488.369598389
3.1070351344 487.890258789
3.11331831971 489.260559082
3.11960150501 489.501922607
3.12588469032 491.029266357
3.13216787563 491.383972168
3.13845106094 493.290039062
3.14473424624 492.657012939
3.15101743155 494.395172119
3.15730061686 495.967590332
3.16358380216 496.305114746
3.16986698747 496.284942627
3.17615017278 497.93850708
3.18243335809 499.419128418
3.18871654339 499.41506958
3.1949997287 501.33706665
3.20128291401 502.375091553
3.20756609932 502.654693604
3.21384928462 506.412445068
3.22013246993 505.736633301
3.22641565524 505.77255249
3.23269884054 504.415710449
3.23898202585 503.917297363
3.24526521116 504.317993164
3.25154839647 502.721954346
3.25783158177 503.636047363
3.26411476708 503.932891846
3.27039795239 502.671142578
3.27668113769 503.280212402
3.282964323 501.915466309
3.28924750831 502.045410156
3.29553069362 502.51550293
3.30181387892 501.483276367
3.30809706423 500.760284424
3.31438024954 501.801757812
3.32066343484 501.370422363
3.32694662015 501.060974121
3.33322980546 500.226013184
3.33951299077 499.78894043
3.34579617607 500.000976562
3.35207936138 500.551940918
3.35836254669 499.219604492
3.36464573199 499.467041016
3.3709289173 498.907073975
3.37721210261 499.311157227
3.38349528792 499.443267822
3.38977847322 498.864959717
3.39606165853 498.697387695
3.40234484384 498.312652588
3.40862802914 498.671051025
3.41491121445 498.979370117
3.42119439976 496.487060547
3.42747758507 498.054351807
3.43376077037 498.296051025
3.44004395568 497.776916504
3.44632714099 496.454559326
3.4526103263 497.841247559
3.4588935116 496.796600342
3.46517669691 496.756896973
3.47145988222 495.871063232
3.47774306752 497.092407227
3.48402625283 496.644348145
3.49030943814 497.472808838
3.49659262345 496.725372314
3.50287580875 496.130432129
3.50915899406 496.362701416
3.51544217937 497.956695557
3.52172536467 496.195648193
3.52800854998 495.613891602
3.53429173529 496.057159424
3.5405749206 496.555114746
3.5468581059 496.099304199
3.55314129121 496.541595459
3.55942447652 495.706054688
3.56570766182 496.081268311
3.57199084713 496.572052002
3.57827403244 495.82723999
3.58455721775 496.942840576
3.59084040305 495.717254639
3.59712358836 496.311187744
3.60340677367 496.699554443
3.60968995897 495.930908203
3.61597314428 496.092987061
3.62225632959 497.424865723
3.6285395149 497.017425537
3.6348227002 497.026855469
3.64110588551 497.254974365
3.64738907082 497.221221924
3.65367225612 497.931518555
3.65995544143 497.849884033
3.66623862674 497.442443848
3.67252181205 498.803894043
3.67880499735 497.671691895
3.68508818266 497.83215332
3.69137136797 498.667999268
3.69765455328 498.976806641
3.70393773858 498.506896973
3.71022092389 499.277618408
3.7165041092 498.998199463
3.7227872945 499.044403076
3.72907047981 501.056091309
3.73535366512 499.918823242
3.74163685043 499.920074463
3.74792003573 500.355773926
3.75420322104 501.126647949
3.76048640635 501.682800293
3.76676959165 501.233215332
3.77305277696 501.382263184
3.77933596227 503.448699951
3.78561914758 502.893218994
3.79190233288 503.050262451
3.79818551819 503.891906738
3.8044687035 503.337158203
3.8107518888 504.641784668
3.81703507411 504.951171875
3.82331825942 504.714691162
3.82960144473 505.315185547
3.83588463003 507.183197021
3.84216781534 507.67199707
3.84845100065 507.394866943
3.85473418595 507.4793396
3.86101737126 507.713195801
3.86730055657 508.533721924
3.87358374188 508.987670898
3.87986692718 509.304931641
3.88615011249 511.34753418
3.8924332978 511.095214844
3.8987164831 511.042907715
3.90499966841 513.123718262
3.91128285372 512.357299805
3.91756603903 513.049316406
3.92384922433 513.352539062
3.93013240964 515.30847168
3.93641559495 515.586120605
3.94269878026 517.134155273
3.94898196556 516.559448242
3.95526515087 517.891784668
3.96154833618 519.094543457
3.96783152148 519.053833008
3.97411470679 521.015808105
3.9803978921 520.559631348
3.98668107741 522.675964355
3.99296426271 520.604736328
3.99924744802 523.862731934
4.00553063333 523.230651855
4.01181381863 524.383422852
4.01809700394 525.228881836
4.02438018925 527.197387695
4.03066337456 527.659667969
4.03694655986 529.147827148
4.04322974517 531.618225098
4.04951293048 531.623535156
4.05579611578 533.965759277
4.06207930109 533.494628906
4.0683624864 534.918212891
4.07464567171 533.960449219
4.08092885701 535.594970703
4.08721204232 537.46887207
4.09349522763 536.823730469
4.09977841293 539.827880859
4.10606159824 539.110534668
4.11234478355 542.214233398
4.11862796886 543.395263672
4.12491115416 543.55090332
4.13119433947 546.228759766
4.13747752478 546.346618652
4.14376071008 549.437988281
4.15004389539 548.674865723
4.1563270807 550.177856445
4.16261026601 552.225769043
4.16889345131 553.299072266
4.17517663662 556.14050293
4.18145982193 555.618652344
4.18774300724 557.620056152
4.19402619254 559.968261719
4.20030937785 560.379089355
4.20659256316 564.153137207
4.21287574846 562.248352051
4.21915893377 566.517150879
4.22544211908 567.198730469
4.23172530439 569.351806641
4.23800848969 571.395874023
4.244291675 569.909729004
4.25057486031 574.159851074
4.25685804561 575.589660645
4.26314123092 578.548706055
4.26942441623 576.793640137
4.27570760154 581.083435059
4.28199078684 582.658996582
4.28827397215 584.971008301
4.29455715746 584.748840332
4.30084034276 584.157165527
4.30712352807 589.726867676
4.31340671338 590.516357422
4.31968989869 591.061889648
4.32597308399 593.844116211
4.3322562693 596.717956543
4.33853945461 597.855957031
4.34482263991 600.36505127
4.35110582522 602.359436035
4.35738901053 602.120056152
4.36367219584 603.472595215
4.36995538114 604.371704102
4.37623856645 606.679199219
4.38252175176 606.891052246
4.38880493706 610.285949707
4.39508812237 612.114196777
4.40137130768 615.376464844
4.40765449299 616.95501709
4.41393767829 619.575744629
4.4202208636 620.962524414
4.42650404891 620.415100098
4.43278723422 621.166625977
4.43907041952 623.288391113
4.44535360483 624.596191406
4.45163679014 627.398132324
4.45791997544 627.684265137
4.46420316075 631.932128906
4.47048634606 629.743652344
4.47676953137 631.71282959
4.48305271667 629.979125977
4.48933590198 632.825195312
4.49561908729 633.718139648
4.50190227259 634.198730469
4.5081854579 633.779785156
4.51446864321 632.330444336
4.52075182852 637.580688477
4.52703501382 633.393981934
4.53331819913 633.41619873
4.53960138444 634.722595215
4.54588456974 633.768737793
4.55216775505 632.845275879
4.55845094036 629.754089355
4.56473412567 630.288269043
4.57101731097 631.650146484
4.57730049628 630.391906738
4.58358368159 632.396057129
4.58986686689 634.509094238
4.5961500522 633.479125977
4.60243323751 630.934631348
4.60871642282 632.646728516
4.61499960812 635.597290039
4.62128279343 639.168640137
4.62756597874 638.970275879
4.63384916404 635.92956543
4.64013234935 639.196044922
4.64641553466 643.380004883
4.65269871997 637.69720459
4.65898190527 641.367370605
4.66526509058 643.499511719
4.67154827589 641.166564941
4.6778314612 644.630249023
4.6841146465 648.036132812
4.69039783181 646.590881348
4.69668101712 649.16204834
4.70296420242 650.572570801
4.70924738773 652.167114258
4.71553057304 652.195495605
4.72181375835 654.34161377
4.72809694365 655.272338867
4.73438012896 653.817138672
4.74066331427 662.034240723
4.74694649957 660.906433105
4.75322968488 662.456542969
4.75951287019 667.322570801
4.7657960555 668.086975098
4.7720792408 665.659301758
4.77836242611 671.693115234
4.78464561142 672.862854004
4.79092879672 677.18939209
4.79721198203 678.423217773
4.80349516734 678.445861816
4.80977835265 683.797668457
4.81606153795 685.51739502
4.82234472326 684.442871094
4.82862790857 686.799926758
4.83491109387 694.49786377
4.84119427918 684.603149414
4.84747746449 698.477783203
4.8537606498 703.804016113
4.8600438351 701.213317871
4.86632702041 702.828369141
4.87261020572 709.673950195
4.87889339102 707.250183105
4.88517657633 709.874328613
4.89145976164 711.370300293
4.89774294695 717.966125488
4.90402613225 718.832580566
4.91030931756 723.867370605
4.91659250287 724.790588379
4.92287568818 726.233032227
4.92915887348 730.702392578
4.93544205879 738.471923828
4.9417252441 741.41973877
4.9480084294 736.497619629
4.95429161471 745.667297363
4.96057480002 745.88458252
4.96685798533 747.112976074
4.97314117063 751.912963867
4.97942435594 754.774536133
4.98570754125 757.151062012
4.99199072655 764.955078125
4.99827391186 771.598815918
5.00455709717 773.159484863
5.01084028248 774.308532715
5.01712346778 784.514465332
5.02340665309 787.829284668
5.0296898384 795.274841309
5.0359730237 790.20300293
5.04225620901 802.902587891
5.04853939432 795.14855957
5.05482257963 803.235107422
5.06110576493 808.850769043
5.06738895024 816.918029785
5.07367213555 825.710510254
5.07995532085 826.505065918
5.08623850616 834.01184082
5.09252169147 838.366943359
5.09880487678 845.553527832
5.10508806208 839.669677734
5.11137124739 848.544555664
5.1176544327 858.101135254
5.123937618 850.626403809
5.13022080331 874.116821289
5.13650398862 865.963439941
5.14278717393 891.868469238
5.14907035923 886.983764648
5.15535354454 890.847290039
5.16163672985 904.51348877
5.16791991516 911.441589355
5.17420310046 905.773254395
5.18048628577 910.266845703
5.18676947108 934.243591309
5.19305265638 944.756713867
5.19933584169 924.096801758
5.205619027 954.072021484
5.21190221231 960.938659668
5.21818539761 966.504089355
5.22446858292 963.621459961
5.23075176823 982.988037109
5.23703495353 992.619018555
5.24331813884 1000.89434814
5.24960132415 1014.04785156
5.25588450946 1000.96630859
5.26216769476 1031.19885254
5.26845088007 1028.71044922
5.27473406538 1041.22998047
5.28101725068 1038.32373047
5.28730043599 1075.54882812
5.2935836213 1058.68554688
5.29986680661 1082.02294922
5.30614999191 1103.31018066
5.31243317722 1105.01367188
5.31871636253 1088.88659668
5.32499954783 1119.54821777
5.33128273314 1143.11132812
5.33756591845 1154.59313965
5.34384910376 1143.74816895
5.35013228906 1167.8548584
5.35641547437 1185.95202637
5.36269865968 1178.2421875
5.36898184498 1193.84887695
5.37526503029 1189.75378418
5.3815482156 1243.65075684
5.38783140091 1217.44311523
5.39411458621 1252.57775879
5.40039777152 1259.26904297
5.40668095683 1282.46228027
5.41296414214 1298.2947998
5.41924732744 1283.42907715
5.42553051275 1331.73498535
5.43181369806 1338.99438477
5.43809688336 1276.45544434
5.44438006867 1400.20092773
5.45066325398 1366.32458496
5.45694643929 1427.66101074
5.46322962459 1381.06201172
5.4695128099 1488.87255859
5.47579599521 1423.34106445
5.48207918051 1479.28112793
5.48836236582 1451.3425293
5.49464555113 1523.1932373
5.50092873644 1534.98974609
5.50721192174 1616.63684082
5.51349510705 1581.78759766
5.51977829236 1625.19750977
5.52606147766 1666.64343262
5.53234466297 1605.25317383
5.53862784828 1571.51904297
5.54491103359 1731.78869629
5.55119421889 1761.98339844
5.5574774042 2090.92456055
5.56376058951 1461.23706055
5.57004377481 4052.34863281
