0.00942477796077 10910.7998047 3028.17773438
0.0157079632679 12706.5527344 2213.22387695
0.0219911485751 11725.7744141 1320.09094238
0.0282743338823 9957.31640625 921.243103027
0.0345575191895 8249.61523438 576.698486328
0.0408407044967 6839.76171875 446.662902832
0.0471238898038 5993.65771484 312.40524292
0.053407075111 5327.50048828 256.381408691
0.0596902604182 5002.35107422 207.129806519
0.0659734457254 4570.25195312 175.676086426
0.0722566310326 4266.88818359 149.907592773
0.0785398163397 3678.9152832 117.457389832
0.0848230016469 3246.10791016 94.594581604
0.0911061869541 2802.57568359 78.8823013306
0.0973893722613 2577.56713867 65.9366149902
0.103672557568 2313.03613281 57.0745735168
0.109955742876 2157.42993164 48.862285614
0.116238928183 2040.02441406 44.4578323364
0.12252211349 1907.48352051 38.9829940796
0.128805298797 1852.03149414 36.2244415283
0.135088484104 1707.2467041 31.9681529999
0.141371669412 1561.95446777 27.8787937164
0.147654854719 1450.61730957 24.6212348938
0.153938040026 1347.5378418 22.3211650848
0.160221225333 1258.85913086 19.621509552
0.16650441064 1147.18554688 17.4524669647
0.172787595947 1120.99291992 16.1951580048
0.179070781255 1072.92797852 15.3885097504
0.185353966562 1023.9619751 13.8062705994
0.191637151869 983.764953613 13.153222084
0.197920337176 931.57220459 11.7515649796
0.204203522483 872.608947754 10.8715620041
0.210486707791 829.745117188 9.91823768616
0.216769893098 792.486999512 9.26969432831
0.223053078405 749.955810547 8.5058889389
0.229336263712 722.725646973 7.9892578125
0.235619449019 695.884460449 7.50824975967
0.241902634326 682.345031738 7.14785289764
0.248185819634 643.050476074 6.55735015869
0.254469004941 624.983032227 6.26479101181
0.260752190248 601.779052734 5.83616447449
0.267035375555 578.959411621 5.51623725891
0.273318560862 565.906921387 5.22856998444
0.279601746169 536.461608887 4.87995195389
0.285884931477 520.706726074 4.62850904465
0.292168116784 497.788452148 4.36378669739
0.298451302091 485.244689941 4.12778091431
0.304734487398 475.211456299 3.97917032242
0.311017672705 456.465454102 3.72758626938
0.317300858013 443.881591797 3.57783484459
0.32358404332 428.398376465 3.35476922989
0.329867228627 412.605041504 3.20354628563
0.336150413934 410.065063477 3.09849452972
0.342433599241 394.815185547 2.97047066689
0.348716784548 386.112945557 2.81310629845
0.354999969856 376.426361084 2.71843242645
0.361283155163 366.566375732 2.60406732559
0.36756634047 352.931488037 2.44897341728
0.373849525777 348.833679199 2.39592242241
0.380132711084 340.683197021 2.28634953499
0.386415896392 332.474487305 2.20958924294
0.392699081699 325.49432373 2.13211679459
0.398982267006 313.651763916 2.00107479095
0.405265452313 305.782592773 1.9548459053
0.41154863762 298.679656982 1.84909665585
0.417831822927 291.49105835 1.8058078289
0.424115008235 288.579376221 1.74689233303
0.430398193542 282.445281982 1.68512797356
0.436681378849 277.510498047 1.63703167439
0.442964564156 271.437713623 1.5814050436
0.449247749463 263.960296631 1.51668798923
0.455530934771 260.415100098 1.47506606579
0.461814120078 254.327484131 1.41040849686
0.468097305385 251.231704712 1.391710639
0.474380490692 246.150756836 1.33454048634
0.480663675999 242.052856445 1.3052277565
0.486946861306 237.903594971 1.26335346699
0.493230046614 232.546585083 1.22125291824
0.499513231921 227.788833618 1.18121302128
0.505796417228 226.173980713 1.16024541855
0.512079602535 221.866394043 1.1214247942
0.518362787842 219.310668945 1.09195387363
0.524645973149 214.056228638 1.05984115601
0.530929158457 210.414001465 1.03128349781
0.537212343764 207.593383789 1.00018274784
0.543495529071 203.085327148 0.972071170807
0.549778714378 201.197296143 0.950000464916
0.556061899685 198.335617065 0.933628439903
0.562345084993 195.697402954 0.899580836296
0.5686282703 192.45892334 0.881788790226
0.574911455607 188.380706787 0.854767382145
0.581194640914 185.897109985 0.833681881428
0.587477826221 184.044403076 0.8171839118
0.593761011528 180.737823486 0.795404553413
0.600044196836 177.54208374 0.772043585777
0.606327382143 175.652053833 0.759604990482
0.61261056745 173.014175415 0.736541748047
0.618893752757 171.989837646 0.726836919785
0.625176938064 169.217697144 0.708176076412
0.631460123372 167.471374512 0.695642530918
0.637743308679 165.825637817 0.6789509058
0.644026493986 163.648773193 0.667486608028
0.650309679293 160.812820435 0.647353708744
0.6565928646 159.310440063 0.637137830257
0.662876049907 157.206085205 0.62259721756
0.669159235215 154.594558716 0.607729554176
0.675442420522 153.113067627 0.594187259674
0.681725605829 150.929016113 0.584920585155
0.688008791136 151.221572876 0.57632702589
0.694291976443 148.24810791 0.56470054388
0.700575161751 145.980667114 0.546739280224
0.706858347058 144.714981079 0.540386378765
0.713141532365 143.966262817 0.531601428986
0.719424717672 140.62437439 0.515715241432
0.725707902979 139.496917725 0.507171094418
0.731991088286 138.237762451 0.499345779419
0.738274273594 136.254516602 0.487404793501
0.744557458901 135.522537231 0.482541143894
0.750840644208 134.018157959 0.472553253174
0.757123829515 132.676193237 0.463647842407
0.763407014822 130.782501221 0.453662365675
0.769690200129 130.164703369 0.44864398241
0.775973385437 128.31477356 0.437422782183
0.782256570744 127.510940552 0.432780206203
0.788539756051 127.017715454 0.426290988922
0.794822941358 124.788383484 0.419683605433
0.801106126665 123.876274109 0.410122156143
0.807389311973 122.937591553 0.405337035656
0.81367249728 120.509353638 0.393488258123
0.819955682587 120.550071716 0.391549170017
0.826238867894 119.484138489 0.385009676218
0.832522053201 117.878227234 0.376893371344
0.838805238508 116.594940186 0.369741916656
0.845088423816 115.465431213 0.366313397884
0.851371609123 115.081390381 0.360430240631
0.85765479443 114.065345764 0.354826211929
0.863937979737 112.705955505 0.348931223154
0.870221165044 111.589515686 0.342747718096
0.876504350352 110.307182312 0.337229371071
0.882787535659 109.799087524 0.332376182079
0.889070720966 109.403823853 0.32983276248
0.895353906273 108.094367981 0.323772192001
0.90163709158 107.132522583 0.317924797535
0.907920276887 105.708480835 0.313003987074
0.914203462195 105.531929016 0.308735728264
0.920486647502 104.707305908 0.306178420782
0.926769832809 103.194633484 0.298795700073
0.933053018116 102.592849731 0.295737653971
0.939336203423 101.974891663 0.291478097439
0.945619388731 100.516159058 0.287154734135
0.951902574038 100.131332397 0.283128917217
0.958185759345 99.8238067627 0.281184524298
0.964468944652 98.5231246948 0.27441161871
0.970752129959 98.2167129517 0.273158848286
0.977035315266 97.2245254517 0.2686406672
0.983318500574 96.5042572021 0.265373170376
0.989601685881 96.0565109253 0.262159258127
0.995884871188 95.4342269897 0.258735746145
1.0021680565 94.5745620728 0.255189687014
1.0084512418 93.6230545044 0.251761317253
1.01473442711 92.6527633667 0.246678978205
1.02101761242 92.272064209 0.244717597961
1.02730079772 91.6589584351 0.242016553879
1.03358398303 91.1148223877 0.23886731267
1.03986716834 90.7518692017 0.236610412598
1.04615035365 89.6952056885 0.233121737838
1.05243353895 89.4619979858 0.230601146817
1.05871672426 88.3121871948 0.227257400751
1.06499990957 87.9426498413 0.224045708776
1.07128309487 87.0681991577 0.221223250031
1.07756628018 86.8423995972 0.219230890274
1.08384946549 86.1790084839 0.216646388173
1.0901326508 85.6726989746 0.214162558317
1.0964158361 84.8535461426 0.21093416214
1.10269902141 84.3913345337 0.208599671721
1.10898220672 84.0695343018 0.207156136632
1.11526539202 83.5444030762 0.204848602414
1.12154857733 82.967300415 0.202062889934
1.12783176264 82.3802185059 0.199359849095
1.13411494795 82.2283401489 0.198129951954
1.14039813325 81.426322937 0.195714280009
1.14668131856 80.8615570068 0.192929342389
1.15296450387 79.9222412109 0.189518198371
1.15924768917 79.6365432739 0.188605010509
1.16553087448 79.0092773438 0.185784012079
1.17181405979 78.7147827148 0.184464305639
1.1780972451 78.5714569092 0.182509541512
1.1843804304 77.8064880371 0.181094542146
1.19066361571 77.4466400146 0.178514331579
1.19694680102 76.9699935913 0.177195861936
1.20322998632 76.4772796631 0.174282163382
1.20951317163 76.1015396118 0.173655509949
1.21579635694 75.6862564087 0.171119615436
1.22207954225 75.1568374634 0.169602900743
1.22836272755 74.5026702881 0.166964933276
1.23464591286 73.9643325806 0.165237024426
1.24092909817 74.0791931152 0.165134459734
1.24721228348 73.5804977417 0.162719890475
1.25349546878 73.0437698364 0.160900861025
1.25977865409 72.5085449219 0.159164637327
1.2660618394 72.0914611816 0.157378837466
1.2723450247 71.677734375 0.156059488654
1.27862821001 71.3158035278 0.154107436538
1.28491139532 70.8213500977 0.153014153242
1.29119458063 70.8851699829 0.15163333714
1.29747776593 70.1803359985 0.150223970413
1.30376095124 69.9247665405 0.148750081658
1.31004413655 69.5008468628 0.147373527288
1.31632732185 69.2583312988 0.145958736539
1.32261050716 68.6322250366 0.144255429506
1.32889369247 68.6233215332 0.143556371331
1.33517687778 68.1535644531 0.141961410642
1.34146006308 67.8081512451 0.140300437808
1.34774324839 67.5037155151 0.139613583684
1.3540264337 67.1133956909 0.138100624084
1.360309619 67.0034408569 0.137151420116
1.36659280431 66.6193466187 0.135955736041
1.37287598962 66.0301437378 0.133991897106
1.37915917493 65.9097595215 0.133510261774
1.38544236023 65.4773483276 0.131952881813
1.39172554554 65.0362014771 0.130434572697
1.39800873085 64.630607605 0.129327982664
1.40429191615 64.493347168 0.128290399909
1.41057510146 64.0438613892 0.127160176635
1.41685828677 63.9492454529 0.126164063811
1.42314147208 63.6717338562 0.125510379672
1.42942465738 63.402381897 0.124070517719
1.43570784269 63.1809844971 0.123379416764
1.441991028 62.6640625 0.121718555689
1.4482742133 62.5786437988 0.121446624398
1.45455739861 62.2388191223 0.119984291494
1.46084058392 61.9858016968 0.119159713387
1.46712376923 61.633430481 0.11790574342
1.47340695453 61.2758903503 0.117048941553
1.47969013984 61.1347541809 0.116145782173
1.48597332515 60.8540000916 0.115248389542
1.49225651046 60.4570541382 0.114124678075
1.49853969576 60.2414970398 0.113433852792
1.50482288107 59.9733009338 0.112113542855
1.51110606638 59.7356109619 0.111529745162
1.51738925168 59.4254646301 0.110376805067
1.52367243699 59.337677002 0.109882555902
1.5299556223 58.8915939331 0.108588971198
1.53623880761 58.6984405518 0.107884474099
1.54252199291 58.5148200989 0.107286639512
1.54880517822 58.3312225342 0.1065556705
1.55508836353 58.0704269409 0.105398513377
1.56137154883 57.6387672424 0.104711182415
1.56765473414 57.4799575806 0.103797234595
1.57393791945 57.458656311 0.103369019926
1.58022110476 57.0754318237 0.102270714939
1.58650429006 57.0596084595 0.102009892464
1.59278747537 56.8382301331 0.101256281137
1.59907066068 56.4810943604 0.100060850382
1.60535384598 56.1128425598 0.099231518805
1.61163703129 56.1645507812 0.0990261957049
1.6179202166 55.8866195679 0.0981307253242
1.62420340191 55.5369567871 0.0971987098455
1.63048658721 55.3403282166 0.0965448543429
1.63676977252 54.98097229 0.0956036895514
1.64305295783 54.9410476685 0.0951825380325
1.64933614313 54.6108856201 0.0944271162152
1.65561932844 54.5335884094 0.093710295856
1.66190251375 54.2885627747 0.0932125300169
1.66818569906 54.3002319336 0.0926149040461
1.67446888436 53.9378013611 0.092088110745
1.68075206967 53.8394470215 0.0913928970695
1.68703525498 53.6251220703 0.0906314253807
1.69331844028 53.4107208252 0.0900387018919
1.69960162559 53.2874412537 0.0897940397263
1.7058848109 52.934928894 0.0885329544544
1.71216799621 52.9294242859 0.0884955972433
1.71845118151 52.4626617432 0.0872778594494
1.72473436682 52.6127624512 0.0874140039086
1.73101755213 52.2399330139 0.0864316895604
1.73730073744 52.1380729675 0.0858691185713
1.74358392274 52.054561615 0.0857062488794
1.74986710805 51.735786438 0.0847537815571
1.75615029336 51.6186637878 0.08428157866
1.76243347866 51.4757080078 0.0838313549757
1.76871666397 51.2828826904 0.0832024738193
1.77499984928 51.0845680237 0.0827202647924
1.78128303459 50.9027481079 0.0820036157966
1.78756621989 50.7834091187 0.0817798748612
1.7938494052 50.6416244507 0.0810237303376
1.80013259051 50.3991241455 0.0807258710265
1.80641577581 50.2220573425 0.0799390599132
1.81269896112 50.0981788635 0.0796886980534
1.81898214643 49.9156150818 0.0789708867669
1.82526533174 49.8506813049 0.078704059124
1.83154851704 49.5792808533 0.0780489444733
1.83783170235 49.5196342468 0.0777055025101
1.84411488766 49.3647117615 0.0771366879344
1.85039807296 49.198425293 0.0768134370446
1.85668125827 48.9726448059 0.0761322304606
1.86296444358 48.8196105957 0.0757823809981
1.86924762889 48.6747169495 0.0752047821879
1.87553081419 48.4924926758 0.0747546106577
1.8818139995 48.5033073425 0.0745629742742
1.88809718481 48.2572898865 0.0739878937602
1.89438037011 48.074672699 0.0735333189368
1.90066355542 47.9677047729 0.0729563832283
1.90694674073 47.8735923767 0.0727690830827
1.91322992604 47.770450592 0.0724168717861
1.91951311134 47.6279678345 0.0718413889408
1.92579629665 47.4374961853 0.0715080797672
1.93207948196 47.37317276 0.0710059925914
1.93836266726 47.1552619934 0.0707966014743
1.94464585257 47.0852203369 0.0702071785927
1.95092903788 46.9179115295 0.0698773637414
1.95721222319 46.8108062744 0.0694324225187
1.96349540849 46.595287323 0.069022744894
1.9697785938 46.464214325 0.0686224922538
1.97606177911 46.4429855347 0.0682920143008
1.98234496442 46.1445922852 0.0677737742662
1.98862814972 45.9536247253 0.067354157567
1.99491133503 45.9897575378 0.0671456977725
2.00119452034 45.8507804871 0.0667829364538
2.00747770564 45.6989517212 0.0663639008999
2.01376089095 45.68957901 0.0662118569016
2.02004407626 45.4976654053 0.0656759887934
2.02632726157 45.2471656799 0.0651172846556
2.03261044687 45.1592445374 0.0648762360215
2.03889363218 45.0985717773 0.0647010281682
2.04517681749 44.9488334656 0.0641663745046
2.05146000279 44.7746429443 0.0637967437506
2.0577431881 44.6324195862 0.0634280443192
2.06402637341 44.5764579773 0.0631991550326
2.07030955872 44.5227165222 0.0628820061684
2.07659274402 44.2468605042 0.0623911768198
2.08287592933 44.1347465515 0.0621602460742
2.08915911464 44.1385231018 0.0619520582259
2.09544229994 44.0001182556 0.0614445880055
2.10172548525 43.9132575989 0.0613572224975
2.10800867056 43.7571334839 0.0608386844397
2.11429185587 43.7268409729 0.0606921166182
2.12057504117 43.5240974426 0.0602698810399
2.12685822648 43.4265136719 0.0599446222186
2.13314141179 43.420135498 0.0597642064095
2.13942459709 43.1498756409 0.0592509172857
2.1457077824 43.0514221191 0.058998990804
2.15199096771 42.9896278381 0.0588250122964
2.15827415302 42.7726211548 0.058222964406
2.16455733832 42.6780891418 0.0581331476569
2.17084052363 42.6278457642 0.0577338673174
2.17712370894 42.6165046692 0.0577229335904
2.18340689424 42.427444458 0.057285785675
2.18969007955 42.3057785034 0.0569266788661
2.19597326486 42.1693267822 0.0566175840795
2.20225645017 42.0910224915 0.056419622153
2.20853963547 41.9980163574 0.0561280250549
2.21482282078 41.8439064026 0.0557902380824
2.22110600609 41.7429580688 0.0554694645107
2.2273891914 41.6546516418 0.0553366951644
2.2336723767 41.538356781 0.0548941530287
2.23995556201 41.4193267822 0.0547395423055
2.24623874732 41.396987915 0.0544850453734
2.25252193262 41.2460517883 0.0542168878019
2.25880511793 41.1346244812 0.0539500974119
2.26508830324 41.0911827087 0.0536636561155
2.27137148855 40.8967208862 0.0534187182784
2.27765467385 40.8553657532 0.0531052350998
2.28393785916 40.8209190369 0.0529843121767
2.29022104447 40.596698761 0.0526152327657
2.29650422977 40.6065635681 0.0523760952055
2.30278741508 40.4130859375 0.0522031337023
2.30907060039 40.416595459 0.0518900379539
2.3153537857 40.2511482239 0.051680997014
2.321636971 40.213218689 0.0513856932521
2.32792015631 40.0903053284 0.0512434132397
2.33420334162 39.9865570068 0.0509720630944
2.34048652692 39.8360900879 0.0506193339825
2.34676971223 39.8193778992 0.0504693537951
2.35305289754 39.7524337769 0.0502731017768
2.35933608285 39.6741142273 0.0500703826547
2.36561926815 39.4855270386 0.0498021915555
2.37190245346 39.3813209534 0.0494191944599
2.37818563877 39.3535423279 0.0493766330183
2.38446882407 39.1964950562 0.0490104667842
2.39075200938 39.2041854858 0.0489448048174
2.39703519469 39.0766792297 0.0486812330782
2.40331838 39.0526008606 0.0484826266766
2.4096015653 38.8426132202 0.0481288731098
2.41588475061 38.8152618408 0.0480067059398
2.42216793592 38.7944641113 0.0478108860552
2.42845112122 38.6943817139 0.0477086976171
2.43473430653 38.5381317139 0.0473068542778
2.44101749184 38.5195388794 0.0472383722663
2.44730067715 38.4464645386 0.0469478778541
2.45358386245 38.2607727051 0.0467631705105
2.45986704776 38.2377548218 0.0465186350048
2.46615023307 38.2666244507 0.0464734621346
2.47243341838 38.0240211487 0.046113524586
2.47871660368 38.0097465515 0.0460032150149
2.48499978899 37.946811676 0.0457684099674
2.4912829743 37.848815918 0.0455669537187
2.4975661596 37.8025512695 0.0454555638134
2.50384934491 37.6984939575 0.0451702848077
2.51013253022 37.5806312561 0.0449633002281
2.51641571553 37.5450057983 0.0448385514319
2.52269890083 37.4716720581 0.0445849299431
2.52898208614 37.4216804504 0.0445250123739
2.53526527145 37.4214515686 0.04433664307
2.54154845675 37.2957458496 0.0441425032914
2.54783164206 37.216884613 0.0439232774079
2.55411482737 37.1980438232 0.0438736639917
2.56039801268 36.9938545227 0.0435107722878
2.56668119798 37.0079231262 0.0433642454445
2.57296438329 36.9413757324 0.0432708971202
2.5792475686 36.8779945374 0.0430911630392
2.5855307539 36.7660369873 0.0428333096206
2.59181393921 36.7561035156 0.0427788384259
2.59809712452 36.6455688477 0.0425452440977
2.60438030983 36.6198425293 0.0424580611289
2.61066349513 36.5662956238 0.0422066040337
2.61694668044 36.4845581055 0.0421223826706
2.62322986575 36.4005699158 0.0419259816408
2.62951305105 36.3370704651 0.0417000874877
2.63579623636 36.325958252 0.0416519343853
2.64207942167 36.2343864441 0.0414328016341
2.64836260698 36.1984519958 0.0413179174066
2.65464579228 36.1122779846 0.041108507663
2.66092897759 36.0722846985 0.0409941412508
2.6672121629 35.9388923645 0.0408105738461
2.6734953482 36.0118141174 0.040694322437
2.67977853351 35.9085617065 0.0405735708773
2.68606171882 35.8865203857 0.0404247641563
2.69234490413 35.7762985229 0.0402705445886
2.69862808943 35.7270126343 0.0401104725897
2.70491127474 35.7048454285 0.0400192476809
2.71119446005 35.6544456482 0.0398507975042
2.71747764536 35.5763816833 0.0396839752793
2.72376083066 35.517288208 0.0395257472992
2.73004401597 35.4917831421 0.0393911413848
2.73632720128 35.4567909241 0.039361294359
2.74261038658 35.4271697998 0.0391947813332
2.74889357189 35.3525390625 0.0389936231077
2.7551767572 35.3651428223 0.0389868952334
2.76145994251 35.3415489197 0.0388120226562
2.76774312781 35.2733879089 0.0387079678476
2.77402631312 35.2046394348 0.0385314486921
2.78030949843 35.2015190125 0.0384649075568
2.78659268373 35.1420669556 0.0383261330426
2.79287586904 35.1616744995 0.0382563062012
2.79915905435 35.0486412048 0.0380238816142
2.80544223966 35.0327224731 0.037979375571
2.81172542496 34.9929275513 0.0378008373082
2.81800861027 34.9969558716 0.0378507822752
2.82429179558 34.8947486877 0.0375158190727
2.83057498088 34.9383583069 0.0375332869589
2.83685816619 34.808971405 0.0373364090919
2.8431413515 34.8253364563 0.0372801609337
2.84942453681 34.8268165588 0.0371877141297
2.85570772211 34.7440376282 0.0370346717536
2.86199090742 34.812297821 0.0370243452489
2.86827409273 34.7274284363 0.0368566550314
2.87455727803 34.7603607178 0.0367957167327
2.88084046334 34.7110176086 0.0366987846792
2.88712364865 34.6579742432 0.036545176059
2.89340683396 34.664691925 0.0365150719881
2.89969001926 34.6577568054 0.0363970771432
2.90597320457 34.6021957397 0.0362895093858
2.91225638988 34.5836410522 0.036145709455
2.91853957518 34.5589103699 0.0361006073654
2.92482276049 34.5807418823 0.0360069870949
2.9311059458 34.6132354736 0.0359628982842
2.93738913111 34.5610275269 0.0358656309545
2.94367231641 34.507232666 0.0357235856354
2.94995550172 34.5915184021 0.0357081107795
2.95623868703 34.5474700928 0.0356413014233
2.96252187234 34.4996795654 0.0354637280107
2.96880505764 34.6127090454 0.035527985543
2.97508824295 34.500793457 0.035349778831
2.98137142826 34.534702301 0.0352972708642
2.98765461356 34.5118980408 0.0351923629642
2.99393779887 34.5241699219 0.0351564958692
3.00022098418 34.5416793823 0.035105150193
3.00650416949 34.5087203979 0.0349840037525
3.01278735479 34.5608139038 0.0349453277886
3.0190705401 34.50025177 0.0348435454071
3.02535372541 34.5609855652 0.0347819030285
3.03163691071 34.5508728027 0.0347455069423
3.03792009602 34.6064491272 0.0346686579287
3.04420328133 34.6347389221 0.034668456763
3.05048646664 34.6484069824 0.0345975235105
3.05676965194 34.7261009216 0.0346001088619
3.06305283725 34.6424674988 0.0344252325594
3.06933602256 34.7134628296 0.0344486311078
3.07561920786 34.7107696533 0.0343289189041
3.08190239317 34.7082748413 0.0343241095543
3.08818557848 34.8045578003 0.0342742651701
3.09446876379 34.7983665466 0.0342444889247
3.10075194909 34.8224258423 0.0341384895146
3.1070351344 34.8244132996 0.0341372005641
3.11331831971 34.8620223999 0.0340467244387
3.11960150501 34.9563026428 0.034102704376
3.12588469032 34.9424552917 0.033967718482
3.13216787563 34.9381408691 0.0339385867119
3.13845106094 35.0653190613 0.0339605435729
3.14473424624 35.0600776672 0.0338707119226
3.15101743155 35.1121711731 0.0338893570006
3.15730061686 35.1715774536 0.0338294021785
3.16358380216 35.2244300842 0.033805269748
3.16986698747 35.2418556213 0.0337779782712
3.17615017278 35.349155426 0.0337411127985
3.18243335809 35.4538726807 0.0338302068412
3.18871654339 35.4844093323 0.0337216667831
3.1949997287 35.5323562622 0.0337264873087
3.20128291401 35.6000480652 0.0337007902563
3.20756609932 35.6468544006 0.0337179675698
3.21384928462 35.6998291016 0.0336214452982
3.22013246993 35.6876411438 0.0336366184056
3.22641565524 35.6523132324 0.033623483032
3.23269884054 35.5715789795 0.0336284302175
3.23898202585 35.4624786377 0.0335352644324
3.24526521116 35.3366088867 0.033501368016
3.25154839647 35.2796401978 0.0334790609777
3.25783158177 35.1805305481 0.0334371812642
3.26411476708 35.0997009277 0.033398039639
3.27039795239 35.0854110718 0.0334476232529
3.27668113769 34.9644012451 0.0333476029336
3.282964323 34.9152565002 0.0333751738071
3.28924750831 34.8517150879 0.0333567634225
3.29553069362 34.7825584412 0.0333388820291
3.30181387892 34.7350540161 0.033316437155
3.30809706423 34.7066879272 0.0333797335625
3.31438024954 34.5750808716 0.0332704372704
3.32066343484 34.560962677 0.0333228744566
3.32694662015 34.4968338013 0.0333045050502
3.33322980546 34.4542617798 0.0332848243415
3.33951299077 34.4113426208 0.0333037264645
3.34579617607 34.3376350403 0.0332919433713
3.35207936138 34.318572998 0.0333088822663
3.35836254669 34.2785682678 0.0333358384669
3.36464573199 34.2097740173 0.0333147905767
3.3709289173 34.1265602112 0.0332592204213
3.37721210261 34.1170654297 0.0333390831947
3.38349528792 34.0718231201 0.0332897789776
3.38977847322 34.0144538879 0.0333172753453
3.39606165853 34.0256233215 0.0333803668618
3.40234484384 33.9653434753 0.0333584845066
3.40862802914 33.9586830139 0.0334228165448
3.41491121445 33.8946418762 0.0333439595997
3.42119439976 33.8214454651 0.0334166176617
3.42747758507 33.870010376 0.0334326960146
3.43376077037 33.7920188904 0.0334381982684
3.44004395568 33.7666625977 0.0334656126797
3.44632714099 33.706413269 0.033468272537
3.4526103263 33.6632499695 0.0334453396499
3.4588935116 33.6617889404 0.0335474722087
3.46517669691 33.6188812256 0.03350668028
3.47145988222 33.5817260742 0.0335550159216
3.47774306752 33.6375389099 0.0336186476052
3.48402625283 33.5758285522 0.0336457081139
3.49030943814 33.5789718628 0.0337113961577
3.49659262345 33.5650520325 0.0336841829121
3.50287580875 33.5272979736 0.0337761640549
3.50915899406 33.5258026123 0.0337948203087
3.51544217937 33.4689407349 0.0337935574353
3.52172536467 33.4223556519 0.0338137112558
3.52800854998 33.4045982361 0.0338496118784
3.53429173529 33.417678833 0.0339093729854
3.5405749206 33.4255218506 0.0339404679835
3.5468581059 33.3969459534 0.034035872668
3.55314129121 33.3924102783 0.0339867249131
3.55942447652 33.3768768311 0.0341233611107
3.56570766182 33.396068573 0.0341536253691
3.57199084713 33.3666000366 0.0341972894967
3.57827403244 33.3188858032 0.0341889336705
3.58455721775 33.3752822876 0.0343244411051
3.59084040305 33.3074302673 0.0343246795237
3.59712358836 33.3080253601 0.0343672297895
3.60340677367 33.3182411194 0.0344197228551
3.60968995897 33.3222351074 0.0345307439566
3.61597314428 33.3249092102 0.0345248654485
3.62225632959 33.3026428223 0.0346229709685
3.6285395149 33.3449211121 0.0346943438053
3.6348227002 33.2433242798 0.0346641950309
3.64110588551 33.3232574463 0.0347727052867
3.64738907082 33.2730751038 0.0348153486848
3.65367225612 33.2918281555 0.0349283143878
3.65995544143 33.3363456726 0.0349877551198
3.66623862674 33.2689590454 0.0349934510887
3.67252181205 33.299079895 0.0351247638464
3.67880499735 33.332988739 0.0351831205189
3.68508818266 33.34034729 0.0352783277631
3.69137136797 33.313293457 0.0353146754205
3.69765455328 33.2945823669 0.0353607013822
3.70393773858 33.3011322021 0.0354446060956
3.71022092389 33.2868347168 0.0354882180691
3.7165041092 33.3382339478 0.0356090143323
3.7227872945 33.3535842896 0.0357035174966
3.72907047981 33.3690414429 0.0357784517109
3.73535366512 33.2890892029 0.0357963703573
3.74163685043 33.3393249512 0.0358979329467
3.74792003573 33.3777923584 0.0360140278935
3.75420322104 33.3888969421 0.0360663048923
3.76048640635 33.3990631104 0.0361923836172
3.76676959165 33.324420929 0.036204636097
3.77305277696 33.3919296265 0.0363526120782
3.77933596227 33.416557312 0.0363652259111
3.78561914758 33.3972663879 0.0365325920284
3.79190233288 33.4500732422 0.0365940146148
3.79818551819 33.4187736511 0.036679495126
3.8044687035 33.4853858948 0.0368093177676
3.8107518888 33.5096168518 0.0369418747723
3.81703507411 33.5940742493 0.0370727330446
3.82331825942 33.5559768677 0.037119962275
3.82960144473 33.5771446228 0.0372298695147
3.83588463003 33.5358161926 0.0373092964292
3.84216781534 33.5948829651 0.0373953618109
3.84845100065 33.6385879517 0.0375794433057
3.85473418595 33.6421051025 0.0376443378627
3.86101737126 33.6895065308 0.0377994552255
3.86730055657 33.751739502 0.0379508137703
3.87358374188 33.7486534119 0.0380113311112
3.87986692718 33.8483314514 0.0382355041802
3.88615011249 33.8213348389 0.0382507964969
3.8924332978 33.8486480713 0.0384415648878
3.8987164831 33.8924484253 0.0385266505182
3.90499966841 33.9115600586 0.0386534743011
3.91128285372 34.0084953308 0.0389065407217
3.91756603903 34.0063781738 0.0389353595674
3.92384922433 33.9810028076 0.0390521809459
3.93013240964 34.0266647339 0.0391742698848
3.93641559495 34.0937767029 0.0394041612744
3.94269878026 34.0922813416 0.0394241698086
3.94898196556 34.1804504395 0.0396469160914
3.95526515087 34.208404541 0.0398086830974
3.96154833618 34.2884407043 0.04001211375
3.96783152148 34.2129669189 0.0400040745735
3.97411470679 34.3331184387 0.040288425982
3.9803978921 34.4087181091 0.0404410287738
3.98668107741 34.4002914429 0.0406014621258
3.99296426271 34.4870376587 0.0407199338078
3.99924744802 34.5210952759 0.0409567691386
4.00553063333 34.5553627014 0.0410735197365
4.01181381863 34.6521987915 0.0413045175374
4.01809700394 34.6731529236 0.0414482019842
4.02438018925 34.7710075378 0.0416860282421
4.03066337456 34.7809562683 0.0418419167399
4.03694655986 34.8768806458 0.0420224741101
4.04322974517 34.8965606689 0.0421830303967
4.04951293048 34.9201164246 0.0423846840858
4.05579611578 35.0396118164 0.0426229573786
4.06207930109 35.1373710632 0.0429044626653
4.0683624864 35.2012443542 0.0430089049041
4.07464567171 35.2196807861 0.0432979986072
4.08092885701 35.2985458374 0.0434419885278
4.08721204232 35.406047821 0.0436939634383
4.09349522763 35.4630012512 0.0439714640379
4.09977841293 35.4743614197 0.0441072024405
4.10606159824 35.5819129944 0.0443647578359
4.11234478355 35.619342804 0.0445877537131
4.11862796886 35.7774887085 0.0448721982539
4.12491115416 35.769405365 0.0451298579574
4.13119433947 35.8240318298 0.0452616736293
4.13747752478 35.9437980652 0.0455977320671
4.14376071008 35.9956245422 0.0457998812199
4.15004389539 36.0103302002 0.0460104010999
4.1563270807 36.1983680725 0.0464008748531
4.16261026601 36.2360534668 0.0465945266187
4.16889345131 36.3019943237 0.0468838177621
4.17517663662 36.4079742432 0.0471775792539
4.18145982193 36.5184669495 0.0474664978683
4.18774300724 36.5870819092 0.047742638737
4.19402619254 36.7423171997 0.0481712892652
4.20030937785 36.7518196106 0.0483738221228
4.20659256316 36.8112564087 0.0485626794398
4.21287574846 36.9430656433 0.0490610301495
4.21915893377 37.0736694336 0.0493047684431
4.22544211908 37.1570701599 0.0496419556439
4.23172530439 37.1563682556 0.0498740784824
4.23800848969 37.2638549805 0.0502696372569
4.244291675 37.4387664795 0.0506609193981
4.25057486031 37.6301727295 0.051038403064
4.25685804561 37.6192970276 0.0513808503747
4.26314123092 37.7676811218 0.0517702922225
4.26942441623 37.869884491 0.0521348677576
4.27570760154 37.9256286621 0.0524629876018
4.28199078684 38.0493469238 0.0528639554977
4.28827397215 38.1656074524 0.0532871037722
4.29455715746 38.2630462646 0.0536166094244
4.30084034276 38.4078636169 0.0541203655303
4.30712352807 38.4452705383 0.0544439032674
4.31340671338 38.661190033 0.0549850426614
4.31968989869 38.7461624146 0.0554670281708
4.32597308399 38.8339424133 0.0557285025716
4.3322562693 38.9421348572 0.0562605932355
4.33853945461 38.980091095 0.0566340610385
4.34482263991 39.133266449 0.0570829920471
4.35110582522 39.1547584534 0.0575862750411
4.35738901053 39.4129905701 0.058092083782
4.36367219584 39.4121017456 0.0585144795477
4.36995538114 39.6453437805 0.0591340139508
4.37623856645 39.6831092834 0.0596325211227
4.38252175176 39.8189697266 0.0601890869439
4.38880493706 39.9736862183 0.0606261119246
4.39508812237 39.9087257385 0.061121147126
4.40137130768 40.0738563538 0.0616146549582
4.40765449299 40.1876373291 0.0622462853789
4.41393767829 40.3681411743 0.0628553181887
4.4202208636 40.3853569031 0.0633010864258
4.42650404891 40.430683136 0.0639887154102
4.43278723422 40.6789512634 0.0644857510924
4.43907041952 40.5963783264 0.065146394074
4.44535360483 40.7368583679 0.0656145438552
4.45163679014 40.7804260254 0.0663257688284
4.45791997544 40.8258476257 0.0668139979243
4.46420316075 41.0573577881 0.0676468610764
4.47048634606 40.9869422913 0.0682482719421
4.47676953137 41.2618293762 0.0690520703793
4.48305271667 41.1273612976 0.0694745182991
4.48933590198 41.2975959778 0.070340834558
4.49561908729 41.2885055542 0.0709772258997
4.50190227259 41.2979049683 0.0716920495033
4.5081854579 41.3578186035 0.0722017809749
4.51446864321 41.3138771057 0.0729864612222
4.52075182852 41.3794403076 0.0737556442618
4.52703501382 41.2376708984 0.0742354243994
4.53331819913 41.2124938965 0.0749027952552
4.53960138444 41.2445602417 0.075758934021
4.54588456974 41.1178512573 0.0764070302248
4.55216775505 41.0727958679 0.0770461261272
4.55845094036 41.0078544617 0.0776663199067
4.56473412567 41.059513092 0.0786651000381
4.57101731097 41.0775299072 0.0793434605002
4.57730049628 41.0116844177 0.0799032077193
4.58358368159 41.0009269714 0.0806855335832
4.58986686689 41.0857200623 0.0815587565303
4.5961500522 41.0371208191 0.0822138413787
4.60243323751 41.2218437195 0.083278387785
4.60871642282 41.3353347778 0.0841291546822
4.61499960812 41.2323036194 0.0848767831922
4.62128279343 41.3531646729 0.0856605619192
4.62756597874 41.3977203369 0.0865968540311
4.63384916404 41.4035224915 0.0873703807592
4.64013234935 41.550579071 0.0885096117854
4.64641553466 41.4841690063 0.089022167027
4.65269871997 41.6279449463 0.0900529399514
4.65898190527 41.7383575439 0.0911749377847
4.66526509058 41.7827110291 0.0920433327556
4.67154827589 41.9167556763 0.0930153727531
4.6778314612 41.9059638977 0.0938184782863
4.6841146465 42.1564254761 0.0953321903944
4.69039783181 41.9558982849 0.0956524088979
4.69668101712 42.1467285156 0.0967741757631
4.70296420242 42.2847938538 0.0981981009245
4.70924738773 42.2439079285 0.0989729762077
4.71553057304 42.5308303833 0.10018145293
4.72181375835 42.6669654846 0.101506195962
4.72809694365 42.8467330933 0.102838151157
4.73438012896 42.9092788696 0.103914983571
4.74066331427 42.9772071838 0.104781970382
4.74694649957 43.088470459 0.106234975159
4.75322968488 43.1976127625 0.107310548425
4.75951287019 43.1926269531 0.108320347965
4.7657960555 43.3039779663 0.109613403678
4.7720792408 43.5439720154 0.11103759706
4.77836242611 43.8328399658 0.112842530012
4.78464561142 43.8911972046 0.114061579108
4.79092879672 43.8080558777 0.114618077874
4.79721198203 43.9795074463 0.116426512599
4.80349516734 44.2065353394 0.118230171502
4.80977835265 44.5743560791 0.119841635227
4.81606153795 44.6344833374 0.121242545545
4.82234472326 44.6769676208 0.122602157295
4.82862790857 44.8764915466 0.12446448952
4.83491109387 44.9352226257 0.125212073326
4.84119427918 45.1937980652 0.12755574286
4.84747746449 45.24634552 0.129074260592
4.8537606498 45.6487998962 0.131143972278
4.8600438351 45.569683075 0.13207153976
4.86632702041 45.7266845703 0.134216278791
4.87261020572 46.1697502136 0.136513650417
4.87889339102 46.1848907471 0.13786444068
4.88517657633 46.3979873657 0.139807000756
4.89145976164 46.85206604 0.142842844129
4.89774294695 46.9311447144 0.14441023767
4.90402613225 46.735042572 0.145126417279
4.91030931756 47.2029838562 0.148143097758
4.91659250287 47.5310211182 0.150687128305
4.92287568818 47.5926132202 0.15251518786
4.92915887348 47.9318275452 0.154937192798
4.93544205879 48.0271873474 0.156664356589
4.9417252441 48.1715965271 0.159466221929
4.9480084294 48.4978256226 0.162044778466
4.95429161471 48.6852340698 0.163815900683
4.96057480002 48.9054794312 0.166918113828
4.96685798533 49.2256546021 0.170231133699
4.97314117063 49.3891105652 0.171643570065
4.97942435594 49.6158180237 0.174392685294
4.98570754125 49.9573745728 0.178234025836
4.99199072655 50.2961425781 0.181601554155
4.99827391186 50.6388397217 0.183568239212
5.00455709717 50.3238792419 0.185499742627
5.01084028248 50.8757362366 0.189940676093
5.01712346778 51.3013420105 0.193918704987
5.02340665309 51.5005187988 0.19548651576
5.0296898384 51.6644134521 0.199480712414
5.0359730237 51.9003257751 0.203099355102
5.04225620901 52.2654342651 0.206434637308
5.04853939432 52.6962966919 0.21078363061
5.05482257963 52.8126564026 0.213780075312
5.06110576493 53.2302589417 0.219640523195
5.06738895024 53.5201072693 0.221117377281
5.07367213555 54.0217666626 0.227025419474
5.07995532085 54.456829071 0.232576876879
5.08623850616 54.9119300842 0.237260490656
5.09252169147 54.709438324 0.238780453801
5.09880487678 55.3726425171 0.244850903749
5.10508806208 56.1718559265 0.252916455269
5.11137124739 55.877658844 0.25489205122
5.1176544327 56.3268890381 0.259165942669
5.123937618 56.91147995 0.266560435295
5.13022080331 57.5392951965 0.273656755686
5.13650398862 57.8330459595 0.278248935938
5.14278717393 57.7148323059 0.281021177769
5.14907035923 58.6615753174 0.292000472546
5.15535354454 58.7996940613 0.298630774021
5.16163672985 59.4021453857 0.301570117474
5.16791991516 59.6944274902 0.309256583452
5.17420310046 60.2625274658 0.318397074938
5.18048628577 61.0479431152 0.328636884689
5.18676947108 61.0843505859 0.330658614635
5.19305265638 61.2735099792 0.339520066977
5.19933584169 61.9604225159 0.349954128265
5.205619027 62.4756278992 0.35779234767
5.21190221231 63.0967559814 0.366016954184
5.21818539761 63.5750999451 0.377433240414
5.22446858292 64.3414535522 0.391704320908
5.23075176823 64.7814102173 0.395117580891
5.23703495353 64.8042831421 0.40386646986
5.24331813884 65.7412338257 0.422123134136
5.24960132415 66.50806427 0.43708217144
5.25588450946 66.5992660522 0.436494499445
5.26216769476 67.0508499146 0.450903147459
5.26845088007 67.7617645264 0.472463995218
5.27473406538 68.6350860596 0.487368285656
5.28101725068 69.4017791748 0.494066506624
5.28730043599 70.2836074829 0.516258358955
5.2935836213 70.298500061 0.531979203224
5.29986680661 70.4248046875 0.544383466244
5.30614999191 71.7603225708 0.561398386955
5.31243317722 72.3043136597 0.582851588726
5.31871636253 72.0001907349 0.603495121002
5.32499954783 73.3227386475 0.614356815815
5.33128273314 73.9993362427 0.641278266907
5.33756591845 75.869682312 0.682494580746
5.34384910376 75.5443954468 0.703954160213
5.35013228906 77.2727355957 0.707503199577
5.35641547437 77.6796417236 0.755497872829
5.36269865968 78.1424713135 0.795672476292
5.36898184498 80.3949737549 0.831548750401
5.37526503029 80.994392395 0.830844640732
5.3815482156 80.1901626587 0.888666629791
5.38783140091 80.9285430908 0.956582665443
5.39411458621 81.7070388794 0.944856584072
5.40039777152 82.9598007202 0.975147008896
5.40668095683 84.348197937 1.0773049593
5.41296414214 84.3861083984 1.18679392338
5.41924732744 85.7392044067 1.1196038723
5.42553051275 85.8517227173 1.17774391174
5.43181369806 89.7652816772 1.3583676815
5.43809688336 87.4542922974 1.49684035778
5.44438006867 89.5972900391 1.36850118637
5.45066325398 91.5247344971 1.50516498089
5.45694643929 91.61353302 1.71515488625
5.46322962459 94.768913269 1.99702298641
5.4695128099 96.3374099731 1.82000184059
5.47579599521 94.1666259766 1.92971110344
5.48207918051 98.9550704956 2.44497656822
5.48836236582 98.4671783447 2.64134883881
5.49464555113 95.7928161621 2.39906358719
5.50092873644 96.1802368164 2.65458393097
5.50721192174 101.158859253 4.11387586594
5.51349510705 105.08820343 3.48298764229
5.51977829236 109.581512451 4.02841091156
5.52606147766 104.241744995 4.45700931549
5.53234466297 116.709159851 7.96485042572
5.53862784828 119.938987732 6.67702770233
5.54491103359 107.437774658 7.60866689682
5.55119421889 131.372970581 12.4667234421
5.5574774042 84.1627883911 15.9478406906
5.56376058951 112.643707275 22.6956882477
5.57004377481 41.1222610474 25.9632759094
