0.00942477796077 38004.6132812
0.0157079632679 40476.9726562
0.0219911485751 36200.5898438
0.0282743338823 32102.2382812
0.0345575191895 26549.1738281
0.0408407044967 20436.8671875
0.0471238898038 18216.8828125
0.053407075111 15850.8847656
0.0596902604182 15419.7900391
0.0659734457254 13947.1171875
0.0722566310326 13199.6708984
0.0785398163397 11447.0253906
0.0848230016469 9931.57617188
0.0911061869541 8498.72363281
0.0973893722613 8021.08398438
0.103672557568 7416.51025391
0.109955742876 6963.66113281
0.116238928183 6570.17480469
0.12252211349 5994.45117188
0.128805298797 6079.63818359
0.135088484104 5540.31152344
0.141371669412 5126.61865234
0.147654854719 4785.20605469
0.153938040026 4478.84570312
0.160221225333 4247.79296875
0.16650441064 3946.77734375
0.172787595947 3840.83666992
0.179070781255 3710.06079102
0.185353966562 3504.60913086
0.191637151869 3434.22998047
0.197920337176 3253.27416992
0.204203522483 3060.75756836
0.210486707791 2973.77294922
0.216769893098 2840.62084961
0.223053078405 2704.38745117
0.229336263712 2652.1628418
0.235619449019 2566.10302734
0.241902634326 2563.96289062
0.248185819634 2443.09643555
0.254469004941 2354.26586914
0.260752190248 2265.75805664
0.267035375555 2202.35668945
0.273318560862 2182.05761719
0.279601746169 2085.06176758
0.285884931477 2004.83776855
0.292168116784 1954.11437988
0.298451302091 1911.08227539
0.304734487398 1897.42272949
0.311017672705 1835.60217285
0.317300858013 1812.97253418
0.32358404332 1746.84204102
0.329867228627 1691.42797852
0.336150413934 1684.98608398
0.342433599241 1644.0871582
0.348716784548 1619.3638916
0.354999969856 1599.47351074
0.361283155163 1543.37646484
0.36756634047 1504.24755859
0.373849525777 1507.0020752
0.380132711084 1481.70849609
0.386415896392 1455.30700684
0.392699081699 1419.99853516
0.398982267006 1395.19042969
0.405265452313 1347.5234375
0.41154863762 1342.75927734
0.417831822927 1307.34887695
0.424115008235 1318.14648438
0.430398193542 1289.18530273
0.436681378849 1267.3449707
0.442964564156 1249.99755859
0.449247749463 1217.73962402
0.455530934771 1207.28955078
0.461814120078 1189.5625
0.468097305385 1188.22717285
0.474380490692 1174.83752441
0.480663675999 1157.65539551
0.486946861306 1140.5032959
0.493230046614 1118.78430176
0.499513231921 1116.6340332
0.505796417228 1098.0
0.512079602535 1092.64294434
0.518362787842 1066.25512695
0.524645973149 1062.03625488
0.530929158457 1037.68774414
0.537212343764 1038.86206055
0.543495529071 1019.6350708
0.549778714378 1014.76702881
0.556061899685 1005.06658936
0.562345084993 1001.30603027
0.5686282703 989.332641602
0.574911455607 970.551147461
0.581194640914 966.408813477
0.587477826221 956.426086426
0.593761011528 943.400878906
0.600044196836 933.49786377
0.606327382143 930.690856934
0.61261056745 919.794494629
0.618893752757 914.54284668
0.625176938064 902.500488281
0.631460123372 898.447143555
0.637743308679 895.345703125
0.644026493986 889.659729004
0.650309679293 884.308349609
0.6565928646 876.172851562
0.662876049907 870.692810059
0.669159235215 860.129394531
0.675442420522 846.065368652
0.681725605829 841.270568848
0.688008791136 847.586975098
0.694291976443 831.317016602
0.700575161751 827.520812988
0.706858347058 818.08026123
0.713141532365 822.847839355
0.719424717672 808.50390625
0.725707902979 802.084289551
0.731991088286 800.772644043
0.738274273594 785.741516113
0.744557458901 786.201416016
0.750840644208 779.432739258
0.757123829515 780.22454834
0.763407014822 769.449829102
0.769690200129 770.657531738
0.775973385437 766.349182129
0.782256570744 758.422790527
0.788539756051 757.876098633
0.794822941358 754.648925781
0.801106126665 748.295166016
0.807389311973 744.831054688
0.81367249728 734.241638184
0.819955682587 735.196777344
0.826238867894 734.396606445
0.832522053201 724.109924316
0.838805238508 725.162719727
0.845088423816 719.116638184
0.851371609123 716.153869629
0.85765479443 712.252441406
0.863937979737 707.310791016
0.870221165044 703.41986084
0.876504350352 697.632995605
0.882787535659 699.374023438
0.889070720966 695.295471191
0.895353906273 689.886291504
0.90163709158 686.097595215
0.907920276887 683.578613281
0.914203462195 681.601501465
0.920486647502 679.742248535
0.926769832809 674.909362793
0.933053018116 667.798522949
0.939336203423 668.854980469
0.945619388731 662.463928223
0.951902574038 661.167114258
0.958185759345 664.013244629
0.964468944652 655.022094727
0.970752129959 653.118225098
0.977035315266 652.470336914
0.983318500574 649.456237793
0.989601685881 647.772766113
0.995884871188 645.493713379
1.0021680565 640.675964355
1.0084512418 637.151428223
1.01473442711 632.647521973
1.02101761242 633.840637207
1.02730079772 629.38104248
1.03358398303 627.33581543
1.03986716834 629.135559082
1.04615035365 619.834777832
1.05243353895 623.614746094
1.05871672426 616.756103516
1.06499990957 617.211975098
1.07128309487 614.004699707
1.07756628018 614.665039062
1.08384946549 609.207214355
1.0901326508 612.41192627
1.0964158361 602.235473633
1.10269902141 602.273498535
1.10898220672 601.592895508
1.11526539202 599.809326172
1.12154857733 596.648071289
1.12783176264 595.170654297
1.13411494795 594.057128906
1.14039813325 593.028564453
1.14668131856 587.208007812
1.15296450387 585.295837402
1.15924768917 583.058166504
1.16553087448 581.792053223
1.17181405979 580.780334473
1.1780972451 580.970336914
1.1843804304 577.692626953
1.19066361571 575.370422363
1.19694680102 573.836425781
1.20322998632 573.683349609
1.20951317163 573.387878418
1.21579635694 567.645996094
1.22207954225 568.833435059
1.22836272755 565.266479492
1.23464591286 562.721069336
1.24092909817 563.412780762
1.24721228348 561.650756836
1.25349546878 559.44720459
1.25977865409 558.165405273
1.2660618394 555.356933594
1.2723450247 552.236938477
1.27862821001 553.242736816
1.28491139532 552.276000977
1.29119458063 550.555541992
1.29747776593 546.931091309
1.30376095124 546.362304688
1.31004413655 543.796630859
1.31632732185 543.958496094
1.32261050716 539.774536133
1.32889369247 538.721984863
1.33517687778 538.764282227
1.34146006308 538.108581543
1.34774324839 535.975585938
1.3540264337 536.074523926
1.360309619 534.074890137
1.36659280431 534.000305176
1.37287598962 529.977294922
1.37915917493 529.534729004
1.38544236023 527.391113281
1.39172554554 525.870605469
1.39800873085 524.012390137
1.40429191615 523.295715332
1.41057510146 519.863220215
1.41685828677 520.872192383
1.42314147208 518.606750488
1.42942465738 518.620300293
1.43570784269 516.531433105
1.441991028 516.415527344
1.4482742133 514.772155762
1.45455739861 513.743103027
1.46084058392 511.342071533
1.46712376923 510.031738281
1.47340695453 507.424133301
1.47969013984 507.989501953
1.48597332515 506.818695068
1.49225651046 505.956970215
1.49853969576 503.596435547
1.50482288107 502.124237061
1.51110606638 499.91217041
1.51738925168 500.764556885
1.52367243699 500.678436279
1.5299556223 497.495361328
1.53623880761 495.897827148
1.54252199291 496.950073242
1.54880517822 494.324249268
1.55508836353 493.837036133
1.56137154883 492.178955078
1.56765473414 491.222351074
1.57393791945 490.975708008
1.58022110476 489.796203613
1.58650429006 487.573516846
1.59278747537 487.955841064
1.59907066068 485.629302979
1.60535384598 484.187194824
1.61163703129 483.490570068
1.6179202166 483.09954834
1.62420340191 480.523010254
1.63048658721 481.011505127
1.63676977252 477.500915527
1.64305295783 478.918182373
1.64933614313 476.870758057
1.65561932844 477.317260742
1.66190251375 475.529083252
1.66818569906 475.086090088
1.67446888436 474.260803223
1.68075206967 471.168518066
1.68703525498 470.603515625
1.69331844028 470.252563477
1.69960162559 469.032226562
1.7058848109 466.877532959
1.71216799621 469.143737793
1.71845118151 466.402130127
1.72473436682 466.670257568
1.73101755213 463.54385376
1.73730073744 463.348236084
1.74358392274 462.777252197
1.74986710805 461.296478271
1.75615029336 460.356536865
1.76243347866 458.715576172
1.76871666397 459.698028564
1.77499984928 458.582397461
1.78128303459 456.783508301
1.78756621989 456.57711792
1.7938494052 455.078674316
1.80013259051 453.950683594
1.80641577581 451.5
1.81269896112 452.53527832
1.81898214643 452.522125244
1.82526533174 451.114501953
1.83154851704 448.898193359
1.83783170235 449.204803467
1.84411488766 447.686340332
1.85039807296 447.587646484
1.85668125827 446.081604004
1.86296444358 444.941741943
1.86924762889 444.527374268
1.87553081419 442.789733887
1.8818139995 443.846832275
1.88809718481 441.876342773
1.89438037011 441.159942627
1.90066355542 440.195251465
1.90694674073 439.203430176
1.91322992604 438.794403076
1.91951311134 438.481506348
1.92579629665 437.483276367
1.93207948196 437.41003418
1.93836266726 435.673980713
1.94464585257 435.879882812
1.95092903788 433.852813721
1.95721222319 433.707244873
1.96349540849 431.519836426
1.9697785938 432.165008545
1.97606177911 430.805175781
1.98234496442 428.940246582
1.98862814972 428.767852783
1.99491133503 428.178741455
2.00119452034 429.096679688
2.00747770564 426.783050537
2.01376089095 429.052703857
2.02004407626 425.602783203
2.02632726157 423.892303467
2.03261044687 423.686676025
2.03889363218 424.440093994
2.04517681749 422.097412109
2.05146000279 419.848144531
2.0577431881 420.776947021
2.06402637341 419.889221191
2.07030955872 419.942810059
2.07659274402 417.341339111
2.08287592933 417.397521973
2.08915911464 416.697113037
2.09544229994 416.697174072
2.10172548525 416.18270874
2.10800867056 413.927062988
2.11429185587 413.964172363
2.12057504117 412.438232422
2.12685822648 413.11328125
2.13314141179 412.076171875
2.13942459709 411.730834961
2.1457077824 411.190216064
2.15199096771 409.512939453
2.15827415302 409.245330811
2.16455733832 409.196594238
2.17084052363 408.04977417
2.17712370894 408.516387939
2.18340689424 407.13949585
2.18969007955 405.766723633
2.19597326486 405.111572266
2.20225645017 403.819976807
2.20853963547 405.07510376
2.21482282078 403.527252197
2.22110600609 402.956665039
2.2273891914 402.064025879
2.2336723767 401.203857422
2.23995556201 400.472412109
2.24623874732 399.171813965
2.25252193262 400.162536621
2.25880511793 398.65222168
2.26508830324 399.036651611
2.27137148855 396.766296387
2.27765467385 397.674163818
2.28393785916 396.855102539
2.29022104447 396.262054443
2.29650422977 395.056915283
2.30278741508 394.596710205
2.30907060039 394.339385986
2.3153537857 394.074859619
2.321636971 394.486328125
2.32792015631 393.03137207
2.33420334162 391.984619141
2.34048652692 390.973937988
2.34676971223 390.702423096
2.35305289754 389.836700439
2.35933608285 389.673248291
2.36561926815 388.482086182
2.37190245346 389.172210693
2.37818563877 387.757019043
2.38446882407 385.981567383
2.39075200938 386.328125
2.39703519469 386.50491333
2.40331838 385.998931885
2.4096015653 384.636199951
2.41588475061 384.29876709
2.42216793592 384.706604004
2.42845112122 385.146606445
2.43473430653 383.892913818
2.44101749184 382.863250732
2.44730067715 381.083831787
2.45358386245 381.187438965
2.45986704776 380.976715088
2.46615023307 382.68762207
2.47243341838 379.955383301
2.47871660368 378.872436523
2.48499978899 380.687683105
2.4912829743 378.850036621
2.4975661596 378.751831055
2.50384934491 378.344238281
2.51013253022 376.871398926
2.51641571553 376.59161377
2.52269890083 376.412445068
2.52898208614 376.350036621
2.53526527145 376.574645996
2.54154845675 375.923278809
2.54783164206 373.950012207
2.55411482737 374.407989502
2.56039801268 373.288879395
2.56668119798 373.957000732
2.57296438329 373.008636475
2.5792475686 373.050750732
2.5855307539 372.760406494
2.59181393921 372.952148438
2.59809712452 371.780517578
2.60438030983 371.33493042
2.61066349513 371.795898438
2.61694668044 371.004150391
2.62322986575 371.255157471
2.62951305105 370.287872314
2.63579623636 371.297149658
2.64207942167 369.523529053
2.64836260698 368.328125
2.65464579228 370.045776367
2.66092897759 369.430786133
2.6672121629 367.783966064
2.6734953482 368.713806152
2.67977853351 368.013885498
2.68606171882 368.177185059
2.69234490413 367.535919189
2.69862808943 367.062469482
2.70491127474 367.046356201
2.71119446005 366.983886719
2.71747764536 366.539672852
2.72376083066 365.858825684
2.73004401597 365.622039795
2.73632720128 366.24005127
2.74261038658 364.833618164
2.74889357189 365.407196045
2.7551767572 365.864685059
2.76145994251 365.246551514
2.76774312781 363.938598633
2.77402631312 364.676086426
2.78030949843 364.929351807
2.78659268373 364.002319336
2.79287586904 363.752349854
2.79915905435 363.828216553
2.80544223966 364.071655273
2.81172542496 363.81628418
2.81800861027 363.583190918
2.82429179558 362.460723877
2.83057498088 364.077972412
2.83685816619 363.570922852
2.8431413515 362.905303955
2.84942453681 362.689575195
2.85570772211 362.832580566
2.86199090742 362.439575195
2.86827409273 363.181335449
2.87455727803 363.23840332
2.88084046334 363.382232666
2.88712364865 362.887115479
2.89340683396 362.530700684
2.89969001926 362.847930908
2.90597320457 363.458221436
2.91225638988 362.598724365
2.91853957518 363.13583374
2.92482276049 362.129180908
2.9311059458 362.822967529
2.93738913111 363.599853516
2.94367231641 363.783843994
2.94995550172 363.816192627
2.95623868703 363.733947754
2.96252187234 363.478210449
2.96880505764 363.941131592
2.97508824295 363.722625732
2.98137142826 363.238830566
2.98765461356 364.423950195
2.99393779887 364.175811768
3.00022098418 364.955871582
3.00650416949 364.584442139
3.01278735479 365.862243652
3.0190705401 365.936309814
3.02535372541 365.960021973
3.03163691071 366.364044189
3.03792009602 366.466705322
3.04420328133 367.41506958
3.05048646664 367.994506836
3.05676965194 367.840118408
3.06305283725 367.285125732
3.06933602256 368.695648193
3.07561920786 368.405029297
3.08190239317 368.81350708
3.08818557848 369.551452637
3.09446876379 369.455474854
3.10075194909 369.967315674
3.1070351344 371.009246826
3.11331831971 372.077606201
3.11960150501 372.063598633
3.12588469032 372.681945801
3.13216787563 373.259307861
3.13845106094 372.833557129
3.14473424624 374.076324463
3.15101743155 374.822998047
3.15730061686 375.402496338
3.16358380216 376.546356201
3.16986698747 377.130065918
3.17615017278 377.500793457
3.18243335809 379.056396484
3.18871654339 378.821014404
3.1949997287 379.926239014
3.20128291401 380.653503418
3.20756609932 382.078216553
3.21384928462 382.391021729
3.22013246993 381.850738525
3.22641565524 382.126068115
3.23269884054 381.989562988
3.23898202585 381.763458252
3.24526521116 381.704040527
3.25154839647 380.509460449
3.25783158177 380.300933838
3.26411476708 380.202331543
3.27039795239 379.932983398
3.27668113769 379.448394775
3.282964323 379.328125
3.28924750831 378.072143555
3.29553069362 378.765106201
3.30181387892 379.790283203
3.30809706423 378.635803223
3.31438024954 377.140625
3.32066343484 377.436859131
3.32694662015 377.646972656
3.33322980546 376.577026367
3.33951299077 376.471130371
3.34579617607 376.467346191
3.35207936138 376.326568604
3.35836254669 375.218963623
3.36464573199 375.099609375
3.3709289173 374.598144531
3.37721210261 374.82989502
3.38349528792 374.395874023
3.38977847322 374.191711426
3.39606165853 373.457946777
3.40234484384 373.789825439
3.40862802914 373.697937012
3.41491121445 373.142211914
3.42119439976 372.619567871
3.42747758507 373.635467529
3.43376077037 372.797393799
3.44004395568 372.285644531
3.44632714099 371.849517822
3.4526103263 371.76373291
3.4588935116 372.481323242
3.46517669691 371.233001709
3.47145988222 370.648132324
3.47774306752 371.429321289
3.48402625283 371.084197998
3.49030943814 370.771514893
3.49659262345 370.859802246
3.50287580875 370.777923584
3.50915899406 370.670135498
3.51544217937 369.897186279
3.52172536467 371.329406738
3.52800854998 370.267883301
3.53429173529 370.023529053
3.5405749206 369.37902832
3.5468581059 369.835906982
3.55314129121 370.27243042
3.55942447652 368.455780029
3.56570766182 369.698944092
3.57199084713 369.017272949
3.57827403244 368.678527832
3.58455721775 368.679748535
3.59084040305 368.876190186
3.59712358836 368.027496338
3.60340677367 368.425567627
3.60968995897 369.127319336
3.61597314428 368.031036377
3.62225632959 369.298461914
3.6285395149 368.487976074
3.6348227002 367.713317871
3.64110588551 368.974822998
3.64738907082 366.866973877
3.65367225612 368.654327393
3.65995544143 368.173736572
3.66623862674 368.716125488
3.67252181205 367.885772705
3.67880499735 369.323852539
3.68508818266 367.853637695
3.69137136797 368.650085449
3.69765455328 368.932800293
3.70393773858 368.205352783
3.71022092389 369.073516846
3.7165041092 368.295684814
3.7227872945 368.151763916
3.72907047981 368.892486572
3.73535366512 368.404602051
3.74163685043 368.911804199
3.74792003573 368.598114014
3.75420322104 368.581573486
3.76048640635 368.249664307
3.76676959165 368.544494629
3.77305277696 368.841552734
3.77933596227 369.135955811
3.78561914758 369.776519775
3.79190233288 370.033538818
3.79818551819 370.503936768
3.8044687035 368.792480469
3.8107518888 370.465393066
3.81703507411 370.390167236
3.82331825942 370.80960083
3.82960144473 370.651733398
3.83588463003 372.060302734
3.84216781534 370.553833008
3.84845100065 371.54888916
3.85473418595 372.344970703
3.86101737126 371.492675781
3.86730055657 372.212280273
3.87358374188 373.211151123
3.87986692718 372.732177734
3.88615011249 372.751495361
3.8924332978 372.875427246
3.8987164831 373.849731445
3.90499966841 373.74710083
3.91128285372 374.405334473
3.91756603903 374.376617432
3.92384922433 374.442901611
3.93013240964 374.729217529
3.93641559495 375.68157959
3.94269878026 375.580780029
3.94898196556 374.631225586
3.95526515087 376.041534424
3.96154833618 376.273590088
3.96783152148 377.828552246
3.97411470679 378.38571167
3.9803978921 377.722320557
3.98668107741 378.992828369
3.99296426271 379.95199585
3.99924744802 379.935455322
4.00553063333 379.641174316
4.01181381863 380.078491211
4.01809700394 381.01852417
4.02438018925 383.113708496
4.03066337456 381.901123047
4.03694655986 383.147064209
4.04322974517 382.847717285
4.04951293048 383.020080566
4.05579611578 383.633575439
4.06207930109 383.852844238
4.0683624864 386.349334717
4.07464567171 386.057098389
4.08092885701 388.002319336
4.08721204232 388.106414795
4.09349522763 388.244873047
4.09977841293 389.167419434
4.10606159824 390.212768555
4.11234478355 390.596954346
4.11862796886 390.319732666
4.12491115416 391.054168701
4.13119433947 393.403198242
4.13747752478 393.203643799
4.14376071008 394.829376221
4.15004389539 394.104492188
4.1563270807 395.92086792
4.16261026601 396.587310791
4.16889345131 397.981231689
4.17517663662 397.272521973
4.18145982193 398.677856445
4.18774300724 401.054870605
4.19402619254 402.364929199
4.20030937785 402.063568115
4.20659256316 403.459228516
4.21287574846 405.320922852
4.21915893377 404.677032471
4.22544211908 405.798461914
4.23172530439 407.434661865
4.23800848969 409.688781738
4.244291675 409.127105713
4.25057486031 410.836120605
4.25685804561 412.209472656
4.26314123092 412.250518799
4.26942441623 413.138549805
4.27570760154 415.709442139
4.28199078684 415.284820557
4.28827397215 418.021087646
4.29455715746 419.022735596
4.30084034276 417.18536377
4.30712352807 420.960266113
4.31340671338 422.471130371
4.31968989869 419.659301758
4.32597308399 423.398620605
4.3322562693 424.919677734
4.33853945461 425.83996582
4.34482263991 427.148010254
4.35110582522 428.040710449
4.35738901053 429.966400146
4.36367219584 429.334747314
4.36995538114 429.225067139
4.37623856645 433.164123535
4.38252175176 431.012481689
4.38880493706 435.148681641
4.39508812237 435.301330566
4.40137130768 437.410247803
4.40765449299 435.791412354
4.41393767829 437.013397217
4.4202208636 440.989746094
4.42650404891 440.311798096
4.43278723422 440.91293335
4.43907041952 440.842559814
4.44535360483 441.559692383
4.45163679014 442.468261719
4.45791997544 442.478424072
4.46420316075 446.923095703
4.47048634606 446.257781982
4.47676953137 447.052490234
4.48305271667 445.636016846
4.48933590198 447.6769104
4.49561908729 449.178741455
4.50190227259 445.800994873
4.5081854579 447.978637695
4.51446864321 448.258636475
4.52075182852 448.53692627
4.52703501382 446.437774658
4.53331819913 447.134521484
4.53960138444 446.712646484
4.54588456974 443.735900879
4.55216775505 448.614837646
4.55845094036 444.075164795
4.56473412567 442.547546387
4.57101731097 445.256134033
4.57730049628 445.48928833
4.58358368159 443.911804199
4.58986686689 444.504852295
4.5961500522 444.139556885
4.60243323751 443.692108154
4.60871642282 446.880432129
4.61499960812 442.915618896
4.62128279343 442.284545898
4.62756597874 443.832733154
4.63384916404 444.79486084
4.64013234935 445.326446533
4.64641553466 444.279632568
4.65269871997 448.238708496
4.65898190527 446.642059326
4.66526509058 447.008880615
4.67154827589 449.024261475
4.6778314612 448.0675354
4.6841146465 450.007171631
4.69039783181 449.17779541
4.69668101712 450.739440918
4.70296420242 452.664520264
4.70924738773 452.087127686
4.71553057304 454.862640381
4.72181375835 453.17175293
4.72809694365 451.20513916
4.73438012896 458.569396973
4.74066331427 458.942382812
4.74694649957 456.352111816
4.75322968488 454.541412354
4.75951287019 460.381286621
4.7657960555 455.792327881
4.7720792408 461.437835693
4.77836242611 463.453887939
4.78464561142 459.598846436
4.79092879672 465.927032471
4.79721198203 469.629150391
4.80349516734 467.058868408
4.80977835265 466.41986084
4.81606153795 473.037963867
4.82234472326 471.404571533
4.82862790857 473.551025391
4.83491109387 472.475097656
4.84119427918 477.768310547
4.84747746449 473.168395996
4.8537606498 487.834075928
4.8600438351 478.820831299
4.86632702041 484.354370117
4.87261020572 481.478424072
4.87889339102 486.875976562
4.88517657633 486.97479248
4.89145976164 492.494842529
4.89774294695 489.230621338
4.90402613225 490.579101562
4.91030931756 497.022888184
4.91659250287 497.773376465
4.92287568818 501.773498535
4.92915887348 500.807067871
4.93544205879 496.360321045
4.9417252441 500.504547119
4.9480084294 503.636505127
4.95429161471 505.775360107
4.96057480002 509.711914062
4.96685798533 516.435791016
4.97314117063 514.976318359
4.97942435594 515.666687012
4.98570754125 522.552429199
4.99199072655 519.095275879
4.99827391186 528.294677734
5.00455709717 530.192749023
5.01084028248 526.965087891
5.01712346778 534.731750488
5.02340665309 531.08581543
5.0296898384 537.142578125
5.0359730237 553.619812012
5.04225620901 551.769470215
5.04853939432 543.87097168
5.05482257963 555.236877441
5.06110576493 556.516418457
5.06738895024 555.533325195
5.07367213555 559.934814453
5.07995532085 568.210754395
5.08623850616 567.829833984
5.09252169147 566.881774902
5.09880487678 569.151367188
5.10508806208 584.980102539
5.11137124739 576.519836426
5.1176544327 584.720092773
5.123937618 589.230834961
5.13022080331 596.279174805
5.13650398862 591.466552734
5.14278717393 596.504333496
5.14907035923 597.74005127
5.15535354454 615.843017578
5.16163672985 620.807128906
5.16791991516 615.925964355
5.17420310046 623.384277344
5.18048628577 629.987365723
5.18676947108 612.778503418
5.19305265638 631.401611328
5.19933584169 643.256225586
5.205619027 634.937255859
5.21190221231 634.665344238
5.21818539761 652.919494629
5.22446858292 660.196899414
5.23075176823 661.25604248
5.23703495353 662.340759277
5.24331813884 685.653442383
5.24960132415 673.474121094
5.25588450946 677.078369141
5.26216769476 688.478088379
5.26845088007 706.394226074
5.27473406538 694.734619141
5.28101725068 709.241333008
5.28730043599 701.806762695
5.2935836213 726.018981934
5.29986680661 734.437194824
5.30614999191 709.054443359
5.31243317722 733.69909668
5.31871636253 746.604736328
5.32499954783 724.498718262
5.33128273314 742.576599121
5.33756591845 760.661376953
5.34384910376 759.134887695
5.35013228906 794.247741699
5.35641547437 790.683227539
5.36269865968 797.761474609
5.36898184498 813.859558105
5.37526503029 806.331787109
5.3815482156 819.726257324
5.38783140091 837.09942627
5.39411458621 836.272827148
5.40039777152 843.64666748
5.40668095683 827.068847656
5.41296414214 880.637573242
5.41924732744 874.940979004
5.42553051275 883.571411133
5.43181369806 914.651916504
5.43809688336 901.856445312
5.44438006867 893.025146484
5.45066325398 906.821289062
5.45694643929 992.137756348
5.46322962459 926.180053711
5.4695128099 962.85736084
5.47579599521 990.949523926
5.48207918051 1029.41687012
5.48836236582 1010.04754639
5.49464555113 998.075622559
5.50092873644 987.998962402
5.50721192174 972.246337891
5.51349510705 1005.30517578
5.51977829236 1041.13415527
5.52606147766 1255.67126465
5.53234466297 938.173034668
5.53862784828 1034.34020996
5.54491103359 1085.6171875
5.55119421889 718.766418457
5.5574774042 1398.13647461
5.56376058951 1162.24902344
5.57004377481 2183.70605469
