0.00942477796077 8497.8203125
0.0157079632679 8491.38964844
0.0219911485751 6660.20947266
0.0282743338823 4947.43505859
0.0345575191895 3496.32641602
0.0408407044967 2592.92456055
0.0471238898038 2061.53417969
0.053407075111 1659.25524902
0.0596902604182 1424.08703613
0.0659734457254 1208.98608398
0.0722566310326 1028.95703125
0.0785398163397 818.732116699
0.0848230016469 659.841674805
0.0911061869541 523.983459473
0.0973893722613 447.83996582
0.103672557568 378.217285156
0.109955742876 338.243652344
0.116238928183 296.74395752
0.12252211349 266.714599609
0.128805298797 244.224533081
0.135088484104 211.716110229
0.141371669412 179.945358276
0.147654854719 159.554641724
0.153938040026 138.840835571
0.160221225333 124.284057617
0.16650441064 108.621047974
0.172787595947 101.915557861
0.179070781255 92.345664978
0.185353966562 85.1669616699
0.191637151869 78.3921737671
0.197920337176 70.6357421875
0.204203522483 62.6102561951
0.210486707791 57.0387153625
0.216769893098 52.6679763794
0.223053078405 48.4625282288
0.229336263712 44.9508705139
0.235619449019 41.9776725769
0.241902634326 39.3067245483
0.248185819634 36.0167922974
0.254469004941 33.3779640198
0.260752190248 30.9804477692
0.267035375555 29.1112556458
0.273318560862 27.6222743988
0.279601746169 25.3323135376
0.285884931477 22.5714530945
0.292168116784 21.7428970337
0.298451302091 20.4551353455
0.304734487398 19.9392166138
0.311017672705 17.9936332703
0.317300858013 16.9921188354
0.32358404332 16.4106826782
0.329867228627 14.7827329636
0.336150413934 14.6529712677
0.342433599241 14.0265054703
0.348716784548 12.6382198334
0.354999969856 12.5994100571
0.361283155163 11.9139108658
0.36756634047 10.9293622971
0.373849525777 10.4643249512
0.380132711084 9.79493141174
0.386415896392 9.56922912598
0.392699081699 8.83206367493
0.398982267006 8.71684455872
0.405265452313 8.13185119629
0.41154863762 7.71227502823
0.417831822927 7.03346443176
0.424115008235 7.28867149353
0.430398193542 6.80786657333
0.436681378849 6.30557632446
0.442964564156 6.55854988098
0.449247749463 6.08150005341
0.455530934771 5.89937639236
0.461814120078 5.70587539673
0.468097305385 5.48202323914
0.474380490692 5.33630895615
0.480663675999 5.16002655029
0.486946861306 4.81233119965
0.493230046614 4.67972183228
0.499513231921 4.46669054031
0.505796417228 4.26460647583
0.512079602535 4.21293878555
0.518362787842 4.04561471939
0.524645973149 3.97820615768
0.530929158457 3.77371025085
0.537212343764 3.59497880936
0.543495529071 3.6400308609
0.549778714378 3.50444149971
0.556061899685 3.33379292488
0.562345084993 3.27385306358
0.5686282703 3.30387854576
0.574911455607 3.18935799599
0.581194640914 2.89835166931
0.587477826221 2.91820645332
0.593761011528 2.56576704979
0.600044196836 2.71964502335
0.606327382143 2.56969165802
0.61261056745 2.779327631
0.618893752757 2.57144069672
0.625176938064 2.43284773827
0.631460123372 2.42054700851
0.637743308679 2.28468608856
0.644026493986 2.25565171242
0.650309679293 2.107888937
0.6565928646 2.12364888191
0.662876049907 2.12948584557
0.669159235215 2.00695204735
0.675442420522 2.03671717644
0.681725605829 1.93904554844
0.688008791136 1.97865438461
0.694291976443 1.85232913494
0.700575161751 1.81901395321
0.706858347058 1.67649936676
0.713141532365 1.71978116035
0.719424717672 1.87152826786
0.725707902979 1.793009758
0.731991088286 1.67941689491
0.738274273594 1.59901058674
0.744557458901 1.56722891331
0.750840644208 1.5266276598
0.757123829515 1.49846851826
0.763407014822 1.50855219364
0.769690200129 1.52310299873
0.775973385437 1.46411061287
0.782256570744 1.43909478188
0.788539756051 1.34533655643
0.794822941358 1.32947802544
0.801106126665 1.44152748585
0.807389311973 1.26625859737
0.81367249728 1.31822562218
0.819955682587 1.22503817081
0.826238867894 1.25746548176
0.832522053201 1.21905779839
0.838805238508 1.26334929466
0.845088423816 1.22978615761
0.851371609123 1.19352376461
0.85765479443 1.19921410084
0.863937979737 1.13519215584
0.870221165044 1.14646458626
0.876504350352 1.14051496983
0.882787535659 1.08257257938
0.889070720966 1.1185182333
0.895353906273 1.0607124567
0.90163709158 1.0559284687
0.907920276887 1.03217959404
0.914203462195 1.07931625843
0.920486647502 1.02883481979
0.926769832809 1.03141736984
0.933053018116 0.976021170616
0.939336203423 0.993668377399
0.945619388731 0.974473178387
0.951902574038 1.06821656227
0.958185759345 0.994459986687
0.964468944652 0.916861593723
0.970752129959 0.988871335983
0.977035315266 1.03057742119
0.983318500574 0.906823396683
0.989601685881 0.921700596809
0.995884871188 0.902281820774
1.0021680565 0.873196959496
1.0084512418 0.816424012184
1.01473442711 0.900075793266
1.02101761242 0.846605479717
1.02730079772 0.815671026707
1.03358398303 0.793077409267
1.03986716834 0.809164702892
1.04615035365 0.841315448284
1.05243353895 0.814428925514
1.05871672426 0.858376026154
1.06499990957 0.761435389519
1.07128309487 0.742581188679
1.07756628018 0.761891782284
1.08384946549 0.73920416832
1.0901326508 0.742320179939
1.0964158361 0.780633628368
1.10269902141 0.690493345261
1.10898220672 0.770421087742
1.11526539202 0.734053552151
1.12154857733 0.713925421238
1.12783176264 0.717822253704
1.13411494795 0.752160131931
1.14039813325 0.708029210567
1.14668131856 0.753249049187
1.15296450387 0.691897571087
1.15924768917 0.663977146149
1.16553087448 0.676351547241
1.17181405979 0.679715812206
1.1780972451 0.723403453827
1.1843804304 0.672565281391
1.19066361571 0.641484856606
1.19694680102 0.696974277496
1.20322998632 0.674968600273
1.20951317163 0.64662104845
1.21579635694 0.644683539867
1.22207954225 0.655228078365
1.22836272755 0.634264945984
1.23464591286 0.662016987801
1.24092909817 0.627957642078
1.24721228348 0.672172546387
1.25349546878 0.624770641327
1.25977865409 0.613531589508
1.2660618394 0.637100040913
1.2723450247 0.584831655025
1.27862821001 0.617514193058
1.28491139532 0.583164989948
1.29119458063 0.619077682495
1.29747776593 0.635483503342
1.30376095124 0.610956132412
1.31004413655 0.611539304256
1.31632732185 0.57173460722
1.32261050716 0.58631914854
1.32889369247 0.560667574406
1.33517687778 0.601485013962
1.34146006308 0.635655462742
1.34774324839 0.576354265213
1.3540264337 0.571795403957
1.360309619 0.607594490051
1.36659280431 0.546739697456
1.37287598962 0.577627241611
1.37915917493 0.600604295731
1.38544236023 0.541748404503
1.39172554554 0.570863842964
1.39800873085 0.602823078632
1.40429191615 0.54792034626
1.41057510146 0.530116438866
1.41685828677 0.563650071621
1.42314147208 0.599745690823
1.42942465738 0.545290708542
1.43570784269 0.529675662518
1.441991028 0.53681319952
1.4482742133 0.537889063358
1.45455739861 0.590279519558
1.46084058392 0.54048961401
1.46712376923 0.520844876766
1.47340695453 0.52583116293
1.47969013984 0.521131813526
1.48597332515 0.541016936302
1.49225651046 0.559358298779
1.49853969576 0.526865541935
1.50482288107 0.53255802393
1.51110606638 0.5299218297
1.51738925168 0.550754308701
1.52367243699 0.51363670826
1.5299556223 0.547880232334
1.53623880761 0.53293544054
1.54252199291 0.526319861412
1.54880517822 0.513654470444
1.55508836353 0.489837378263
1.56137154883 0.495953887701
1.56765473414 0.522991895676
1.57393791945 0.529395997524
1.58022110476 0.500037014484
1.58650429006 0.548411786556
1.59278747537 0.516849756241
1.59907066068 0.527507424355
1.60535384598 0.510146260262
1.61163703129 0.494123250246
1.6179202166 0.516039550304
1.62420340191 0.523274004459
1.63048658721 0.497098654509
1.63676977252 0.506883442402
1.64305295783 0.504780769348
1.64933614313 0.488947987556
1.65561932844 0.483894705772
1.66190251375 0.456182003021
1.66818569906 0.467078983784
1.67446888436 0.479486018419
1.68075206967 0.502450346947
1.68703525498 0.496517211199
1.69331844028 0.488409936428
1.69960162559 0.497229754925
1.7058848109 0.500727236271
1.71216799621 0.474677801132
1.71845118151 0.511830091476
1.72473436682 0.485754430294
1.73101755213 0.473450273275
1.73730073744 0.463390618563
1.74358392274 0.472849309444
1.74986710805 0.49944242835
1.75615029336 0.489952087402
1.76243347866 0.507660806179
1.76871666397 0.499208122492
1.77499984928 0.463124662638
1.78128303459 0.474162697792
1.78756621989 0.479379713535
1.7938494052 0.500885665417
1.80013259051 0.447592973709
1.80641577581 0.447284728289
1.81269896112 0.497250407934
1.81898214643 0.478659212589
1.82526533174 0.469896107912
1.83154851704 0.490165174007
1.83783170235 0.455706417561
1.84411488766 0.457406103611
1.85039807296 0.445154666901
1.85668125827 0.480130642653
1.86296444358 0.456584870815
1.86924762889 0.455999135971
1.87553081419 0.448003619909
1.8818139995 0.467313915491
1.88809718481 0.451084136963
1.89438037011 0.471304565668
1.90066355542 0.46011775732
1.90694674073 0.442546933889
1.91322992604 0.45040756464
1.91951311134 0.459688425064
1.92579629665 0.444830000401
1.93207948196 0.454862415791
1.93836266726 0.463707953691
1.94464585257 0.465516388416
1.95092903788 0.475998342037
1.95721222319 0.445327609777
1.96349540849 0.431378275156
1.9697785938 0.450894147158
1.97606177911 0.458529025316
1.98234496442 0.43434637785
1.98862814972 0.451370567083
1.99491133503 0.451294839382
2.00119452034 0.4490634799
2.00747770564 0.449881374836
2.01376089095 0.442772775888
2.02004407626 0.445859700441
2.02632726157 0.465332269669
2.03261044687 0.424887001514
2.03889363218 0.441394299269
2.04517681749 0.448075920343
2.05146000279 0.455691188574
2.0577431881 0.458424061537
2.06402637341 0.440458983183
2.07030955872 0.452334910631
2.07659274402 0.450664818287
2.08287592933 0.44510576129
2.08915911464 0.445579022169
2.09544229994 0.439523518085
2.10172548525 0.44077578187
2.10800867056 0.43595674634
2.11429185587 0.431532353163
2.12057504117 0.438812017441
2.12685822648 0.447013914585
2.13314141179 0.432483494282
2.13942459709 0.439232081175
2.1457077824 0.450194478035
2.15199096771 0.457457482815
2.15827415302 0.429253160954
2.16455733832 0.459859311581
2.17084052363 0.438147753477
2.17712370894 0.447371959686
2.18340689424 0.425800383091
2.18969007955 0.44429692626
2.19597326486 0.433111131191
2.20225645017 0.439805716276
2.20853963547 0.443862855434
2.21482282078 0.428311020136
2.22110600609 0.43466925621
2.2273891914 0.450187474489
2.2336723767 0.429306805134
2.23995556201 0.439600527287
2.24623874732 0.437119096518
2.25252193262 0.457656145096
2.25880511793 0.431839108467
2.26508830324 0.435920774937
2.27137148855 0.444142043591
2.27765467385 0.444783091545
2.28393785916 0.437200933695
2.29022104447 0.444416642189
2.29650422977 0.441964894533
2.30278741508 0.43420162797
2.30907060039 0.441701412201
2.3153537857 0.430551409721
2.321636971 0.433623999357
2.32792015631 0.441503345966
2.33420334162 0.439455449581
2.34048652692 0.436487346888
2.34676971223 0.427318811417
2.35305289754 0.437299072742
2.35933608285 0.436279803514
2.36561926815 0.435269236565
2.37190245346 0.4481587708
2.37818563877 0.433834820986
2.38446882407 0.433603823185
2.39075200938 0.431738853455
2.39703519469 0.415070027113
2.40331838 0.43807220459
2.4096015653 0.445482552052
2.41588475061 0.433053672314
2.42216793592 0.428172022104
2.42845112122 0.43973082304
2.43473430653 0.442752331495
2.44101749184 0.427298396826
2.44730067715 0.441050261259
2.45358386245 0.444437682629
2.45986704776 0.446514368057
2.46615023307 0.438182473183
2.47243341838 0.441098928452
2.47871660368 0.442077338696
2.48499978899 0.452447503805
2.4912829743 0.428446769714
2.4975661596 0.424583077431
2.50384934491 0.446780651808
2.51013253022 0.452572882175
2.51641571553 0.437644571066
2.52269890083 0.426713258028
2.52898208614 0.458735704422
2.53526527145 0.432206273079
2.54154845675 0.436057507992
2.54783164206 0.431494474411
2.55411482737 0.428055465221
2.56039801268 0.444532036781
2.56668119798 0.432144612074
2.57296438329 0.440541297197
2.5792475686 0.435499817133
2.5855307539 0.436256349087
2.59181393921 0.433377504349
2.59809712452 0.4419259727
2.60438030983 0.429469645023
2.61066349513 0.431351572275
2.61694668044 0.441237926483
2.62322986575 0.439083993435
2.62951305105 0.443663150072
2.63579623636 0.440977066755
2.64207942167 0.448165684938
2.64836260698 0.448255479336
2.65464579228 0.44302803278
2.66092897759 0.443490713835
2.6672121629 0.450226783752
2.6734953482 0.445571660995
2.67977853351 0.442309528589
2.68606171882 0.451874613762
2.69234490413 0.439306378365
2.69862808943 0.443608611822
2.70491127474 0.440836876631
2.71119446005 0.445970445871
2.71747764536 0.444559067488
2.72376083066 0.445122689009
2.73004401597 0.457269489765
2.73632720128 0.455251485109
2.74261038658 0.456484824419
2.74889357189 0.436663508415
2.7551767572 0.456997573376
2.76145994251 0.455809146166
2.76774312781 0.451411783695
2.77402631312 0.445912361145
2.78030949843 0.451391816139
2.78659268373 0.450976699591
2.79287586904 0.461902588606
2.79915905435 0.455777347088
2.80544223966 0.4593963027
2.81172542496 0.457843869925
2.81800861027 0.454633533955
2.82429179558 0.458074629307
2.83057498088 0.460390359163
2.83685816619 0.449416309595
2.8431413515 0.444238305092
2.84942453681 0.469079345465
2.85570772211 0.456065773964
2.86199090742 0.474633276463
2.86827409273 0.459632754326
2.87455727803 0.471374541521
2.88084046334 0.461353242397
2.88712364865 0.45894113183
2.89340683396 0.470311969519
2.89969001926 0.470482498407
2.90597320457 0.460247844458
2.91225638988 0.460752338171
2.91853957518 0.467314749956
2.92482276049 0.472276449203
2.9311059458 0.471299767494
2.93738913111 0.479019373655
2.94367231641 0.470895767212
2.94995550172 0.467548668385
2.95623868703 0.483976811171
2.96252187234 0.482651084661
2.96880505764 0.472960501909
2.97508824295 0.476493179798
2.98137142826 0.487837761641
2.98765461356 0.477939903736
2.99393779887 0.470516055822
3.00022098418 0.488491684198
3.00650416949 0.473913967609
3.01278735479 0.499436765909
3.0190705401 0.47911131382
3.02535372541 0.495254784822
3.03163691071 0.498672544956
3.03792009602 0.485323160887
3.04420328133 0.488851457834
3.05048646664 0.494868040085
3.05676965194 0.470267921686
3.06305283725 0.478467941284
3.06933602256 0.493806660175
3.07561920786 0.485645413399
3.08190239317 0.498721450567
3.08818557848 0.495497316122
3.09446876379 0.51420801878
3.10075194909 0.509818196297
3.1070351344 0.500110387802
3.11331831971 0.494983047247
3.11960150501 0.510768651962
3.12588469032 0.516383707523
3.13216787563 0.518030047417
3.13845106094 0.512541532516
3.14473424624 0.498033672571
3.15101743155 0.504721164703
3.15730061686 0.526039421558
3.16358380216 0.521545350552
3.16986698747 0.518950045109
3.17615017278 0.521743655205
3.18243335809 0.531721830368
3.18871654339 0.523585677147
3.1949997287 0.530014097691
3.20128291401 0.512075185776
3.20756609932 0.551073491573
3.21384928462 0.526832044125
3.22013246993 0.525105416775
3.22641565524 0.527339756489
3.23269884054 0.524398326874
3.23898202585 0.530868887901
3.24526521116 0.525699138641
3.25154839647 0.538506388664
3.25783158177 0.532483696938
3.26411476708 0.542228639126
3.27039795239 0.548454940319
3.27668113769 0.538563966751
3.282964323 0.536370694637
3.28924750831 0.528313457966
3.29553069362 0.52495610714
3.30181387892 0.538695335388
3.30809706423 0.535641908646
3.31438024954 0.551834881306
3.32066343484 0.55640989542
3.32694662015 0.552110731602
3.33322980546 0.541000366211
3.33951299077 0.54572725296
3.34579617607 0.535448491573
3.35207936138 0.549829304218
3.35836254669 0.537103950977
3.36464573199 0.557045042515
3.3709289173 0.539072334766
3.37721210261 0.540636539459
3.38349528792 0.53511339426
3.38977847322 0.542646944523
3.39606165853 0.557059645653
3.40234484384 0.553142786026
3.40862802914 0.533343136311
3.41491121445 0.552764296532
3.42119439976 0.554184734821
3.42747758507 0.560341119766
3.43376077037 0.549532413483
3.44004395568 0.557640016079
3.44632714099 0.534817278385
3.4526103263 0.563727498055
3.4588935116 0.538525342941
3.46517669691 0.570428013802
3.47145988222 0.575680851936
3.47774306752 0.55788820982
3.48402625283 0.557087421417
3.49030943814 0.548029303551
3.49659262345 0.553388595581
3.50287580875 0.560011386871
3.50915899406 0.55914247036
3.51544217937 0.571988344193
3.52172536467 0.563176393509
3.52800854998 0.570464551449
3.53429173529 0.571551561356
3.5405749206 0.559992551804
3.5468581059 0.554192245007
3.55314129121 0.563450932503
3.55942447652 0.556941151619
3.56570766182 0.55204051733
3.57199084713 0.57352656126
3.57827403244 0.565386354923
3.58455721775 0.562698483467
3.59084040305 0.56651699543
3.59712358836 0.570459365845
3.60340677367 0.577159404755
3.60968995897 0.582909405231
3.61597314428 0.587554633617
3.62225632959 0.580102682114
3.6285395149 0.578797638416
3.6348227002 0.579756140709
3.64110588551 0.572891771793
3.64738907082 0.577882826328
3.65367225612 0.567841112614
3.65995544143 0.584092855453
3.66623862674 0.596946656704
3.67252181205 0.579277515411
3.67880499735 0.592005372047
3.68508818266 0.587387800217
3.69137136797 0.591234862804
3.69765455328 0.601630747318
3.70393773858 0.590793669224
3.71022092389 0.611739039421
3.7165041092 0.594356834888
3.7227872945 0.596811532974
3.72907047981 0.580986022949
3.73535366512 0.589692771435
3.74163685043 0.604385793209
3.74792003573 0.596456706524
3.75420322104 0.601015508175
3.76048640635 0.607999503613
3.76676959165 0.616332113743
3.77305277696 0.598744213581
3.77933596227 0.628643095493
3.78561914758 0.596289157867
3.79190233288 0.60057425499
3.79818551819 0.621703565121
3.8044687035 0.598534584045
3.8107518888 0.611785173416
3.81703507411 0.623679339886
3.82331825942 0.616065740585
3.82960144473 0.622923433781
3.83588463003 0.605321764946
3.84216781534 0.610114037991
3.84845100065 0.614660382271
3.85473418595 0.636288940907
3.86101737126 0.631279587746
3.86730055657 0.63505423069
3.87358374188 0.616868317127
3.87986692718 0.626731038094
3.88615011249 0.632559001446
3.8924332978 0.66582596302
3.8987164831 0.631201267242
3.90499966841 0.666465818882
3.91128285372 0.634381949902
3.91756603903 0.646457374096
3.92384922433 0.636045575142
3.93013240964 0.64363515377
3.93641559495 0.643797874451
3.94269878026 0.652114868164
3.94898196556 0.665186047554
3.95526515087 0.659282326698
3.96154833618 0.662639856339
3.96783152148 0.630836546421
3.97411470679 0.673248708248
3.9803978921 0.671663999557
3.98668107741 0.679070234299
3.99296426271 0.689616262913
3.99924744802 0.662060081959
4.00553063333 0.684942781925
4.01181381863 0.665969252586
4.01809700394 0.662124276161
4.02438018925 0.690066337585
4.03066337456 0.694710195065
4.03694655986 0.667307138443
4.04322974517 0.681088030338
4.04951293048 0.69039452076
4.05579611578 0.675435423851
4.06207930109 0.715591669083
4.0683624864 0.69165378809
4.07464567171 0.697825074196
4.08092885701 0.698191940784
4.08721204232 0.707822859287
4.09349522763 0.703677177429
4.09977841293 0.720508694649
4.10606159824 0.704951345921
4.11234478355 0.696892738342
4.11862796886 0.733601152897
4.12491115416 0.727517485619
4.13119433947 0.739913761616
4.13747752478 0.720012307167
4.14376071008 0.718451559544
4.15004389539 0.738070070744
4.1563270807 0.735703408718
4.16261026601 0.720740437508
4.16889345131 0.721969127655
4.17517663662 0.755316257477
4.18145982193 0.725088298321
4.18774300724 0.74182164669
4.19402619254 0.75238519907
4.20030937785 0.747941076756
4.20659256316 0.748764395714
4.21287574846 0.775727570057
4.21915893377 0.759398341179
4.22544211908 0.771525204182
4.23172530439 0.772465348244
4.23800848969 0.748790085316
4.244291675 0.772423446178
4.25057486031 0.752440154552
4.25685804561 0.806454181671
4.26314123092 0.766367256641
4.26942441623 0.763391494751
4.27570760154 0.79467779398
4.28199078684 0.781951844692
4.28827397215 0.784883856773
4.29455715746 0.811497032642
4.30084034276 0.813844323158
4.30712352807 0.845250785351
4.31340671338 0.83272510767
4.31968989869 0.813719451427
4.32597308399 0.830313444138
4.3322562693 0.847613573074
4.33853945461 0.837340354919
4.34482263991 0.829763352871
4.35110582522 0.810960829258
4.35738901053 0.844125330448
4.36367219584 0.822452247143
4.36995538114 0.829449057579
4.37623856645 0.847168684006
4.38252175176 0.858630001545
4.38880493706 0.829748511314
4.39508812237 0.872238099575
4.40137130768 0.856728971004
4.40765449299 0.858553826809
4.41393767829 0.838830649853
4.4202208636 0.856733500957
4.42650404891 0.862120091915
4.43278723422 0.900953054428
4.43907041952 0.895635426044
4.44535360483 0.870459735394
4.45163679014 0.879504621029
4.45791997544 0.900058686733
4.46420316075 0.88481169939
4.47048634606 0.887379586697
4.47676953137 0.90999686718
4.48305271667 0.868177354336
4.48933590198 0.867032766342
4.49561908729 0.900603234768
4.50190227259 0.920384168625
4.5081854579 0.88866519928
4.51446864321 0.867280006409
4.52075182852 0.945587277412
4.52703501382 0.925702393055
4.53331819913 0.912279725075
4.53960138444 0.890023887157
4.54588456974 0.918491184711
4.55216775505 0.939276993275
4.55845094036 0.913815200329
4.56473412567 0.930268645287
4.57101731097 0.971546173096
4.57730049628 0.910067617893
4.58358368159 0.946333110332
4.58986686689 0.898982405663
4.5961500522 0.86771273613
4.60243323751 0.972703814507
4.60871642282 0.914265692234
4.61499960812 0.942992031574
4.62128279343 0.901750147343
4.62756597874 0.955306410789
4.63384916404 0.920838654041
4.64013234935 0.916591048241
4.64641553466 0.924067437649
4.65269871997 0.917564034462
4.65898190527 0.989390790462
4.66526509058 0.998255372047
4.67154827589 0.938448548317
4.6778314612 0.9426907897
4.6841146465 0.981931090355
4.69039783181 1.02897667885
4.69668101712 0.976237654686
4.70296420242 1.02407991886
4.70924738773 0.972348511219
4.71553057304 0.963225185871
4.72181375835 1.08278203011
4.72809694365 1.0429340601
4.73438012896 1.0045324564
4.74066331427 0.99162876606
4.74694649957 1.02197790146
4.75322968488 0.991303622723
4.75951287019 1.02077460289
4.7657960555 1.04584205151
4.7720792408 0.978011786938
4.77836242611 1.02546072006
4.78464561142 1.01228964329
4.79092879672 1.00570428371
4.79721198203 1.05972766876
4.80349516734 1.03381121159
4.80977835265 1.07680749893
4.81606153795 1.09571564198
4.82234472326 0.99538820982
4.82862790857 1.122158885
4.83491109387 1.03910529613
4.84119427918 1.04399549961
4.84747746449 1.1005089283
4.8537606498 1.14457607269
4.8600438351 1.15865850449
4.86632702041 1.20715653896
4.87261020572 1.00127398968
4.87889339102 1.1384100914
4.88517657633 1.02576339245
4.89145976164 1.10321569443
4.89774294695 1.246920228
4.90402613225 1.15964365005
4.91030931756 1.10211718082
4.91659250287 1.09807896614
4.92287568818 1.12897586823
4.92915887348 1.21523356438
4.93544205879 1.09007716179
4.9417252441 1.16433513165
4.9480084294 1.25115585327
4.95429161471 1.19895386696
4.96057480002 1.20545184612
4.96685798533 1.19062590599
4.97314117063 1.27950954437
4.97942435594 1.23038995266
4.98570754125 1.2139288187
4.99199072655 1.20762145519
4.99827391186 1.17335128784
5.00455709717 1.24400937557
5.01084028248 1.22386097908
5.01712346778 1.13408207893
5.02340665309 1.26693677902
5.0296898384 1.34166228771
5.0359730237 1.37657690048
5.04225620901 1.34263920784
5.04853939432 1.3401683569
5.05482257963 1.35060799122
5.06110576493 1.36145675182
5.06738895024 1.42301130295
5.07367213555 1.26142537594
5.07995532085 1.54931712151
5.08623850616 1.3811879158
5.09252169147 1.53713440895
5.09880487678 1.27033245564
5.10508806208 1.26373672485
5.11137124739 1.43129515648
5.1176544327 1.3377571106
5.123937618 1.55576586723
5.13022080331 1.43806385994
5.13650398862 1.47261607647
5.14278717393 1.49784362316
5.14907035923 1.55672121048
5.15535354454 1.59181511402
5.16163672985 1.59815979004
5.16791991516 1.6326059103
5.17420310046 1.53708291054
5.18048628577 1.68652260303
5.18676947108 1.72167670727
5.19305265638 1.72956180573
5.19933584169 1.5000846386
5.205619027 1.68755376339
5.21190221231 1.61302125454
5.21818539761 1.82213997841
5.22446858292 1.53981721401
5.23075176823 1.75944423676
5.23703495353 1.66926598549
5.24331813884 1.41903483868
5.24960132415 1.7327041626
5.25588450946 1.5382797718
5.26216769476 1.74875223637
5.26845088007 1.48638689518
5.27473406538 1.96365940571
5.28101725068 1.78563308716
5.28730043599 1.95140099525
5.2935836213 1.80519115925
5.29986680661 2.13488793373
5.30614999191 1.97379887104
5.31243317722 1.51181399822
5.31871636253 1.65698862076
5.32499954783 1.96657955647
5.33128273314 1.8430185318
5.33756591845 2.46654725075
5.34384910376 2.00409531593
5.35013228906 1.65733134747
5.35641547437 1.44043779373
5.36269865968 1.83518481255
5.36898184498 2.32719898224
5.37526503029 1.35452961922
5.3815482156 1.5400415659
5.38783140091 2.19001173973
5.39411458621 2.24185466766
5.40039777152 2.01231789589
5.40668095683 2.77438163757
5.41296414214 1.94138300419
5.41924732744 1.78187918663
5.42553051275 2.53166556358
5.43181369806 2.02988576889
5.43809688336 2.81542110443
5.44438006867 2.81864833832
5.45066325398 1.65574717522
5.45694643929 2.44229245186
5.46322962459 2.91246199608
5.4695128099 2.77715396881
5.47579599521 2.83210873604
5.48207918051 0.613998234272
5.48836236582 2.64322853088
5.49464555113 2.73664188385
5.50092873644 1.59262037277
5.50721192174 2.55943870544
5.51349510705 1.69257462025
5.51977829236 2.86764931679
5.52606147766 2.62387442589
5.53234466297 6.03801107407
5.53862784828 3.56911611557
5.54491103359 4.71109056473
5.55119421889 5.94967651367
5.5574774042 8.4269285202
5.56376058951 8.32196617126
5.57004377481 6.87701129913
