0.00942477796077 45685.7695312
0.0157079632679 50712.9414062
0.0219911485751 45717.5234375
0.0282743338823 38439.5625
0.0345575191895 32651.3144531
0.0408407044967 27217.8320312
0.0471238898038 23135.4003906
0.053407075111 20875.5605469
0.0596902604182 19474.4550781
0.0659734457254 17551.1464844
0.0722566310326 16740.6132812
0.0785398163397 14533.6601562
0.0848230016469 13015.8447266
0.0911061869541 11467.3222656
0.0973893722613 10815.0166016
0.103672557568 9536.34375
0.109955742876 8785.25
0.116238928183 8578.30273438
0.12252211349 7787.06347656
0.128805298797 7662.44726562
0.135088484104 7000.45556641
0.141371669412 6623.12792969
0.147654854719 6197.52636719
0.153938040026 5779.77148438
0.160221225333 5636.95166016
0.16650441064 5044.23291016
0.172787595947 5014.18408203
0.179070781255 4750.87548828
0.185353966562 4594.87304688
0.191637151869 4385.39990234
0.197920337176 4208.52685547
0.204203522483 3980.43676758
0.210486707791 3873.29272461
0.216769893098 3745.86108398
0.223053078405 3599.47021484
0.229336263712 3459.39111328
0.235619449019 3385.48364258
0.241902634326 3298.85351562
0.248185819634 3106.21289062
0.254469004941 3035.1953125
0.260752190248 2989.00341797
0.267035375555 2879.88037109
0.273318560862 2853.73681641
0.279601746169 2748.94238281
0.285884931477 2679.93481445
0.292168116784 2570.75463867
0.298451302091 2522.00512695
0.304734487398 2512.91430664
0.311017672705 2427.11791992
0.317300858013 2373.65478516
0.32358404332 2315.94726562
0.329867228627 2241.84130859
0.336150413934 2236.52197266
0.342433599241 2192.20166016
0.348716784548 2143.81347656
0.354999969856 2098.70898438
0.361283155163 2071.8371582
0.36756634047 2023.51269531
0.373849525777 1963.04943848
0.380132711084 1959.07336426
0.386415896392 1897.88513184
0.392699081699 1908.31359863
0.398982267006 1856.0255127
0.405265452313 1807.0222168
0.41154863762 1762.80529785
0.417831822927 1772.18017578
0.424115008235 1751.6607666
0.430398193542 1740.86962891
0.436681378849 1711.11633301
0.442964564156 1674.0222168
0.449247749463 1647.33325195
0.455530934771 1621.7434082
0.461814120078 1604.7980957
0.468097305385 1587.81750488
0.474380490692 1565.21826172
0.480663675999 1556.38342285
0.486946861306 1534.46740723
0.493230046614 1517.00390625
0.499513231921 1496.39221191
0.505796417228 1511.50305176
0.512079602535 1457.96032715
0.518362787842 1464.9128418
0.524645973149 1440.3626709
0.530929158457 1420.82141113
0.537212343764 1405.83300781
0.543495529071 1396.74560547
0.549778714378 1393.42700195
0.556061899685 1368.28833008
0.562345084993 1369.00610352
0.5686282703 1346.24267578
0.574911455607 1338.94470215
0.581194640914 1325.51696777
0.587477826221 1299.88757324
0.593761011528 1288.02270508
0.600044196836 1286.50158691
0.606327382143 1277.94848633
0.61261056745 1258.77807617
0.618893752757 1250.08227539
0.625176938064 1248.52026367
0.631460123372 1248.28991699
0.637743308679 1237.36547852
0.644026493986 1225.81726074
0.650309679293 1219.6685791
0.6565928646 1210.14575195
0.662876049907 1203.75769043
0.669159235215 1179.86877441
0.675442420522 1172.73303223
0.681725605829 1177.09765625
0.688008791136 1161.61474609
0.694291976443 1160.5892334
0.700575161751 1146.18383789
0.706858347058 1149.61975098
0.713141532365 1130.92834473
0.719424717672 1126.45227051
0.725707902979 1134.43811035
0.731991088286 1118.69946289
0.738274273594 1103.64257812
0.744557458901 1104.02770996
0.750840644208 1095.25952148
0.757123829515 1088.76879883
0.763407014822 1085.73791504
0.769690200129 1084.7244873
0.775973385437 1078.02990723
0.782256570744 1065.81091309
0.788539756051 1065.25720215
0.794822941358 1059.79931641
0.801106126665 1058.22338867
0.807389311973 1048.02038574
0.81367249728 1044.01269531
0.819955682587 1040.1072998
0.826238867894 1033.50134277
0.832522053201 1027.58837891
0.838805238508 1027.04211426
0.845088423816 1015.19195557
0.851371609123 1013.80407715
0.85765479443 1008.69110107
0.863937979737 1006.17498779
0.870221165044 999.899414062
0.876504350352 993.992919922
0.882787535659 989.010803223
0.889070720966 981.964355469
0.895353906273 988.062561035
0.90163709158 972.884338379
0.907920276887 967.398925781
0.914203462195 966.634521484
0.920486647502 966.498291016
0.926769832809 963.559265137
0.933053018116 958.595031738
0.939336203423 956.764343262
0.945619388731 952.661865234
0.951902574038 944.852905273
0.958185759345 944.391357422
0.964468944652 939.603210449
0.970752129959 937.233642578
0.977035315266 928.565002441
0.983318500574 929.96295166
0.989601685881 919.713928223
0.995884871188 924.73840332
1.0021680565 921.041992188
1.0084512418 915.18145752
1.01473442711 912.294067383
1.02101761242 912.204345703
1.02730079772 903.323303223
1.03358398303 909.055664062
1.03986716834 897.92010498
1.04615035365 900.269836426
1.05243353895 898.689758301
1.05871672426 890.290710449
1.06499990957 892.824035645
1.07128309487 890.676025391
1.07756628018 886.163208008
1.08384946549 881.055664062
1.0901326508 880.738098145
1.0964158361 880.601806641
1.10269902141 873.629211426
1.10898220672 870.916748047
1.11526539202 872.141418457
1.12154857733 863.125976562
1.12783176264 864.735351562
1.13411494795 861.609436035
1.14039813325 860.854370117
1.14668131856 858.658569336
1.15296450387 849.991455078
1.15924768917 850.419311523
1.16553087448 846.374328613
1.17181405979 842.737915039
1.1780972451 842.624816895
1.1843804304 844.407714844
1.19066361571 836.940673828
1.19694680102 834.049316406
1.20322998632 836.240234375
1.20951317163 830.92779541
1.21579635694 826.963928223
1.22207954225 828.329406738
1.22836272755 826.583007812
1.23464591286 825.18371582
1.24092909817 816.751281738
1.24721228348 819.234313965
1.25349546878 814.284301758
1.25977865409 818.391784668
1.2660618394 813.13684082
1.2723450247 813.515075684
1.27862821001 807.674682617
1.28491139532 804.488952637
1.29119458063 800.796508789
1.29747776593 803.922058105
1.30376095124 796.154907227
1.31004413655 799.097106934
1.31632732185 797.683105469
1.32261050716 793.710571289
1.32889369247 790.163513184
1.33517687778 791.529785156
1.34146006308 792.058532715
1.34774324839 784.809143066
1.3540264337 785.621398926
1.360309619 785.780212402
1.36659280431 780.388671875
1.37287598962 780.355834961
1.37915917493 775.968383789
1.38544236023 774.179504395
1.39172554554 772.062133789
1.39800873085 772.916564941
1.40429191615 772.374084473
1.41057510146 768.332824707
1.41685828677 766.204101562
1.42314147208 765.726745605
1.42942465738 760.681213379
1.43570784269 760.941955566
1.441991028 758.312194824
1.4482742133 757.547485352
1.45455739861 756.810668945
1.46084058392 754.718200684
1.46712376923 751.923950195
1.47340695453 750.674560547
1.47969013984 751.523681641
1.48597332515 745.375366211
1.49225651046 748.369506836
1.49853969576 740.96081543
1.50482288107 740.817138672
1.51110606638 739.545715332
1.51738925168 742.737243652
1.52367243699 737.458007812
1.5299556223 736.198181152
1.53623880761 733.582641602
1.54252199291 730.633239746
1.54880517822 730.805786133
1.55508836353 732.136230469
1.56137154883 727.840576172
1.56765473414 725.552612305
1.57393791945 723.770507812
1.58022110476 721.680419922
1.58650429006 722.927368164
1.59278747537 721.501159668
1.59907066068 720.93963623
1.60535384598 718.260131836
1.61163703129 712.006408691
1.6179202166 717.600341797
1.62420340191 712.002319336
1.63048658721 711.096679688
1.63676977252 710.179077148
1.64305295783 708.073364258
1.64933614313 705.595214844
1.65561932844 705.64251709
1.66190251375 705.346130371
1.66818569906 701.71081543
1.67446888436 700.389343262
1.68075206967 697.615539551
1.68703525498 698.204101562
1.69331844028 697.55090332
1.69960162559 695.619506836
1.7058848109 695.832397461
1.71216799621 692.754394531
1.71845118151 691.713867188
1.72473436682 690.285705566
1.73101755213 688.803100586
1.73730073744 688.613220215
1.74358392274 686.84942627
1.74986710805 682.042602539
1.75615029336 679.611083984
1.76243347866 681.938781738
1.76871666397 679.329345703
1.77499984928 678.161560059
1.78128303459 676.915039062
1.78756621989 676.491088867
1.7938494052 673.814880371
1.80013259051 676.146850586
1.80641577581 671.783813477
1.81269896112 672.829650879
1.81898214643 669.246032715
1.82526533174 668.497436523
1.83154851704 665.794372559
1.83783170235 665.864257812
1.84411488766 664.024414062
1.85039807296 663.347106934
1.85668125827 661.307617188
1.86296444358 662.116882324
1.86924762889 658.795898438
1.87553081419 658.992797852
1.8818139995 657.94732666
1.88809718481 655.145202637
1.89438037011 656.103637695
1.90066355542 651.308105469
1.90694674073 652.752929688
1.91322992604 650.177124023
1.91951311134 650.46661377
1.92579629665 649.918823242
1.93207948196 645.636291504
1.93836266726 646.009216309
1.94464585257 646.524230957
1.95092903788 641.505126953
1.95721222319 640.372192383
1.96349540849 638.843994141
1.9697785938 640.228515625
1.97606177911 638.599487305
1.98234496442 636.976806641
1.98862814972 636.358276367
1.99491133503 635.462768555
2.00119452034 635.416748047
2.00747770564 632.882568359
2.01376089095 631.608886719
2.02004407626 630.140808105
2.02632726157 628.524047852
2.03261044687 627.633911133
2.03889363218 627.628540039
2.04517681749 626.799255371
2.05146000279 625.158630371
2.0577431881 625.125244141
2.06402637341 621.8125
2.07030955872 622.024719238
2.07659274402 622.525817871
2.08287592933 618.651977539
2.08915911464 619.719970703
2.09544229994 617.357116699
2.10172548525 615.932861328
2.10800867056 614.593811035
2.11429185587 614.184631348
2.12057504117 613.631835938
2.12685822648 612.554138184
2.13314141179 610.551513672
2.13942459709 611.929321289
2.1457077824 609.969665527
2.15199096771 607.842407227
2.15827415302 607.238830566
2.16455733832 604.283630371
2.17084052363 606.099853516
2.17712370894 605.853271484
2.18340689424 602.906738281
2.18969007955 602.224853516
2.19597326486 601.200622559
2.20225645017 601.316711426
2.20853963547 599.710632324
2.21482282078 598.62298584
2.22110600609 600.167602539
2.2273891914 596.951477051
2.2336723767 593.513061523
2.23995556201 594.946838379
2.24623874732 596.03137207
2.25252193262 592.725708008
2.25880511793 591.610107422
2.26508830324 593.213989258
2.27137148855 589.895690918
2.27765467385 588.161682129
2.28393785916 588.545593262
2.29022104447 588.721191406
2.29650422977 588.145935059
2.30278741508 585.438354492
2.30907060039 585.862670898
2.3153537857 583.644348145
2.321636971 584.675354004
2.32792015631 583.345581055
2.33420334162 580.872680664
2.34048652692 579.14050293
2.34676971223 580.076538086
2.35305289754 578.560913086
2.35933608285 579.176147461
2.36561926815 579.336975098
2.37190245346 577.476928711
2.37818563877 575.999694824
2.38446882407 574.819091797
2.39075200938 574.570007324
2.39703519469 575.907043457
2.40331838 573.111328125
2.4096015653 572.903076172
2.41588475061 571.761962891
2.42216793592 570.626525879
2.42845112122 570.954711914
2.43473430653 570.041442871
2.44101749184 568.731506348
2.44730067715 566.70324707
2.45358386245 568.782897949
2.45986704776 566.602905273
2.46615023307 566.878417969
2.47243341838 565.231994629
2.47871660368 565.78717041
2.48499978899 563.917541504
2.4912829743 562.704711914
2.4975661596 562.19732666
2.50384934491 562.530822754
2.51013253022 561.682006836
2.51641571553 561.171630859
2.52269890083 560.684631348
2.52898208614 559.505310059
2.53526527145 560.748657227
2.54154845675 559.698181152
2.54783164206 558.174926758
2.55411482737 558.33203125
2.56039801268 556.67956543
2.56668119798 556.451660156
2.57296438329 555.940246582
2.5792475686 555.803039551
2.5855307539 556.032287598
2.59181393921 555.443908691
2.59809712452 554.758911133
2.60438030983 551.729248047
2.61066349513 553.829711914
2.61694668044 552.214172363
2.62322986575 551.367492676
2.62951305105 552.0234375
2.63579623636 550.940063477
2.64207942167 549.77923584
2.64836260698 549.793029785
2.65464579228 550.414855957
2.66092897759 549.393798828
2.6672121629 549.824645996
2.6734953482 549.167114258
2.67977853351 548.208251953
2.68606171882 547.302978516
2.69234490413 547.847595215
2.69862808943 547.675598145
2.70491127474 547.461364746
2.71119446005 546.923034668
2.71747764536 547.998901367
2.72376083066 546.419433594
2.73004401597 546.949829102
2.73632720128 546.58026123
2.74261038658 546.700866699
2.74889357189 546.548706055
2.7551767572 545.650878906
2.76145994251 545.537414551
2.76774312781 545.487243652
2.77402631312 545.165161133
2.78030949843 543.840209961
2.78659268373 544.528015137
2.79287586904 544.635131836
2.79915905435 544.446289062
2.80544223966 544.283081055
2.81172542496 545.71887207
2.81800861027 544.878417969
2.82429179558 543.721191406
2.83057498088 545.053039551
2.83685816619 545.696166992
2.8431413515 544.568908691
2.84942453681 544.253356934
2.85570772211 544.897399902
2.86199090742 545.136352539
2.86827409273 544.626525879
2.87455727803 543.420410156
2.88084046334 544.481140137
2.88712364865 544.417419434
2.89340683396 545.338195801
2.89969001926 545.975708008
2.90597320457 544.925415039
2.91225638988 546.427734375
2.91853957518 544.903808594
2.92482276049 545.277282715
2.9311059458 546.364135742
2.93738913111 545.697143555
2.94367231641 546.147338867
2.94995550172 546.712890625
2.95623868703 547.336486816
2.96252187234 547.383666992
2.96880505764 547.796447754
2.97508824295 547.573242188
2.98137142826 548.451843262
2.98765461356 548.487182617
2.99393779887 549.439147949
3.00022098418 550.755615234
3.00650416949 550.067443848
3.01278735479 549.535705566
3.0190705401 551.286132812
3.02535372541 551.48046875
3.03163691071 552.68963623
3.03792009602 553.356994629
3.04420328133 554.108215332
3.05048646664 553.740966797
3.05676965194 555.294921875
3.06305283725 554.686462402
3.06933602256 555.930114746
3.07561920786 557.277160645
3.08190239317 557.217407227
3.08818557848 558.779968262
3.09446876379 559.873596191
3.10075194909 559.813537598
3.1070351344 560.020568848
3.11331831971 561.982299805
3.11960150501 561.43560791
3.12588469032 563.708679199
3.13216787563 563.794799805
3.13845106094 564.406433105
3.14473424624 567.02520752
3.15101743155 567.146484375
3.15730061686 568.328857422
3.16358380216 570.477905273
3.16986698747 571.888061523
3.17615017278 572.426452637
3.18243335809 572.778869629
3.18871654339 574.532165527
3.1949997287 575.644897461
3.20128291401 577.639343262
3.20756609932 578.30480957
3.21384928462 579.778625488
3.22013246993 580.118408203
3.22641565524 579.551208496
3.23269884054 579.020202637
3.23898202585 578.640991211
3.24526521116 579.679321289
3.25154839647 578.623413086
3.25783158177 578.962890625
3.26411476708 577.756164551
3.27039795239 578.31262207
3.27668113769 576.881164551
3.282964323 577.17791748
3.28924750831 576.032897949
3.29553069362 575.735534668
3.30181387892 575.365966797
3.30809706423 576.387268066
3.31438024954 575.077453613
3.32066343484 575.83190918
3.32694662015 574.705932617
3.33322980546 574.782958984
3.33951299077 574.104797363
3.34579617607 573.687255859
3.35207936138 573.769958496
3.35836254669 574.1015625
3.36464573199 573.819091797
3.3709289173 572.410949707
3.37721210261 573.64276123
3.38349528792 572.863464355
3.38977847322 573.241394043
3.39606165853 571.919799805
3.40234484384 572.435791016
3.40862802914 572.149536133
3.41491121445 571.254821777
3.42119439976 573.161987305
3.42747758507 571.299194336
3.43376077037 570.706665039
3.44004395568 571.40222168
3.44632714099 571.362854004
3.4526103263 570.370056152
3.4588935116 571.028503418
3.46517669691 569.888000488
3.47145988222 569.715942383
3.47774306752 570.411621094
3.48402625283 568.975830078
3.49030943814 570.533935547
3.49659262345 569.742980957
3.50287580875 569.289550781
3.50915899406 570.107788086
3.51544217937 570.202209473
3.52172536467 570.33605957
3.52800854998 569.217956543
3.53429173529 569.763427734
3.5405749206 570.56072998
3.5468581059 569.74029541
3.55314129121 568.595458984
3.55942447652 569.557678223
3.56570766182 569.128601074
3.57199084713 569.981323242
3.57827403244 569.255859375
3.58455721775 569.59753418
3.59084040305 570.498046875
3.59712358836 569.484191895
3.60340677367 571.129821777
3.60968995897 569.828369141
3.61597314428 570.305297852
3.62225632959 571.174255371
3.6285395149 571.231323242
3.6348227002 570.999938965
3.64110588551 570.455200195
3.64738907082 570.619995117
3.65367225612 571.299743652
3.65995544143 570.873962402
3.66623862674 570.862060547
3.67252181205 571.676574707
3.67880499735 572.486633301
3.68508818266 571.596740723
3.69137136797 573.039611816
3.69765455328 573.264892578
3.70393773858 574.690246582
3.71022092389 573.192382812
3.7165041092 573.501159668
3.7227872945 574.255981445
3.72907047981 575.033081055
3.73535366512 574.374084473
3.74163685043 574.269897461
3.74792003573 575.145141602
3.75420322104 574.802978516
3.76048640635 574.496826172
3.76676959165 576.151855469
3.77305277696 577.269775391
3.77933596227 575.591430664
3.78561914758 577.069152832
3.79190233288 578.659545898
3.79818551819 578.633666992
3.8044687035 577.974060059
3.8107518888 579.792419434
3.81703507411 580.817138672
3.82331825942 580.157714844
3.82960144473 580.34564209
3.83588463003 581.832397461
3.84216781534 582.261413574
3.84845100065 582.208068848
3.85473418595 582.357177734
3.86101737126 583.045471191
3.86730055657 585.130981445
3.87358374188 585.531921387
3.87986692718 585.706787109
3.88615011249 586.863647461
3.8924332978 586.890136719
3.8987164831 587.860473633
3.90499966841 588.275085449
3.91128285372 589.622497559
3.91756603903 590.637084961
3.92384922433 591.934204102
3.93013240964 590.76763916
3.93641559495 592.209655762
3.94269878026 594.354736328
3.94898196556 594.96081543
3.95526515087 594.776916504
3.96154833618 595.073669434
3.96783152148 596.964599609
3.97411470679 596.495361328
3.9803978921 596.655517578
3.98668107741 599.432800293
3.99296426271 600.522583008
3.99924744802 600.679077148
4.00553063333 601.721313477
4.01181381863 603.004272461
4.01809700394 604.697937012
4.02438018925 606.533447266
4.03066337456 606.922302246
4.03694655986 609.303894043
4.04322974517 608.676513672
4.04951293048 609.599853516
4.05579611578 610.404602051
4.06207930109 610.729064941
4.0683624864 613.326049805
4.07464567171 615.702392578
4.08092885701 617.086853027
4.08721204232 617.704833984
4.09349522763 620.610229492
4.09977841293 620.817993164
4.10606159824 622.028808594
4.11234478355 622.76385498
4.11862796886 622.820068359
4.12491115416 626.431274414
4.13119433947 628.19519043
4.13747752478 628.85925293
4.14376071008 630.897460938
4.15004389539 633.116394043
4.1563270807 633.837585449
4.16261026601 635.712646484
4.16889345131 637.533996582
4.17517663662 639.450805664
4.18145982193 639.03515625
4.18774300724 641.832641602
4.19402619254 642.222961426
4.20030937785 644.661987305
4.20659256316 647.288085938
4.21287574846 647.318847656
4.21915893377 653.194702148
4.22544211908 653.002502441
4.23172530439 651.817626953
4.23800848969 655.616394043
4.244291675 658.544677734
4.25057486031 659.364562988
4.25685804561 662.895996094
4.26314123092 663.415100098
4.26942441623 668.434387207
4.27570760154 667.433044434
4.28199078684 669.999267578
4.28827397215 670.820068359
4.29455715746 672.709838867
4.30084034276 674.555480957
4.30712352807 678.284790039
4.31340671338 678.313659668
4.31968989869 682.635803223
4.32597308399 684.150634766
4.3322562693 685.72869873
4.33853945461 687.61730957
4.34482263991 688.666931152
4.35110582522 689.624450684
4.35738901053 696.377441406
4.36367219584 694.898620605
4.36995538114 697.29107666
4.37623856645 700.926818848
4.38252175176 701.411376953
4.38880493706 704.073242188
4.39508812237 704.658630371
4.40137130768 708.998657227
4.40765449299 709.918334961
4.41393767829 710.786193848
4.4202208636 714.223083496
4.42650404891 712.28894043
4.43278723422 716.408996582
4.43907041952 718.879699707
4.44535360483 721.642456055
4.45163679014 723.925720215
4.45791997544 726.652770996
4.46420316075 724.560180664
4.47048634606 725.50177002
4.47676953137 730.233947754
4.48305271667 727.72644043
4.48933590198 728.334472656
4.49561908729 731.692382812
4.50190227259 731.438049316
4.5081854579 730.758483887
4.51446864321 732.328430176
4.52075182852 734.283935547
4.52703501382 731.406311035
4.53331819913 731.612365723
4.53960138444 729.13092041
4.54588456974 730.839599609
4.55216775505 728.161071777
4.55845094036 730.896362305
4.56473412567 730.888916016
4.57101731097 731.493774414
4.57730049628 730.993286133
4.58358368159 729.678283691
4.58986686689 731.779296875
4.5961500522 732.514648438
4.60243323751 731.935668945
4.60871642282 736.934631348
4.61499960812 734.725219727
4.62128279343 736.65435791
4.62756597874 737.587890625
4.63384916404 735.923156738
4.64013234935 737.435791016
4.64641553466 738.970031738
4.65269871997 742.600463867
4.65898190527 744.227233887
4.66526509058 742.671691895
4.67154827589 744.935852051
4.6778314612 741.701660156
4.6841146465 746.200561523
4.69039783181 750.672180176
4.69668101712 750.199462891
4.70296420242 753.617431641
4.70924738773 750.418579102
4.71553057304 756.748962402
4.72181375835 758.322387695
4.72809694365 761.370788574
4.73438012896 761.480163574
4.74066331427 763.790771484
4.74694649957 765.541442871
4.75322968488 768.185241699
4.75951287019 769.350585938
4.7657960555 773.186645508
4.7720792408 769.325439453
4.77836242611 776.177062988
4.78464561142 780.243835449
4.79092879672 780.455505371
4.79721198203 780.469482422
4.80349516734 787.453918457
4.80977835265 783.643920898
4.81606153795 786.032104492
4.82234472326 790.347167969
4.82862790857 794.570068359
4.83491109387 796.785888672
4.84119427918 800.792053223
4.84747746449 806.420349121
4.8537606498 806.867004395
4.8600438351 804.551452637
4.86632702041 812.495910645
4.87261020572 812.072753906
4.87889339102 819.688842773
4.88517657633 821.200378418
4.89145976164 827.720031738
4.89774294695 827.084533691
4.90402613225 829.351135254
4.91030931756 838.335266113
4.91659250287 839.36895752
4.92287568818 843.574829102
4.92915887348 842.572631836
4.93544205879 850.819946289
4.9417252441 854.530578613
4.9480084294 856.263000488
4.95429161471 862.69543457
4.96057480002 864.569519043
4.96685798533 867.140686035
4.97314117063 868.873535156
4.97942435594 889.270202637
4.98570754125 877.730957031
4.99199072655 882.221191406
4.99827391186 887.679870605
5.00455709717 891.286437988
5.01084028248 900.677734375
5.01712346778 906.398071289
5.02340665309 907.405883789
5.0296898384 919.383239746
5.0359730237 914.195007324
5.04225620901 920.67376709
5.04853939432 930.826782227
5.05482257963 942.400695801
5.06110576493 943.412231445
5.06738895024 952.522583008
5.07367213555 956.700073242
5.07995532085 960.290893555
5.08623850616 963.707641602
5.09252169147 963.347045898
5.09880487678 975.948974609
5.10508806208 980.857055664
5.11137124739 981.004272461
5.1176544327 995.479248047
5.123937618 999.931213379
5.13022080331 1009.36108398
5.13650398862 1015.05609131
5.14278717393 1025.75939941
5.14907035923 1031.4420166
5.15535354454 1038.15905762
5.16163672985 1046.93188477
5.16791991516 1050.67285156
5.17420310046 1065.56115723
5.18048628577 1071.25109863
5.18676947108 1068.17492676
5.19305265638 1091.8449707
5.19933584169 1096.75500488
5.205619027 1108.04162598
5.21190221231 1100.98815918
5.21818539761 1114.88867188
5.22446858292 1127.65734863
5.23075176823 1142.90588379
5.23703495353 1139.01513672
5.24331813884 1163.42700195
5.24960132415 1157.86340332
5.25588450946 1166.34204102
5.26216769476 1186.99536133
5.26845088007 1216.75439453
5.27473406538 1198.88757324
5.28101725068 1231.57495117
5.28730043599 1233.80883789
5.2935836213 1242.66015625
5.29986680661 1233.74621582
5.30614999191 1233.45983887
5.31243317722 1280.48217773
5.31871636253 1299.96789551
5.32499954783 1303.59130859
5.33128273314 1317.80749512
5.33756591845 1339.85327148
5.34384910376 1324.70959473
5.35013228906 1339.17504883
5.35641547437 1382.79724121
5.36269865968 1382.6262207
5.36898184498 1381.72949219
5.37526503029 1423.98376465
5.3815482156 1428.85546875
5.38783140091 1430.12365723
5.39411458621 1444.97290039
5.40039777152 1481.31555176
5.40668095683 1493.01257324
5.41296414214 1556.67858887
5.41924732744 1547.62976074
5.42553051275 1534.31518555
5.43181369806 1586.08959961
5.43809688336 1519.75488281
5.44438006867 1578.51879883
5.45066325398 1563.75622559
5.45694643929 1646.98376465
5.46322962459 1675.81066895
5.4695128099 1649.02954102
5.47579599521 1683.72705078
5.48207918051 1754.14453125
5.48836236582 1573.26367188
5.49464555113 1727.23413086
5.50092873644 1734.24084473
5.50721192174 1893.96130371
5.51349510705 1773.11560059
5.51977829236 1797.1015625
5.52606147766 2075.47460938
5.53234466297 2013.67675781
5.53862784828 2071.62792969
5.54491103359 2241.41601562
5.55119421889 1863.68457031
5.5574774042 1362.74645996
5.56376058951 2693.23364258
5.57004377481 3074.43579102
