0.00942477796077 40768.8828125
0.0157079632679 42717.1054688
0.0219911485751 39593.703125
0.0282743338823 34020.3398438
0.0345575191895 29324.2539062
0.0408407044967 23325.609375
0.0471238898038 20470.7441406
0.053407075111 18327.890625
0.0596902604182 17178.3769531
0.0659734457254 15654.828125
0.0722566310326 14901.1884766
0.0785398163397 12904.8066406
0.0848230016469 11568.3876953
0.0911061869541 10126.1464844
0.0973893722613 9283.3828125
0.103672557568 8454.37988281
0.109955742876 7882.66894531
0.116238928183 7501.89941406
0.12252211349 6904.69482422
0.128805298797 6874.40185547
0.135088484104 6254.51171875
0.141371669412 5896.79882812
0.147654854719 5550.31787109
0.153938040026 5211.72753906
0.160221225333 4965.39453125
0.16650441064 4468.12158203
0.172787595947 4463.08300781
0.179070781255 4207.36181641
0.185353966562 4103.71777344
0.191637151869 3907.63842773
0.197920337176 3776.67016602
0.204203522483 3542.42285156
0.210486707791 3430.14428711
0.216769893098 3332.11303711
0.223053078405 3185.81958008
0.229336263712 3079.79223633
0.235619449019 3018.88916016
0.241902634326 2954.58203125
0.248185819634 2783.38549805
0.254469004941 2717.11352539
0.260752190248 2660.7668457
0.267035375555 2559.12133789
0.273318560862 2543.78515625
0.279601746169 2449.00561523
0.285884931477 2376.51635742
0.292168116784 2287.61303711
0.298451302091 2240.32519531
0.304734487398 2214.15917969
0.311017672705 2147.52026367
0.317300858013 2096.34155273
0.32358404332 2034.65539551
0.329867228627 1978.95129395
0.336150413934 1974.73901367
0.342433599241 1931.53076172
0.348716784548 1904.23144531
0.354999969856 1864.58227539
0.361283155163 1824.48327637
0.36756634047 1787.0267334
0.373849525777 1749.36901855
0.380132711084 1733.94372559
0.386415896392 1688.25073242
0.392699081699 1684.86047363
0.398982267006 1641.30444336
0.405265452313 1598.36450195
0.41154863762 1566.5090332
0.417831822927 1550.10229492
0.424115008235 1540.9119873
0.430398193542 1531.47290039
0.436681378849 1514.42089844
0.442964564156 1481.36047363
0.449247749463 1449.74243164
0.455530934771 1435.7545166
0.461814120078 1418.56311035
0.468097305385 1402.00231934
0.474380490692 1384.58166504
0.480663675999 1361.59143066
0.486946861306 1354.48254395
0.493230046614 1330.37854004
0.499513231921 1321.07910156
0.505796417228 1316.43249512
0.512079602535 1283.61657715
0.518362787842 1288.74609375
0.524645973149 1264.62646484
0.530929158457 1251.70751953
0.537212343764 1236.66455078
0.543495529071 1215.61547852
0.549778714378 1219.05236816
0.556061899685 1202.43737793
0.562345084993 1194.89953613
0.5686282703 1184.56201172
0.574911455607 1168.48168945
0.581194640914 1158.61083984
0.587477826221 1144.40075684
0.593761011528 1132.29003906
0.600044196836 1125.29370117
0.606327382143 1120.10559082
0.61261056745 1106.64892578
0.618893752757 1098.03796387
0.625176938064 1092.66516113
0.631460123372 1099.18981934
0.637743308679 1083.81408691
0.644026493986 1074.13977051
0.650309679293 1065.59118652
0.6565928646 1052.25476074
0.662876049907 1052.55847168
0.669159235215 1036.32800293
0.675442420522 1029.44165039
0.681725605829 1021.25292969
0.688008791136 1016.03686523
0.694291976443 1015.35510254
0.700575161751 1005.0692749
0.706858347058 997.824462891
0.713141532365 997.842773438
0.719424717672 974.861083984
0.725707902979 983.991760254
0.731991088286 972.188659668
0.738274273594 963.363708496
0.744557458901 968.036743164
0.750840644208 955.191833496
0.757123829515 953.492797852
0.763407014822 947.808105469
0.769690200129 946.041992188
0.775973385437 935.180725098
0.782256570744 930.230651855
0.788539756051 928.20324707
0.794822941358 920.858886719
0.801106126665 918.086669922
0.807389311973 913.585144043
0.81367249728 900.593200684
0.819955682587 900.075927734
0.826238867894 896.897460938
0.832522053201 895.653137207
0.838805238508 886.76965332
0.845088423816 881.681335449
0.851371609123 877.636657715
0.85765479443 874.916870117
0.863937979737 870.849853516
0.870221165044 869.489929199
0.876504350352 863.128234863
0.882787535659 859.158203125
0.889070720966 852.217346191
0.895353906273 851.47442627
0.90163709158 848.766906738
0.907920276887 838.469482422
0.914203462195 844.860839844
0.920486647502 838.979187012
0.926769832809 833.621337891
0.933053018116 829.980224609
0.939336203423 824.931091309
0.945619388731 825.681213379
0.951902574038 818.895080566
0.958185759345 818.004394531
0.964468944652 809.956542969
0.970752129959 811.192565918
0.977035315266 808.333740234
0.983318500574 806.024475098
0.989601685881 799.110839844
0.995884871188 795.522827148
1.0021680565 794.670593262
1.0084512418 793.012023926
1.01473442711 788.584960938
1.02101761242 788.276855469
1.02730079772 780.600708008
1.03358398303 783.003417969
1.03986716834 777.231689453
1.04615035365 779.374328613
1.05243353895 776.032287598
1.05871672426 774.367553711
1.06499990957 769.006164551
1.07128309487 764.235046387
1.07756628018 767.222229004
1.08384946549 759.839355469
1.0901326508 756.038085938
1.0964158361 758.322814941
1.10269902141 753.521789551
1.10898220672 750.162414551
1.11526539202 749.397033691
1.12154857733 746.737731934
1.12783176264 746.447692871
1.13411494795 741.936279297
1.14039813325 744.058349609
1.14668131856 738.500915527
1.15296450387 733.614196777
1.15924768917 733.621582031
1.16553087448 731.902160645
1.17181405979 731.048583984
1.1780972451 727.350952148
1.1843804304 724.95526123
1.19066361571 724.304626465
1.19694680102 722.251586914
1.20322998632 719.85534668
1.20951317163 719.911132812
1.21579635694 717.020080566
1.22207954225 713.422607422
1.22836272755 709.215515137
1.23464591286 707.984436035
1.24092909817 706.392883301
1.24721228348 704.705078125
1.25349546878 704.114196777
1.25977865409 701.582275391
1.2660618394 698.58581543
1.2723450247 697.908752441
1.27862821001 694.817138672
1.28491139532 693.449829102
1.29119458063 692.793518066
1.29747776593 687.894714355
1.30376095124 691.704345703
1.31004413655 689.113037109
1.31632732185 686.013977051
1.32261050716 685.576782227
1.32889369247 682.159667969
1.33517687778 683.147460938
1.34146006308 680.428466797
1.34774324839 677.523498535
1.3540264337 676.534790039
1.360309619 676.680358887
1.36659280431 673.665466309
1.37287598962 671.322692871
1.37915917493 668.389221191
1.38544236023 668.297363281
1.39172554554 665.292602539
1.39800873085 664.314208984
1.40429191615 661.247436523
1.41057510146 660.10748291
1.41685828677 660.446289062
1.42314147208 659.661560059
1.42942465738 656.684509277
1.43570784269 656.015380859
1.441991028 654.089233398
1.4482742133 650.16015625
1.45455739861 651.667602539
1.46084058392 650.846679688
1.46712376923 648.758178711
1.47340695453 647.825073242
1.47969013984 648.076538086
1.48597332515 644.701171875
1.49225651046 643.813171387
1.49853969576 643.055236816
1.50482288107 640.44744873
1.51110606638 639.505371094
1.51738925168 638.666687012
1.52367243699 636.206787109
1.5299556223 634.19934082
1.53623880761 635.857727051
1.54252199291 633.746337891
1.54880517822 632.540405273
1.55508836353 628.760253906
1.56137154883 628.257202148
1.56765473414 625.918395996
1.57393791945 627.908874512
1.58022110476 623.623291016
1.58650429006 623.031066895
1.59278747537 622.336547852
1.59907066068 621.179382324
1.60535384598 619.712768555
1.61163703129 618.849609375
1.6179202166 618.243774414
1.62420340191 616.354980469
1.63048658721 615.218017578
1.63676977252 613.351379395
1.64305295783 609.639038086
1.64933614313 611.064575195
1.65561932844 610.844848633
1.66190251375 605.854980469
1.66818569906 606.520141602
1.67446888436 603.976623535
1.68075206967 602.781555176
1.68703525498 603.272094727
1.69331844028 601.004272461
1.69960162559 600.194396973
1.7058848109 599.605895996
1.71216799621 599.719787598
1.71845118151 598.37713623
1.72473436682 596.643249512
1.73101755213 593.54888916
1.73730073744 593.032287598
1.74358392274 594.513549805
1.74986710805 593.98614502
1.75615029336 588.754089355
1.76243347866 589.64440918
1.76871666397 588.568725586
1.77499984928 586.151184082
1.78128303459 585.592712402
1.78756621989 584.414550781
1.7938494052 583.116821289
1.80013259051 583.342834473
1.80641577581 582.71862793
1.81269896112 580.70489502
1.81898214643 579.262451172
1.82526533174 576.721984863
1.83154851704 579.021362305
1.83783170235 577.838562012
1.84411488766 573.785705566
1.85039807296 573.960754395
1.85668125827 571.614624023
1.86296444358 570.041503906
1.86924762889 571.61529541
1.87553081419 570.130554199
1.8818139995 567.765563965
1.88809718481 567.969116211
1.89438037011 568.089172363
1.90066355542 566.967468262
1.90694674073 563.801330566
1.91322992604 562.731750488
1.91951311134 562.803649902
1.92579629665 561.669433594
1.93207948196 559.667053223
1.93836266726 561.559082031
1.94464585257 558.439880371
1.95092903788 558.119018555
1.95721222319 556.739074707
1.96349540849 555.63873291
1.9697785938 554.71673584
1.97606177911 553.194580078
1.98234496442 553.886169434
1.98862814972 552.031738281
1.99491133503 551.38861084
2.00119452034 549.501037598
2.00747770564 549.342224121
2.01376089095 546.217224121
2.02004407626 547.37878418
2.02632726157 548.156066895
2.03261044687 545.558044434
2.03889363218 545.489257812
2.04517681749 543.921203613
2.05146000279 542.744689941
2.0577431881 542.219909668
2.06402637341 541.428161621
2.07030955872 540.067871094
2.07659274402 540.297363281
2.08287592933 539.988464355
2.08915911464 539.653198242
2.09544229994 537.311828613
2.10172548525 535.849365234
2.10800867056 536.19140625
2.11429185587 535.028442383
2.12057504117 534.358886719
2.12685822648 532.299987793
2.13314141179 532.362243652
2.13942459709 531.818054199
2.1457077824 528.729187012
2.15199096771 529.40612793
2.15827415302 528.718261719
2.16455733832 527.904724121
2.17084052363 526.37298584
2.17712370894 526.569091797
2.18340689424 526.061523438
2.18969007955 524.606872559
2.19597326486 523.510131836
2.20225645017 523.864990234
2.20853963547 521.822387695
2.21482282078 521.698303223
2.22110600609 520.19720459
2.2273891914 520.036804199
2.2336723767 518.153808594
2.23995556201 518.100280762
2.24623874732 516.773376465
2.25252193262 517.210144043
2.25880511793 515.444580078
2.26508830324 514.576049805
2.27137148855 514.584289551
2.27765467385 514.408203125
2.28393785916 511.66027832
2.29022104447 512.937194824
2.29650422977 511.931213379
2.30278741508 511.034667969
2.30907060039 510.094543457
2.3153537857 511.039611816
2.321636971 508.690155029
2.32792015631 509.351654053
2.33420334162 507.756896973
2.34048652692 507.067382812
2.34676971223 505.882659912
2.35305289754 504.966705322
2.35933608285 504.091583252
2.36561926815 504.068328857
2.37190245346 503.877960205
2.37818563877 502.318756104
2.38446882407 502.725067139
2.39075200938 501.736785889
2.39703519469 501.240722656
2.40331838 499.901153564
2.4096015653 499.075622559
2.41588475061 499.418029785
2.42216793592 497.514221191
2.42845112122 498.404846191
2.43473430653 498.089477539
2.44101749184 496.972747803
2.44730067715 495.972473145
2.45358386245 495.298522949
2.45986704776 494.75390625
2.46615023307 494.348175049
2.47243341838 494.235107422
2.47871660368 494.394256592
2.48499978899 494.266265869
2.4912829743 492.084259033
2.4975661596 491.368835449
2.50384934491 492.033111572
2.51013253022 491.447723389
2.51641571553 491.362701416
2.52269890083 490.895965576
2.52898208614 488.606140137
2.53526527145 488.281829834
2.54154845675 488.513183594
2.54783164206 488.62902832
2.55411482737 487.559143066
2.56039801268 486.798583984
2.56668119798 486.156921387
2.57296438329 485.357635498
2.5792475686 484.809387207
2.5855307539 485.680053711
2.59181393921 484.79309082
2.59809712452 483.661712646
2.60438030983 483.681060791
2.61066349513 484.300750732
2.61694668044 482.973632812
2.62322986575 483.523132324
2.62951305105 481.408325195
2.63579623636 481.875305176
2.64207942167 482.285888672
2.64836260698 481.589324951
2.65464579228 482.189422607
2.66092897759 480.888153076
2.6672121629 480.234741211
2.6734953482 480.301422119
2.67977853351 480.295410156
2.68606171882 479.190643311
2.69234490413 479.407684326
2.69862808943 479.274841309
2.70491127474 478.863800049
2.71119446005 479.251312256
2.71747764536 478.634368896
2.72376083066 477.800415039
2.73004401597 478.241943359
2.73632720128 478.482666016
2.74261038658 478.135345459
2.74889357189 476.2137146
2.7551767572 477.992889404
2.76145994251 477.312255859
2.76774312781 477.802185059
2.77402631312 477.480010986
2.78030949843 476.317901611
2.78659268373 476.482971191
2.79287586904 476.066864014
2.79915905435 475.496734619
2.80544223966 475.330810547
2.81172542496 475.380645752
2.81800861027 476.20791626
2.82429179558 476.292602539
2.83057498088 475.563415527
2.83685816619 475.979797363
2.8431413515 474.856842041
2.84942453681 474.907531738
2.85570772211 476.411315918
2.86199090742 476.189575195
2.86827409273 476.714233398
2.87455727803 476.273651123
2.88084046334 476.562103271
2.88712364865 476.27331543
2.89340683396 477.648132324
2.89969001926 475.965484619
2.90597320457 476.511230469
2.91225638988 476.562988281
2.91853957518 477.117858887
2.92482276049 477.279968262
2.9311059458 477.464935303
2.93738913111 477.218688965
2.94367231641 478.754150391
2.94995550172 477.593414307
2.95623868703 478.394958496
2.96252187234 479.270965576
2.96880505764 479.048034668
2.97508824295 479.498901367
2.98137142826 479.193023682
2.98765461356 480.625305176
2.99393779887 479.910003662
3.00022098418 480.705749512
3.00650416949 482.012481689
3.01278735479 480.826141357
3.0190705401 482.055664062
3.02535372541 482.820953369
3.03163691071 484.548583984
3.03792009602 484.911834717
3.04420328133 484.25592041
3.05048646664 483.222106934
3.05676965194 484.442138672
3.06305283725 485.750823975
3.06933602256 486.449035645
3.07561920786 487.904052734
3.08190239317 488.74822998
3.08818557848 488.444519043
3.09446876379 488.952148438
3.10075194909 490.929901123
3.1070351344 490.834625244
3.11331831971 491.859344482
3.11960150501 492.025482178
3.12588469032 493.063049316
3.13216787563 493.823120117
3.13845106094 494.6222229
3.14473424624 495.354309082
3.15101743155 496.143585205
3.15730061686 497.511444092
3.16358380216 498.013092041
3.16986698747 499.581573486
3.17615017278 500.415283203
3.18243335809 502.192901611
3.18871654339 502.053344727
3.1949997287 504.206634521
3.20128291401 504.707702637
3.20756609932 506.620452881
3.21384928462 507.248901367
3.22013246993 507.500823975
3.22641565524 506.955413818
3.23269884054 506.688201904
3.23898202585 507.43157959
3.24526521116 506.884490967
3.25154839647 505.97277832
3.25783158177 505.394226074
3.26411476708 505.311462402
3.27039795239 504.812316895
3.27668113769 505.300415039
3.282964323 504.64944458
3.28924750831 504.100616455
3.29553069362 504.91696167
3.30181387892 505.217041016
3.30809706423 503.733459473
3.31438024954 503.236083984
3.32066343484 503.098480225
3.32694662015 502.949157715
3.33322980546 502.812438965
3.33951299077 502.38571167
3.34579617607 502.302276611
3.35207936138 501.757781982
3.35836254669 501.515441895
3.36464573199 502.26348877
3.3709289173 501.848876953
3.37721210261 500.542510986
3.38349528792 501.301422119
3.38977847322 501.08303833
3.39606165853 501.339050293
3.40234484384 500.971862793
3.40862802914 500.244781494
3.41491121445 499.748931885
3.42119439976 499.751922607
3.42747758507 498.765869141
3.43376077037 498.935333252
3.44004395568 499.306274414
3.44632714099 498.975921631
3.4526103263 498.84362793
3.4588935116 498.06539917
3.46517669691 500.093841553
3.47145988222 498.458587646
3.47774306752 497.971832275
3.48402625283 497.042205811
3.49030943814 498.226654053
3.49659262345 497.598419189
3.50287580875 497.015594482
3.50915899406 497.429138184
3.51544217937 498.10824585
3.52172536467 497.714050293
3.52800854998 496.819152832
3.53429173529 497.076812744
3.5405749206 497.065002441
3.5468581059 498.070037842
3.55314129121 496.785858154
3.55942447652 498.080444336
3.56570766182 498.656158447
3.57199084713 496.617004395
3.57827403244 497.707672119
3.58455721775 497.731445312
3.59084040305 498.080291748
3.59712358836 496.794952393
3.60340677367 497.930267334
3.60968995897 497.823974609
3.61597314428 496.994171143
3.62225632959 498.236602783
3.6285395149 498.097106934
3.6348227002 498.213806152
3.64110588551 497.95703125
3.64738907082 498.406494141
3.65367225612 497.911529541
3.65995544143 498.859893799
3.66623862674 497.951080322
3.67252181205 499.297027588
3.67880499735 499.681610107
3.68508818266 498.762298584
3.69137136797 499.984649658
3.69765455328 499.808258057
3.70393773858 500.144775391
3.71022092389 499.900115967
3.7165041092 498.991607666
3.7227872945 500.500549316
3.72907047981 499.219543457
3.73535366512 500.113586426
3.74163685043 500.837585449
3.74792003573 500.963653564
3.75420322104 500.92489624
3.76048640635 501.345825195
3.76676959165 502.308410645
3.77305277696 503.134979248
3.77933596227 503.122131348
3.78561914758 503.041412354
3.79190233288 504.74710083
3.79818551819 504.500244141
3.8044687035 506.352935791
3.8107518888 504.992095947
3.81703507411 504.896087646
3.82331825942 506.079803467
3.82960144473 506.825866699
3.83588463003 506.862640381
3.84216781534 507.827789307
3.84845100065 507.98034668
3.85473418595 508.035095215
3.86101737126 508.276275635
3.86730055657 509.166748047
3.87358374188 509.269500732
3.87986692718 509.815673828
3.88615011249 510.299560547
3.8924332978 511.248901367
3.8987164831 512.314880371
3.90499966841 512.326477051
3.91128285372 513.494995117
3.91756603903 514.238830566
3.92384922433 514.881530762
3.93013240964 515.139160156
3.93641559495 515.999633789
3.94269878026 517.501220703
3.94898196556 517.273071289
3.95526515087 518.195495605
3.96154833618 518.113220215
3.96783152148 520.309753418
3.97411470679 521.612548828
3.9803978921 520.219787598
3.98668107741 520.70489502
3.99296426271 522.883300781
3.99924744802 523.751953125
4.00553063333 523.783996582
4.01181381863 524.731689453
4.01809700394 524.788696289
4.02438018925 528.125976562
4.03066337456 528.234924316
4.03694655986 529.592163086
4.04322974517 530.226989746
4.04951293048 531.227844238
4.05579611578 531.690124512
4.06207930109 533.194152832
4.0683624864 533.277709961
4.07464567171 534.540710449
4.08092885701 535.541259766
4.08721204232 537.95300293
4.09349522763 537.610412598
4.09977841293 538.562683105
4.10606159824 541.353820801
4.11234478355 542.16192627
4.11862796886 542.57421875
4.12491115416 543.826782227
4.13119433947 547.030639648
4.13747752478 546.748474121
4.14376071008 546.804626465
4.15004389539 549.352416992
4.1563270807 551.995117188
4.16261026601 550.020874023
4.16889345131 553.315063477
4.17517663662 554.069519043
4.18145982193 557.163146973
4.18774300724 558.461120605
4.19402619254 557.331420898
4.20030937785 560.577148438
4.20659256316 562.210632324
4.21287574846 563.108581543
4.21915893377 566.418273926
4.22544211908 564.95892334
4.23172530439 568.031677246
4.23800848969 570.658813477
4.244291675 571.020690918
4.25057486031 573.348876953
4.25685804561 574.629760742
4.26314123092 575.473022461
4.26942441623 576.57611084
4.27570760154 578.398071289
4.28199078684 581.985412598
4.28827397215 583.601806641
4.29455715746 582.686096191
4.30084034276 586.305908203
4.30712352807 587.617675781
4.31340671338 591.471374512
4.31968989869 590.829162598
4.32597308399 593.221252441
4.3322562693 594.27532959
4.33853945461 595.285095215
4.34482263991 598.578979492
4.35110582522 599.563232422
4.35738901053 602.994812012
4.36367219584 603.698120117
4.36995538114 606.817382812
4.37623856645 606.882019043
4.38252175176 611.198486328
4.38880493706 611.394226074
4.39508812237 611.694335938
4.40137130768 615.327575684
4.40765449299 614.78125
4.41393767829 616.746032715
4.4202208636 618.607055664
4.42650404891 616.273254395
4.43278723422 621.213684082
4.43907041952 622.494873047
4.44535360483 628.164611816
4.45163679014 626.115844727
4.45791997544 627.067321777
4.46420316075 626.682861328
4.47048634606 630.208557129
4.47676953137 631.060546875
4.48305271667 630.898925781
4.48933590198 632.675048828
4.49561908729 631.373474121
4.50190227259 632.893798828
4.5081854579 631.852172852
4.51446864321 632.969299316
4.52075182852 635.089660645
4.52703501382 631.97857666
4.53331819913 632.506469727
4.53960138444 633.277893066
4.54588456974 631.721923828
4.55216775505 629.346618652
4.55845094036 630.180969238
4.56473412567 631.120910645
4.57101731097 632.036437988
4.57730049628 631.293762207
4.58358368159 629.619506836
4.58986686689 633.731384277
4.5961500522 631.540283203
4.60243323751 632.586242676
4.60871642282 634.51361084
4.61499960812 635.209350586
4.62128279343 633.081115723
4.62756597874 636.895568848
4.63384916404 637.817932129
4.64013234935 637.547058105
4.64641553466 637.04296875
4.65269871997 637.84173584
4.65898190527 641.536560059
4.66526509058 641.629272461
4.67154827589 644.731140137
4.6778314612 643.917114258
4.6841146465 646.067565918
4.69039783181 645.606323242
4.69668101712 644.567993164
4.70296420242 647.522827148
4.70924738773 649.595581055
4.71553057304 652.0703125
4.72181375835 656.712036133
4.72809694365 650.848144531
4.73438012896 656.5390625
4.74066331427 655.895812988
4.74694649957 657.293518066
4.75322968488 661.34942627
4.75951287019 665.539489746
4.7657960555 663.966674805
4.7720792408 667.257751465
4.77836242611 669.647827148
4.78464561142 666.004821777
4.79092879672 668.739929199
4.79721198203 674.368164062
4.80349516734 676.178466797
4.80977835265 680.331054688
4.81606153795 683.082275391
4.82234472326 680.250915527
4.82862790857 687.380126953
4.83491109387 684.815917969
4.84119427918 688.496459961
4.84747746449 689.700439453
4.8537606498 697.33984375
4.8600438351 698.200195312
4.86632702041 695.241699219
4.87261020572 703.995727539
4.87889339102 703.289367676
4.88517657633 711.115234375
4.89145976164 711.865661621
4.89774294695 716.671569824
4.90402613225 710.786804199
4.91030931756 720.997558594
4.91659250287 718.3125
4.92287568818 730.243652344
4.92915887348 726.641296387
4.93544205879 728.66217041
4.9417252441 732.888366699
4.9480084294 733.09375
4.95429161471 739.235351562
4.96057480002 746.800415039
4.96685798533 747.578918457
4.97314117063 746.807861328
4.97942435594 755.39440918
4.98570754125 753.476257324
4.99199072655 762.760864258
4.99827391186 764.60357666
5.00455709717 772.989562988
5.01084028248 771.835693359
5.01712346778 782.342224121
5.02340665309 785.338256836
5.0296898384 784.490783691
5.0359730237 790.857727051
5.04225620901 795.010070801
5.04853939432 799.354492188
5.05482257963 803.835632324
5.06110576493 802.060913086
5.06738895024 817.835449219
5.07367213555 822.242004395
5.07995532085 821.172729492
5.08623850616 825.327392578
5.09252169147 837.409729004
5.09880487678 841.758239746
5.10508806208 834.744628906
5.11137124739 846.262023926
5.1176544327 848.922058105
5.123937618 852.119384766
5.13022080331 865.215393066
5.13650398862 874.163513184
5.14278717393 868.802124023
5.14907035923 884.942749023
5.15535354454 885.573425293
5.16163672985 904.148010254
5.16791991516 903.003173828
5.17420310046 903.974365234
5.18048628577 912.30645752
5.18676947108 929.292907715
5.19305265638 929.66796875
5.19933584169 929.733093262
5.205619027 945.171020508
5.21190221231 952.162109375
5.21818539761 955.20715332
5.22446858292 967.32244873
5.23075176823 988.125610352
5.23703495353 988.440185547
5.24331813884 975.26776123
5.24960132415 998.678283691
5.25588450946 1006.87689209
5.26216769476 1016.50299072
5.26845088007 1031.86096191
5.27473406538 1024.7010498
5.28101725068 1034.03686523
5.28730043599 1054.22412109
5.2935836213 1070.10852051
5.29986680661 1060.46618652
5.30614999191 1076.0012207
5.31243317722 1076.7052002
5.31871636253 1097.69104004
5.32499954783 1089.62939453
5.33128273314 1112.32861328
5.33756591845 1144.28686523
5.34384910376 1178.37890625
5.35013228906 1157.27575684
5.35641547437 1129.51293945
5.36269865968 1155.875
5.36898184498 1187.29321289
5.37526503029 1196.16210938
5.3815482156 1209.57519531
5.38783140091 1219.83740234
5.39411458621 1239.47265625
5.40039777152 1267.48803711
5.40668095683 1258.09594727
5.41296414214 1282.21936035
5.41924732744 1334.3671875
5.42553051275 1297.77856445
5.43181369806 1356.61047363
5.43809688336 1364.46936035
5.44438006867 1366.24035645
5.45066325398 1374.00280762
5.45694643929 1415.10473633
5.46322962459 1347.39941406
5.4695128099 1474.00183105
5.47579599521 1448.08032227
5.48207918051 1464.50537109
5.48836236582 1488.4375
5.49464555113 1473.09375
5.50092873644 1444.69165039
5.50721192174 1695.10424805
5.51349510705 1494.14135742
5.51977829236 1700.0748291
5.52606147766 1739.55480957
5.53234466297 1239.97949219
5.53862784828 1708.6114502
5.54491103359 1892.51623535
5.55119421889 2066.35107422
5.5574774042 1842.64038086
5.56376058951 2091.69995117
5.57004377481 2109.19384766
