0.00942477796077 32236.53125
0.0157079632679 38105.3164062
0.0219911485751 35506.2929688
0.0282743338823 31116.7675781
0.0345575191895 26504.0449219
0.0408407044967 20756.0234375
0.0471238898038 18629.7753906
0.053407075111 16308.9570312
0.0596902604182 15570.6220703
0.0659734457254 14165.0498047
0.0722566310326 13412.1689453
0.0785398163397 11746.3730469
0.0848230016469 10201.6425781
0.0911061869541 8998.89355469
0.0973893722613 8381.00878906
0.103672557568 7640.01367188
0.109955742876 7206.59472656
0.116238928183 6845.03662109
0.12252211349 6225.28320312
0.128805298797 6219.70751953
0.135088484104 5746.12451172
0.141371669412 5316.61376953
0.147654854719 5043.296875
0.153938040026 4715.49316406
0.160221225333 4434.22509766
0.16650441064 4049.98730469
0.172787595947 4003.40161133
0.179070781255 3824.7980957
0.185353966562 3665.12475586
0.191637151869 3583.61352539
0.197920337176 3413.45751953
0.204203522483 3215.26123047
0.210486707791 3152.05395508
0.216769893098 3003.5480957
0.223053078405 2843.90234375
0.229336263712 2763.5793457
0.235619449019 2705.07568359
0.241902634326 2676.78491211
0.248185819634 2540.25415039
0.254469004941 2458.39282227
0.260752190248 2389.49951172
0.267035375555 2313.83325195
0.273318560862 2290.34887695
0.279601746169 2190.09814453
0.285884931477 2122.91943359
0.292168116784 2055.11303711
0.298451302091 2020.52929688
0.304734487398 1994.3125
0.311017672705 1926.42614746
0.317300858013 1882.79504395
0.32358404332 1831.10046387
0.329867228627 1775.22399902
0.336150413934 1791.42004395
0.342433599241 1729.65991211
0.348716784548 1706.48474121
0.354999969856 1681.12145996
0.361283155163 1622.17163086
0.36756634047 1579.07165527
0.373849525777 1578.77868652
0.380132711084 1553.35229492
0.386415896392 1525.02233887
0.392699081699 1493.8059082
0.398982267006 1466.87646484
0.405265452313 1418.38037109
0.41154863762 1403.09155273
0.417831822927 1386.40258789
0.424115008235 1383.0045166
0.430398193542 1364.33886719
0.436681378849 1328.57434082
0.442964564156 1320.02148438
0.449247749463 1283.01708984
0.455530934771 1271.63696289
0.461814120078 1258.60620117
0.468097305385 1256.45141602
0.474380490692 1237.34130859
0.480663675999 1217.7668457
0.486946861306 1201.38037109
0.493230046614 1186.2434082
0.499513231921 1174.70422363
0.505796417228 1159.43200684
0.512079602535 1149.00317383
0.518362787842 1140.52380371
0.524645973149 1125.1895752
0.530929158457 1109.22680664
0.537212343764 1100.20898438
0.543495529071 1075.76025391
0.549778714378 1078.78833008
0.556061899685 1069.10314941
0.562345084993 1059.04223633
0.5686282703 1041.35742188
0.574911455607 1035.02526855
0.581194640914 1025.66906738
0.587477826221 1019.76013184
0.593761011528 1002.13140869
0.600044196836 989.582092285
0.606327382143 982.274414062
0.61261056745 974.583740234
0.618893752757 973.207397461
0.625176938064 960.428771973
0.631460123372 961.423339844
0.637743308679 948.021362305
0.644026493986 946.321472168
0.650309679293 934.594238281
0.6565928646 930.690124512
0.662876049907 921.949157715
0.669159235215 914.920837402
0.675442420522 906.404663086
0.681725605829 896.454528809
0.688008791136 900.377075195
0.694291976443 888.045837402
0.700575161751 881.715209961
0.706858347058 877.659057617
0.713141532365 876.807312012
0.719424717672 856.259094238
0.725707902979 856.669372559
0.731991088286 848.823303223
0.738274273594 836.622558594
0.744557458901 840.986755371
0.750840644208 833.18145752
0.757123829515 830.926086426
0.763407014822 825.196044922
0.769690200129 823.66217041
0.775973385437 814.59387207
0.782256570744 811.98626709
0.788539756051 810.365966797
0.794822941358 802.44342041
0.801106126665 795.775268555
0.807389311973 794.080932617
0.81367249728 782.410400391
0.819955682587 784.614135742
0.826238867894 782.943603516
0.832522053201 775.269042969
0.838805238508 768.590270996
0.845088423816 767.308166504
0.851371609123 765.187316895
0.85765479443 761.891845703
0.863937979737 753.666259766
0.870221165044 751.192687988
0.876504350352 744.534240723
0.882787535659 742.917297363
0.889070720966 743.058166504
0.895353906273 737.489013672
0.90163709158 735.614379883
0.907920276887 729.93145752
0.914203462195 727.139282227
0.920486647502 726.745666504
0.926769832809 717.903442383
0.933053018116 715.69128418
0.939336203423 715.303527832
0.945619388731 707.759033203
0.951902574038 709.225646973
0.958185759345 707.990600586
0.964468944652 699.729614258
0.970752129959 701.253356934
0.977035315266 696.319030762
0.983318500574 690.911193848
0.989601685881 693.235290527
0.995884871188 691.848327637
1.0021680565 684.780456543
1.0084512418 678.626708984
1.01473442711 675.261413574
1.02101761242 677.944152832
1.02730079772 673.799377441
1.03358398303 671.355041504
1.03986716834 672.731201172
1.04615035365 665.810668945
1.05243353895 667.497009277
1.05871672426 660.397888184
1.06499990957 659.045776367
1.07128309487 655.219177246
1.07756628018 657.760375977
1.08384946549 654.650939941
1.0901326508 650.144348145
1.0964158361 645.585571289
1.10269902141 642.770080566
1.10898220672 643.609619141
1.11526539202 643.088500977
1.12154857733 640.490905762
1.12783176264 637.513977051
1.13411494795 637.010070801
1.14039813325 634.532958984
1.14668131856 630.528747559
1.15296450387 625.736938477
1.15924768917 624.641906738
1.16553087448 623.481384277
1.17181405979 621.740966797
1.1780972451 622.903137207
1.1843804304 621.326843262
1.19066361571 616.895446777
1.19694680102 614.383483887
1.20322998632 614.006469727
1.20951317163 611.582458496
1.21579635694 610.979797363
1.22207954225 609.130126953
1.22836272755 604.489196777
1.23464591286 601.888671875
1.24092909817 604.891113281
1.24721228348 601.869018555
1.25349546878 599.948608398
1.25977865409 595.937683105
1.2660618394 595.16394043
1.2723450247 591.886169434
1.27862821001 593.073364258
1.28491139532 588.921508789
1.29119458063 591.184509277
1.29747776593 586.251098633
1.30376095124 585.378112793
1.31004413655 584.009338379
1.31632732185 581.64642334
1.32261050716 579.661132812
1.32889369247 580.475585938
1.33517687778 577.663085938
1.34146006308 577.768737793
1.34774324839 575.37121582
1.3540264337 573.750854492
1.360309619 573.748779297
1.36659280431 572.799987793
1.37287598962 568.748779297
1.37915917493 568.524597168
1.38544236023 565.890930176
1.39172554554 564.299499512
1.39800873085 561.256103516
1.40429191615 561.916625977
1.41057510146 557.840393066
1.41685828677 558.847900391
1.42314147208 558.411437988
1.42942465738 557.686767578
1.43570784269 556.794799805
1.441991028 553.555053711
1.4482742133 554.279724121
1.45455739861 551.829650879
1.46084058392 549.821655273
1.46712376923 548.813903809
1.47340695453 546.336914062
1.47969013984 546.700134277
1.48597332515 545.099365234
1.49225651046 541.606994629
1.49853969576 542.43951416
1.50482288107 540.885009766
1.51110606638 539.203308105
1.51738925168 537.144226074
1.52367243699 538.735534668
1.5299556223 534.282348633
1.53623880761 533.192260742
1.54252199291 533.426574707
1.54880517822 532.473205566
1.55508836353 531.065307617
1.56137154883 529.167175293
1.56765473414 527.871032715
1.57393791945 528.530212402
1.58022110476 526.801574707
1.58650429006 525.286071777
1.59278747537 524.43939209
1.59907066068 523.698486328
1.60535384598 520.374145508
1.61163703129 520.676025391
1.6179202166 520.098632812
1.62420340191 517.532348633
1.63048658721 518.937133789
1.63676977252 513.48626709
1.64305295783 513.46270752
1.64933614313 513.621398926
1.65561932844 513.480651855
1.66190251375 511.220550537
1.66818569906 512.772033691
1.67446888436 508.371337891
1.68075206967 508.866271973
1.68703525498 506.744232178
1.69331844028 506.718719482
1.69960162559 506.610595703
1.7058848109 502.073120117
1.71216799621 504.636138916
1.71845118151 500.904388428
1.72473436682 503.053344727
1.73101755213 499.843963623
1.73730073744 500.108520508
1.74358392274 499.838104248
1.74986710805 497.235809326
1.75615029336 496.358612061
1.76243347866 495.219024658
1.76871666397 494.400299072
1.77499984928 494.013427734
1.78128303459 492.969940186
1.78756621989 491.369293213
1.7938494052 490.394073486
1.80013259051 488.776275635
1.80641577581 487.80657959
1.81269896112 488.473510742
1.81898214643 486.041015625
1.82526533174 486.917541504
1.83154851704 485.043823242
1.83783170235 484.624298096
1.84411488766 483.481750488
1.85039807296 482.387756348
1.85668125827 480.304962158
1.86296444358 479.264038086
1.86924762889 479.012390137
1.87553081419 476.970916748
1.8818139995 479.090942383
1.88809718481 476.528625488
1.89438037011 474.498779297
1.90066355542 474.297485352
1.90694674073 474.521179199
1.91322992604 474.27746582
1.91951311134 472.518432617
1.92579629665 471.583343506
1.93207948196 471.291229248
1.93836266726 469.725891113
1.94464585257 470.192260742
1.95092903788 468.056335449
1.95721222319 467.671813965
1.96349540849 466.747039795
1.9697785938 465.350738525
1.97606177911 465.334777832
1.98234496442 462.18649292
1.98862814972 460.477966309
1.99491133503 461.721801758
2.00119452034 461.913360596
2.00747770564 460.206176758
2.01376089095 460.85333252
2.02004407626 458.831420898
2.02632726157 457.314697266
2.03261044687 457.592712402
2.03889363218 457.66897583
2.04517681749 455.837402344
2.05146000279 453.258178711
2.0577431881 453.277648926
2.06402637341 453.315826416
2.07030955872 453.39440918
2.07659274402 450.600128174
2.08287592933 450.13760376
2.08915911464 450.118530273
2.09544229994 449.508300781
2.10172548525 448.501434326
2.10800867056 448.245849609
2.11429185587 447.67175293
2.12057504117 445.989898682
2.12685822648 446.037139893
2.13314141179 445.893585205
2.13942459709 444.117218018
2.1457077824 443.39276123
2.15199096771 442.719573975
2.15827415302 441.119598389
2.16455733832 441.069244385
2.17084052363 440.643951416
2.17712370894 440.449005127
2.18340689424 439.698120117
2.18969007955 438.262634277
2.19597326486 437.707214355
2.20225645017 436.914855957
2.20853963547 436.850738525
2.21482282078 434.753570557
2.22110600609 434.636383057
2.2273891914 434.410461426
2.2336723767 434.342987061
2.23995556201 432.047637939
2.24623874732 432.236816406
2.25252193262 431.922515869
2.25880511793 430.089111328
2.26508830324 430.416107178
2.27137148855 429.587982178
2.27765467385 428.924591064
2.28393785916 428.041351318
2.29022104447 426.895599365
2.29650422977 427.303741455
2.30278741508 425.79776001
2.30907060039 425.678161621
2.3153537857 424.838195801
2.321636971 425.042175293
2.32792015631 424.293640137
2.33420334162 423.115844727
2.34048652692 421.932617188
2.34676971223 421.819610596
2.35305289754 421.481903076
2.35933608285 422.273345947
2.36561926815 420.317504883
2.37190245346 418.876922607
2.37818563877 419.042358398
2.38446882407 417.97869873
2.39075200938 417.516204834
2.39703519469 417.755706787
2.40331838 417.285614014
2.4096015653 414.90057373
2.41588475061 415.287780762
2.42216793592 415.570465088
2.42845112122 414.827728271
2.43473430653 414.092102051
2.44101749184 413.349029541
2.44730067715 412.929199219
2.45358386245 412.079620361
2.45986704776 411.406524658
2.46615023307 412.763458252
2.47243341838 410.070709229
2.47871660368 410.175292969
2.48499978899 409.582641602
2.4912829743 409.423919678
2.4975661596 410.026550293
2.50384934491 407.884735107
2.51013253022 407.398529053
2.51641571553 407.537841797
2.52269890083 406.819885254
2.52898208614 407.184936523
2.53526527145 407.049133301
2.54154845675 406.560546875
2.54783164206 405.36340332
2.55411482737 405.388061523
2.56039801268 403.551025391
2.56668119798 404.338470459
2.57296438329 403.91998291
2.5792475686 404.130187988
2.5855307539 402.83795166
2.59181393921 403.052520752
2.59809712452 402.147644043
2.60438030983 401.869995117
2.61066349513 401.0887146
2.61694668044 401.419372559
2.62322986575 400.231384277
2.62951305105 399.597747803
2.63579623636 400.309295654
2.64207942167 400.49710083
2.64836260698 399.603393555
2.65464579228 398.888702393
2.66092897759 398.664520264
2.6672121629 398.069610596
2.6734953482 398.892669678
2.67977853351 397.672027588
2.68606171882 397.691070557
2.69234490413 396.91192627
2.69862808943 396.881988525
2.70491127474 396.897705078
2.71119446005 396.627441406
2.71747764536 396.279937744
2.72376083066 395.568847656
2.73004401597 395.754241943
2.73632720128 395.929901123
2.74261038658 395.124176025
2.74889357189 395.082733154
2.7551767572 395.871124268
2.76145994251 395.221130371
2.76774312781 394.7762146
2.77402631312 394.386016846
2.78030949843 394.334289551
2.78659268373 394.529724121
2.79287586904 394.687896729
2.79915905435 393.523864746
2.80544223966 394.184143066
2.81172542496 394.211364746
2.81800861027 393.944030762
2.82429179558 392.779541016
2.83057498088 393.118164062
2.83685816619 392.807495117
2.8431413515 392.34942627
2.84942453681 393.471282959
2.85570772211 392.294952393
2.86199090742 393.805938721
2.86827409273 392.679351807
2.87455727803 394.180847168
2.88084046334 392.899749756
2.88712364865 392.53894043
2.89340683396 393.317443848
2.89969001926 393.685424805
2.90597320457 392.890228271
2.91225638988 393.555419922
2.91853957518 393.270904541
2.92482276049 393.135070801
2.9311059458 393.84463501
2.93738913111 393.329925537
2.94367231641 393.526702881
2.94995550172 395.021362305
2.95623868703 394.055328369
2.96252187234 393.744476318
2.96880505764 395.207458496
2.97508824295 394.326141357
2.98137142826 395.228088379
2.98765461356 394.883880615
2.99393779887 394.97869873
3.00022098418 395.674133301
3.00650416949 395.575561523
3.01278735479 396.397583008
3.0190705401 396.54675293
3.02535372541 396.386566162
3.03163691071 397.038818359
3.03792009602 397.874603271
3.04420328133 398.151641846
3.05048646664 398.717224121
3.05676965194 399.375793457
3.06305283725 398.65838623
3.06933602256 399.226715088
3.07561920786 399.707336426
3.08190239317 399.985748291
3.08818557848 400.899902344
3.09446876379 401.222442627
3.10075194909 401.32119751
3.1070351344 401.813720703
3.11331831971 402.626647949
3.11960150501 404.081207275
3.12588469032 403.810546875
3.13216787563 404.35369873
3.13845106094 405.511871338
3.14473424624 404.923583984
3.15101743155 406.340789795
3.15730061686 407.575500488
3.16358380216 407.795043945
3.16986698747 408.730926514
3.17615017278 410.148162842
3.18243335809 411.301971436
3.18871654339 412.095703125
3.1949997287 412.393280029
3.20128291401 413.479614258
3.20756609932 412.736968994
3.21384928462 414.247009277
3.22013246993 415.068511963
3.22641565524 415.589508057
3.23269884054 414.889312744
3.23898202585 414.449310303
3.24526521116 413.784545898
3.25154839647 412.779022217
3.25783158177 412.94152832
3.26411476708 412.395996094
3.27039795239 412.772216797
3.27668113769 411.456542969
3.282964323 411.55871582
3.28924750831 410.989532471
3.29553069362 411.267852783
3.30181387892 411.449768066
3.30809706423 411.443603516
3.31438024954 410.656188965
3.32066343484 410.389312744
3.32694662015 409.668579102
3.33322980546 409.789337158
3.33951299077 409.6378479
3.34579617607 408.689544678
3.35207936138 409.392150879
3.35836254669 409.328979492
3.36464573199 408.028961182
3.3709289173 407.87286377
3.37721210261 407.243804932
3.38349528792 407.07824707
3.38977847322 406.338256836
3.39606165853 406.848510742
3.40234484384 406.455871582
3.40862802914 406.95098877
3.41491121445 406.856445312
3.42119439976 405.973907471
3.42747758507 406.086303711
3.43376077037 405.739471436
3.44004395568 405.119842529
3.44632714099 404.740112305
3.4526103263 404.781311035
3.4588935116 404.759002686
3.46517669691 404.117706299
3.47145988222 403.871002197
3.47774306752 404.700286865
3.48402625283 404.438842773
3.49030943814 404.72253418
3.49659262345 404.613128662
3.50287580875 404.176544189
3.50915899406 404.391082764
3.51544217937 403.528625488
3.52172536467 403.171051025
3.52800854998 402.83505249
3.53429173529 403.066192627
3.5405749206 403.757293701
3.5468581059 403.288360596
3.55314129121 403.298553467
3.55942447652 402.815673828
3.56570766182 402.672454834
3.57199084713 403.234985352
3.57827403244 402.017822266
3.58455721775 403.38885498
3.59084040305 401.785919189
3.59712358836 402.317321777
3.60340677367 402.347198486
3.60968995897 402.172943115
3.61597314428 402.955688477
3.62225632959 403.425292969
3.6285395149 403.140930176
3.6348227002 401.395721436
3.64110588551 402.58984375
3.64738907082 402.173309326
3.65367225612 401.628570557
3.65995544143 403.240844727
3.66623862674 402.551330566
3.67252181205 402.165740967
3.67880499735 403.001617432
3.68508818266 403.154724121
3.69137136797 403.231140137
3.69765455328 402.43850708
3.70393773858 402.4715271
3.71022092389 402.945526123
3.7165041092 403.332275391
3.7227872945 403.114624023
3.72907047981 403.930847168
3.73535366512 402.229888916
3.74163685043 402.822509766
3.74792003573 403.59274292
3.75420322104 403.923828125
3.76048640635 403.325805664
3.76676959165 403.078033447
3.77305277696 403.601959229
3.77933596227 404.487518311
3.78561914758 403.164978027
3.79190233288 405.422027588
3.79818551819 404.00994873
3.8044687035 405.219818115
3.8107518888 405.085845947
3.81703507411 406.100860596
3.82331825942 406.054473877
3.82960144473 406.131378174
3.83588463003 405.229858398
3.84216781534 405.969787598
3.84845100065 406.394775391
3.85473418595 407.313934326
3.86101737126 407.533508301
3.86730055657 407.351257324
3.87358374188 407.630126953
3.87986692718 408.873504639
3.88615011249 408.275848389
3.8924332978 408.967529297
3.8987164831 409.189056396
3.90499966841 410.313323975
3.91128285372 411.48034668
3.91756603903 410.88168335
3.92384922433 410.623443604
3.93013240964 411.613128662
3.93641559495 411.641815186
3.94269878026 411.858551025
3.94898196556 412.651611328
3.95526515087 413.103393555
3.96154833618 414.28604126
3.96783152148 412.823577881
3.97411470679 414.888122559
3.9803978921 415.332336426
3.98668107741 415.225646973
3.99296426271 417.242767334
3.99924744802 416.639923096
4.00553063333 416.584381104
4.01181381863 417.164459229
4.01809700394 418.516021729
4.02438018925 420.62310791
4.03066337456 419.923217773
4.03694655986 421.177856445
4.04322974517 421.186584473
4.04951293048 420.848968506
4.05579611578 423.235992432
4.06207930109 424.219238281
4.0683624864 424.685577393
4.07464567171 425.321655273
4.08092885701 424.702148438
4.08721204232 427.950256348
4.09349522763 426.478942871
4.09977841293 427.50958252
4.10606159824 428.952636719
4.11234478355 429.268737793
4.11862796886 430.95993042
4.12491115416 431.375762939
4.13119433947 432.40222168
4.13747752478 433.876831055
4.14376071008 433.036743164
4.15004389539 433.61529541
4.1563270807 436.606689453
4.16261026601 436.000152588
4.16889345131 437.88873291
4.17517663662 438.157958984
4.18145982193 440.006744385
4.18774300724 440.398010254
4.19402619254 442.366394043
4.20030937785 442.165313721
4.20659256316 443.596557617
4.21287574846 444.990814209
4.21915893377 446.384155273
4.22544211908 446.960418701
4.23172530439 446.391906738
4.23800848969 450.487060547
4.244291675 448.340606689
4.25057486031 453.714874268
4.25685804561 453.347320557
4.26314123092 454.093139648
4.26942441623 453.820251465
4.27570760154 456.073455811
4.28199078684 458.418579102
4.28827397215 460.168762207
4.29455715746 458.96862793
4.30084034276 463.086364746
4.30712352807 462.885345459
4.31340671338 463.675048828
4.31968989869 465.473724365
4.32597308399 467.9737854
4.3322562693 469.1144104
4.33853945461 469.09262085
4.34482263991 470.45602417
4.35110582522 470.759307861
4.35738901053 473.27645874
4.36367219584 473.538543701
4.36995538114 475.937652588
4.37623856645 477.917297363
4.38252175176 479.418518066
4.38880493706 480.003570557
4.39508812237 478.947692871
4.40137130768 481.548614502
4.40765449299 483.044921875
4.41393767829 485.125823975
4.4202208636 484.844818115
4.42650404891 486.092681885
4.43278723422 489.780059814
4.43907041952 486.426757812
4.44535360483 488.945892334
4.45163679014 489.115112305
4.45791997544 490.935455322
4.46420316075 491.827850342
4.47048634606 493.245635986
4.47676953137 495.3515625
4.48305271667 494.314575195
4.48933590198 494.751922607
4.49561908729 495.526123047
4.50190227259 497.54107666
4.5081854579 494.785858154
4.51446864321 496.373687744
4.52075182852 497.417388916
4.52703501382 495.07043457
4.53331819913 494.576446533
4.53960138444 495.538299561
4.54588456974 492.105529785
4.55216775505 491.656005859
4.55845094036 491.841766357
4.56473412567 492.882019043
4.57101731097 494.140533447
4.57730049628 492.370544434
4.58358368159 490.86328125
4.58986686689 493.452880859
4.5961500522 490.513336182
4.60243323751 494.3309021
4.60871642282 493.065429688
4.61499960812 494.111358643
4.62128279343 494.642150879
4.62756597874 495.12020874
4.63384916404 494.87197876
4.64013234935 496.639770508
4.64641553466 494.781158447
4.65269871997 494.081390381
4.65898190527 498.800048828
4.66526509058 498.190093994
4.67154827589 499.908660889
4.6778314612 500.478851318
4.6841146465 503.754150391
4.69039783181 498.564544678
4.69668101712 500.592651367
4.70296420242 503.635375977
4.70924738773 498.502166748
4.71553057304 505.642547607
4.72181375835 506.064910889
4.72809694365 506.789367676
4.73438012896 510.915710449
4.74066331427 510.530822754
4.74694649957 511.058654785
4.75322968488 514.913574219
4.75951287019 512.917724609
4.7657960555 514.854614258
4.7720792408 517.512939453
4.77836242611 521.953735352
4.78464561142 519.306030273
4.79092879672 520.291870117
4.79721198203 523.332458496
4.80349516734 520.778320312
4.80977835265 525.770690918
4.81606153795 531.075012207
4.82234472326 526.423400879
4.82862790857 529.663452148
4.83491109387 526.427734375
4.84119427918 534.601196289
4.84747746449 534.829223633
4.8537606498 538.087463379
4.8600438351 540.672302246
4.86632702041 540.247497559
4.87261020572 542.938354492
4.87889339102 539.996520996
4.88517657633 547.506469727
4.89145976164 548.710083008
4.89774294695 553.739501953
4.90402613225 550.019714355
4.91030931756 558.590820312
4.91659250287 556.837646484
4.92287568818 555.228820801
4.92915887348 565.85144043
4.93544205879 564.052062988
4.9417252441 563.803466797
4.9480084294 566.355895996
4.95429161471 570.410827637
4.96057480002 573.267333984
4.96685798533 576.313110352
4.97314117063 578.100952148
4.97942435594 580.378662109
4.98570754125 583.58190918
4.99199072655 583.204162598
4.99827391186 587.408203125
5.00455709717 587.213439941
5.01084028248 594.171142578
5.01712346778 600.904541016
5.02340665309 597.749511719
5.0296898384 601.249755859
5.0359730237 608.842529297
5.04225620901 608.472045898
5.04853939432 613.957641602
5.05482257963 610.452575684
5.06110576493 622.440063477
5.06738895024 620.445251465
5.07367213555 629.251708984
5.07995532085 639.754394531
5.08623850616 639.664550781
5.09252169147 641.401550293
5.09880487678 639.025939941
5.10508806208 656.423339844
5.11137124739 652.471923828
5.1176544327 650.732971191
5.123937618 659.376281738
5.13022080331 665.946472168
5.13650398862 670.772888184
5.14278717393 666.002380371
5.14907035923 677.152526855
5.15535354454 674.701660156
5.16163672985 688.218139648
5.16791991516 695.499511719
5.17420310046 697.719909668
5.18048628577 710.331298828
5.18676947108 698.531311035
5.19305265638 703.81036377
5.19933584169 717.130004883
5.205619027 720.392578125
5.21190221231 728.089660645
5.21818539761 733.179138184
5.22446858292 744.079589844
5.23075176823 752.176635742
5.23703495353 742.157653809
5.24331813884 738.367492676
5.24960132415 768.083862305
5.25588450946 778.16027832
5.26216769476 771.702575684
5.26845088007 778.275146484
5.27473406538 767.408203125
5.28101725068 795.917663574
5.28730043599 818.696960449
5.2935836213 793.519165039
5.29986680661 801.162536621
5.30614999191 816.316223145
5.31243317722 839.670471191
5.31871636253 806.07043457
5.32499954783 848.553344727
5.33128273314 860.696777344
5.33756591845 875.052001953
5.34384910376 889.865844727
5.35013228906 889.987670898
5.35641547437 890.55065918
5.36269865968 889.385925293
5.36898184498 937.722717285
5.37526503029 954.201843262
5.3815482156 909.748962402
5.38783140091 952.165161133
5.39411458621 936.61126709
5.40039777152 927.764221191
5.40668095683 963.58782959
5.41296414214 955.90612793
5.41924732744 995.208435059
5.42553051275 998.234985352
5.43181369806 1049.86291504
5.43809688336 988.47088623
5.44438006867 1027.96154785
5.45066325398 1054.8671875
5.45694643929 1061.78930664
5.46322962459 1134.19628906
5.4695128099 1111.46520996
5.47579599521 1073.57678223
5.48207918051 1152.0949707
5.48836236582 1122.98730469
5.49464555113 1040.37731934
5.50092873644 1105.77685547
5.50721192174 1153.51086426
5.51349510705 1205.26550293
5.51977829236 1253.93164062
5.52606147766 1251.75549316
5.53234466297 1176.00231934
5.53862784828 1329.01916504
5.54491103359 1222.62988281
5.55119421889 1667.71972656
5.5574774042 896.710754395
5.56376058951 857.417297363
5.57004377481 310.621734619
