0.00942477796077 183666.75 58470.7382812
0.0157079632679 180610.5625 36166.9101562
0.0219911485751 157762.03125 20804.5117188
0.0282743338823 147353.765625 16133.1113281
0.0345575191895 122290.171875 10437.5302734
0.0408407044967 79771.3125 6974.94140625
0.0471238898038 81536.453125 5658.12158203
0.053407075111 66532.109375 4502.19580078
0.0596902604182 69110.53125 3979.98754883
0.0659734457254 60031.125 3345.80102539
0.0722566310326 60699.6875 3081.11132812
0.0785398163397 53744.140625 2577.58203125
0.0848230016469 41633.9296875 1999.91027832
0.0911061869541 37034.453125 1801.8392334
0.0973893722613 37065.5 1638.02282715
0.103672557568 33952.1679688 1502.92773438
0.109955742876 32995.2265625 1357.5604248
0.116238928183 29907.375 1238.96948242
0.12252211349 26705.6367188 1096.4095459
0.128805298797 27097.4414062 1056.83972168
0.135088484104 24038.7695312 954.39050293
0.141371669412 22689.3164062 885.386474609
0.147654854719 22409.1054688 836.907775879
0.153938040026 21553.2265625 802.34552002
0.160221225333 19574.7773438 724.04095459
0.16650441064 19418.5 703.926696777
0.172787595947 17329.4570312 638.394897461
0.179070781255 16682.1992188 624.36529541
0.185353966562 15802.4335938 574.985900879
0.191637151869 15612.234375 567.479309082
0.197920337176 14568.2460938 522.121765137
0.204203522483 13867.4414062 506.728271484
0.210486707791 13378.9101562 480.17489624
0.216769893098 13101.4101562 466.463378906
0.223053078405 12419.453125 444.404510498
0.229336263712 11484.1289062 422.744689941
0.235619449019 11917.3125 417.078674316
0.241902634326 11716.7929688 402.774536133
0.248185819634 10721.2070312 381.784545898
0.254469004941 10793.546875 375.887878418
0.260752190248 9897.98046875 354.928253174
0.267035375555 9475.12109375 344.548614502
0.273318560862 8945.07421875 329.18170166
0.279601746169 8842.4765625 322.945220947
0.285884931477 8196.5 309.781280518
0.292168116784 8225.7109375 305.56439209
0.298451302091 8339.1484375 297.34777832
0.304734487398 7974.0234375 289.590789795
0.311017672705 7573.6796875 279.026550293
0.317300858013 7823.6796875 277.265960693
0.32358404332 7201.3046875 264.424499512
0.329867228627 7362.46484375 263.227813721
0.336150413934 6985.13671875 253.344604492
0.342433599241 6593.19921875 249.190139771
0.348716784548 6331.51953125 239.336593628
0.354999969856 6422.5859375 237.762771606
0.361283155163 5998.56640625 230.812133789
0.36756634047 5566.47265625 222.341629028
0.373849525777 6013.3828125 223.03237915
0.380132711084 5615.9765625 215.205291748
0.386415896392 5378.65820312 211.459960938
0.392699081699 5475.08203125 208.941040039
0.398982267006 5602.53320312 204.12588501
0.405265452313 5282.78710938 202.424346924
0.41154863762 4738.08203125 192.626525879
0.417831822927 4449.31835938 190.896255493
0.424115008235 4849.68945312 188.847137451
0.430398193542 4718.96484375 185.264892578
0.436681378849 4603.24804688 182.429107666
0.442964564156 4089.11914062 177.152206421
0.449247749463 4035.60351562 174.28427124
0.455530934771 3879.2578125 170.883865356
0.461814120078 3626.10546875 165.82913208
0.468097305385 3931.27734375 167.230819702
0.474380490692 3822.06835938 162.999282837
0.480663675999 3928.05078125 162.591812134
0.486946861306 3620.3359375 158.452560425
0.493230046614 3394.1953125 155.440429688
0.499513231921 3486.6328125 153.849075317
0.505796417228 3320.68164062 151.338500977
0.512079602535 3206.64453125 148.464874268
0.518362787842 3135.90625 145.851913452
0.524645973149 3067.953125 144.595550537
0.530929158457 2968.9765625 142.583068848
0.537212343764 2894.18359375 139.749069214
0.543495529071 2846.08984375 138.507400513
0.549778714378 2618.05859375 135.549240112
0.556061899685 2792.75390625 135.858276367
0.562345084993 2766.015625 132.48538208
0.5686282703 2670.98828125 131.549682617
0.574911455607 2632.3828125 130.005584717
0.581194640914 2527.35742188 127.974479675
0.587477826221 2328.95703125 125.808959961
0.593761011528 2244.51367188 124.250640869
0.600044196836 2142.44921875 122.258865356
0.606327382143 2250.72070312 121.979934692
0.61261056745 1999.18945312 118.978630066
0.618893752757 2138.90625 118.647109985
0.625176938064 2034.32226562 116.995635986
0.631460123372 2163.93554688 116.58782959
0.637743308679 2028.77539062 114.341514587
0.644026493986 1914.5703125 113.395469666
0.650309679293 1698.01367188 110.995597839
0.6565928646 1860.22265625 110.847938538
0.662876049907 1776.828125 109.387191772
0.669159235215 1711.83398438 108.252052307
0.675442420522 1598.93554688 106.398597717
0.681725605829 1636.25195312 106.321418762
0.688008791136 1601.4609375 104.439849854
0.694291976443 1439.80664062 103.700935364
0.700575161751 1766.71289062 103.051239014
0.706858347058 1493.18945312 101.729652405
0.713141532365 1468.49414062 100.48400116
0.719424717672 1449.87304688 99.6163711548
0.725707902979 1299.09960938 98.1972122192
0.731991088286 1446.25195312 98.0220718384
0.738274273594 1358.98828125 96.7025222778
0.744557458901 1398.79101562 96.3620452881
0.750840644208 1202.56445312 94.7155151367
0.757123829515 1168.6015625 93.7081832886
0.763407014822 1291.53710938 93.3495483398
0.769690200129 1174.08789062 92.3484725952
0.775973385437 1205.70507812 91.3674468994
0.782256570744 1077.58398438 90.5252761841
0.788539756051 1271.734375 90.1104812622
0.794822941358 1127.0625 89.7502212524
0.801106126665 968.60546875 87.8197784424
0.807389311973 1068.91601562 87.7318267822
0.81367249728 908.830078125 86.2911529541
0.819955682587 985.9375 86.07447052
0.826238867894 996.654296875 85.3801269531
0.832522053201 791.634765625 84.0346755981
0.838805238508 981.83984375 83.8599472046
0.845088423816 846.154296875 83.4414291382
0.851371609123 944.880859375 82.649055481
0.85765479443 792.548828125 81.5995178223
0.863937979737 613.4296875 80.6315383911
0.870221165044 718.908203125 80.249168396
0.876504350352 814.455078125 80.0905456543
0.882787535659 827.771484375 79.3177642822
0.889070720966 697.3359375 78.60887146
0.895353906273 730.494140625 78.1318817139
0.90163709158 718.431640625 77.3313446045
0.907920276887 697.453125 77.0344924927
0.914203462195 717.453125 76.1574172974
0.920486647502 724.873046875 76.102142334
0.926769832809 778.7421875 75.4279327393
0.933053018116 534.0390625 74.4066009521
0.939336203423 686.48828125 74.1551361084
0.945619388731 511.33984375 73.5764312744
0.951902574038 527.69921875 72.8474578857
0.958185759345 664.517578125 72.9132156372
0.964468944652 525.11328125 71.6693267822
0.970752129959 558.9140625 71.6363830566
0.977035315266 600.259765625 71.2253875732
0.983318500574 447.923828125 70.4576721191
0.989601685881 509.8359375 70.0622711182
0.995884871188 565.076171875 69.7044906616
1.0021680565 436.435546875 69.0066757202
1.0084512418 472.478515625 68.8102798462
1.01473442711 384.041015625 67.8567657471
1.02101761242 397.796875 67.6079788208
1.02730079772 323.796875 67.0946731567
1.03358398303 326.21875 66.5930557251
1.03986716834 443.26171875 66.4896697998
1.04615035365 284.892578125 65.8418426514
1.05243353895 423.62890625 65.6167678833
1.05871672426 394.990234375 65.3737869263
1.06499990957 418.005859375 64.7536315918
1.07128309487 370.298828125 64.4177474976
1.07756628018 393.984375 64.0455322266
1.08384946549 394.13671875 63.7392807007
1.0901326508 436.89453125 63.449420929
1.0964158361 367.451171875 62.8888664246
1.10269902141 436.896484375 62.6635780334
1.10898220672 300.3203125 62.1396026611
1.11526539202 353.296875 61.9212989807
1.12154857733 207.759765625 61.1438407898
1.12783176264 189.455078125 60.6795387268
1.13411494795 354.841796875 60.7727165222
1.14039813325 329.26171875 60.5171394348
1.14668131856 127.73828125 59.5972671509
1.15296450387 165.095703125 59.2539520264
1.15924768917 386.55078125 59.6414909363
1.16553087448 163.400390625 58.6961517334
1.17181405979 202.732421875 58.5625915527
1.1780972451 296.466796875 58.2374229431
1.1843804304 169.482421875 58.0346565247
1.19066361571 198.09765625 57.5104446411
1.19694680102 158.1484375 57.3241386414
1.20322998632 278.6953125 56.9628639221
1.20951317163 268.71484375 56.9925498962
1.21579635694 88.283203125 56.0694313049
1.22207954225 229.1875 56.217918396
1.22836272755 203.236328125 55.7324028015
1.23464591286 199.818359375 55.5133972168
1.24092909817 172.70703125 55.345867157
1.24721228348 232.859375 54.9930419922
1.25349546878 179.666015625 54.6345405579
1.25977865409 223.298828125 54.4936141968
1.2660618394 114.232421875 53.9489440918
1.2723450247 203.552734375 53.9525489807
1.27862821001 182.84765625 53.4819908142
1.28491139532 150.47265625 53.3747367859
1.29119458063 141.916015625 52.8334197998
1.29747776593 134.923828125 52.8040618896
1.30376095124 97.412109375 52.3865661621
1.31004413655 147.69140625 52.283996582
1.31632732185 195.185546875 52.0361442566
1.32261050716 90.009765625 51.6526985168
1.32889369247 -17.69921875 51.2051544189
1.33517687778 82.69140625 51.1393737793
1.34146006308 141.908203125 50.8833999634
1.34774324839 67.736328125 50.701789856
1.3540264337 190.228515625 50.641746521
1.360309619 120.37890625 50.239276886
1.36659280431 192.033203125 50.1910667419
1.37287598962 70.486328125 49.6410751343
1.37915917493 156.412109375 49.7001876831
1.38544236023 63.751953125 49.2440223694
1.39172554554 -0.732421875 48.8576202393
1.39800873085 101.826171875 48.8997154236
1.40429191615 14.11328125 48.4435386658
1.41057510146 8.1484375 48.3080215454
1.41685828677 156.259765625 48.2548179626
1.42314147208 34.98828125 47.9781074524
1.42942465738 145.62109375 47.8017311096
1.43570784269 38.150390625 47.4967308044
1.441991028 145.61328125 47.3893699646
1.4482742133 83.30078125 47.2331085205
1.45455739861 4.25390625 46.7558326721
1.46084058392 99.62890625 46.7673835754
1.46712376923 80.412109375 46.4784584045
1.47340695453 66.60546875 46.3572425842
1.47969013984 51.201171875 46.068107605
1.48597332515 41.6171875 45.883895874
1.49225651046 39.6875 45.6988601685
1.49853969576 77.025390625 45.629447937
1.50482288107 47.982421875 45.2294425964
1.51110606638 -9.322265625 45.057975769
1.51738925168 39.666015625 44.8798370361
1.52367243699 64.921875 44.7791519165
1.5299556223 144.63671875 44.6800193787
1.53623880761 3.076171875 44.2888908386
1.54252199291 45.8671875 44.235660553
1.54880517822 16.982421875 44.0101089478
1.55508836353 84.02734375 43.8132972717
1.56137154883 104.40625 43.8490257263
1.56765473414 46.341796875 43.4797897339
1.57393791945 120.4375 43.4326210022
1.58022110476 4.447265625 43.0425224304
1.58650429006 29.060546875 42.9822006226
1.59278747537 37.53515625 42.824924469
1.59907066068 88.18359375 42.6350059509
1.60535384598 39.23046875 42.4501686096
1.61163703129 76.96484375 42.3866424561
1.6179202166 84.626953125 42.1995353699
1.62420340191 6.5625 41.9103126526
1.63048658721 102.482421875 41.9062271118
1.63676977252 111.943359375 41.7510490417
1.64305295783 150.447265625 41.652469635
1.64933614313 128.171875 41.5078315735
1.65561932844 124.27734375 41.2382125854
1.66190251375 175.869140625 41.2598571777
1.66818569906 64.47265625 40.8204956055
1.67446888436 57.822265625 40.8179664612
1.68075206967 131.13671875 40.6841392517
1.68703525498 148.498046875 40.5125045776
1.69331844028 122.34765625 40.3506546021
1.69960162559 61.30859375 40.2324485779
1.7058848109 159.521484375 40.0429725647
1.71216799621 155.013671875 40.0231208801
1.71845118151 149.58984375 39.7719955444
1.72473436682 167.951171875 39.76121521
1.73101755213 164.849609375 39.5554656982
1.73730073744 195.64453125 39.4095535278
1.74358392274 161.529296875 39.3408813477
1.74986710805 209.673828125 39.1821517944
1.75615029336 197.078125 39.0231361389
1.76243347866 176.048828125 38.8789253235
1.76871666397 225.283203125 38.7836952209
1.77499984928 159.216796875 38.5961914062
1.78128303459 157.94921875 38.3792419434
1.78756621989 229.955078125 38.4540901184
1.7938494052 155.712890625 38.0879821777
1.80013259051 206.3203125 38.1776504517
1.80641577581 174.744140625 37.8778495789
1.81269896112 235.478515625 37.9246025085
1.81898214643 263.33984375 37.7409477234
1.82526533174 206.75390625 37.5783309937
1.83154851704 223.189453125 37.4653739929
1.83783170235 235.97265625 37.3569984436
1.84411488766 238.935546875 37.1886825562
1.85039807296 237.837890625 37.1400566101
1.85668125827 222.94140625 36.9378852844
1.86296444358 261.06640625 36.9194869995
1.86924762889 259.96875 36.7312088013
1.87553081419 232.853515625 36.5940322876
1.8818139995 336.681640625 36.631526947
1.88809718481 321.435546875 36.489276886
1.89438037011 377.435546875 36.4585227966
1.90066355542 379.08984375 36.2444725037
1.90694674073 296.140625 36.1038131714
1.91322992604 345.826171875 36.0613327026
1.91951311134 349.279296875 35.8718109131
1.92579629665 358.630859375 35.841468811
1.93207948196 410.5625 35.6988296509
1.93836266726 406.607421875 35.73046875
1.94464585257 457.1875 35.5436172485
1.95092903788 396.7109375 35.4077758789
1.95721222319 500.5390625 35.3846244812
1.96349540849 394.203125 35.1803092957
1.9697785938 404.7421875 35.0747528076
1.97606177911 410.65234375 34.9270706177
1.98234496442 487.994140625 34.9528083801
1.98862814972 469.29296875 34.8370246887
1.99491133503 460.677734375 34.694896698
2.00119452034 537.322265625 34.6934661865
2.00747770564 486.287109375 34.5105400085
2.01376089095 556.98828125 34.5256385803
2.02004407626 523.74609375 34.3291053772
2.02632726157 471.099609375 34.1338119507
2.03261044687 505.650390625 34.1068916321
2.03889363218 514.271484375 34.0646743774
2.04517681749 527.728515625 33.8961982727
2.05146000279 553.052734375 33.8442802429
2.0577431881 605.31640625 33.8042182922
2.06402637341 576.333984375 33.6832580566
2.07030955872 575.23828125 33.5475463867
2.07659274402 662.67578125 33.5688247681
2.08287592933 629.078125 33.4767837524
2.08915911464 627.59375 33.3604354858
2.09544229994 686.73828125 33.2468070984
2.10172548525 692.544921875 33.2626152039
2.10800867056 678.388671875 33.0652542114
2.11429185587 661.9453125 32.9856147766
2.12057504117 643.30078125 32.8643684387
2.12685822648 713.3125 32.8321914673
2.13314141179 709.58984375 32.7331123352
2.13942459709 716.353515625 32.633228302
2.1457077824 783.1953125 32.6359100342
2.15199096771 791.5625 32.5892906189
2.15827415302 830.533203125 32.4403038025
2.16455733832 799.880859375 32.4157981873
2.17084052363 844.28515625 32.2766418457
2.17712370894 882.578125 32.3219871521
2.18340689424 884.701171875 32.2012329102
2.18969007955 964.314453125 32.1687088013
2.19597326486 873.005859375 31.9778404236
2.20225645017 900.16796875 31.9473285675
2.20853963547 979.92578125 31.9325199127
2.21482282078 945.267578125 31.8003520966
2.22110600609 934.25 31.6699714661
2.2273891914 1038.4765625 31.7684364319
2.2336723767 991.14453125 31.5361537933
2.23995556201 1044.0078125 31.5831375122
2.24623874732 1082.74804688 31.4938850403
2.25252193262 1098.60351562 31.4536685944
2.25880511793 1073.5625 31.3428726196
2.26508830324 1130.51953125 31.267326355
2.27137148855 1072.42578125 31.1856117249
2.27765467385 1161.203125 31.1267414093
2.28393785916 1153.1328125 31.0691661835
2.29022104447 1179.95507812 31.026102066
2.29650422977 1135.5625 30.8303604126
2.30278741508 1223.55273438 30.9487304688
2.30907060039 1207.75585938 30.7437343597
2.3153537857 1293.41015625 30.8188800812
2.321636971 1291.8984375 30.6655387878
2.32792015631 1267.09375 30.6329574585
2.33420334162 1340.53125 30.6162967682
2.34048652692 1362.44140625 30.5246315002
2.34676971223 1347.26757812 30.4287471771
2.35305289754 1394.85742188 30.4040966034
2.35933608285 1388.26757812 30.3248252869
2.36561926815 1405.60742188 30.3019866943
2.37190245346 1462.53125 30.1959247589
2.37818563877 1507.99414062 30.2357883453
2.38446882407 1471.8125 30.074590683
2.39075200938 1484.98242188 30.0431613922
2.39703519469 1617.75195312 30.1021823883
2.40331838 1625.38867188 30.0028610229
2.4096015653 1560.97265625 29.8520717621
2.41588475061 1613.890625 29.848815918
2.42216793592 1664.12304688 29.7923603058
2.42845112122 1687.62695312 29.8174610138
2.43473430653 1675.17578125 29.6539611816
2.44101749184 1722.38085938 29.6715145111
2.44730067715 1762.84570312 29.5773887634
2.45358386245 1740.88671875 29.5582427979
2.45986704776 1844.984375 29.524477005
2.46615023307 1922.0625 29.5555343628
2.47243341838 1866.9296875 29.4271697998
2.47871660368 1936.01953125 29.4359130859
2.48499978899 1921.53710938 29.3116645813
2.4912829743 1925.50195312 29.2497653961
2.4975661596 2057.36328125 29.3405437469
2.50384934491 1990.04296875 29.1562519073
2.51013253022 2074.15039062 29.182592392
2.51641571553 2156.84179688 29.2070674896
2.52269890083 2142.1015625 29.0746440887
2.52898208614 2179.7578125 29.1052799225
2.53526527145 2255.24023438 29.0568809509
2.54154845675 2276.22265625 29.0316181183
2.54783164206 2200.46875 28.8639469147
2.55411482737 2292.60546875 28.9340457916
2.56039801268 2328.08007812 28.8612861633
2.56668119798 2376.48242188 28.80219841
2.57296438329 2390.35546875 28.7968063354
2.5792475686 2505.95507812 28.8305664062
2.5855307539 2415.30664062 28.6428031921
2.59181393921 2554.24414062 28.7472515106
2.59809712452 2536.1875 28.6445236206
2.60438030983 2598.8359375 28.6628665924
2.61066349513 2682.625 28.6081180573
2.61694668044 2680.46679688 28.6020812988
2.62322986575 2736.27929688 28.5766086578
2.62951305105 2742.09960938 28.4693984985
2.63579623636 2849.22070312 28.5456619263
2.64207942167 2867.88867188 28.4727115631
2.64836260698 2857.3046875 28.407119751
2.65464579228 2954.71679688 28.4109783173
2.66092897759 2962.19726562 28.3650169373
2.6672121629 3042.30078125 28.4001579285
2.6734953482 3073.56445312 28.3010158539
2.67977853351 3135.36132812 28.3420600891
2.68606171882 3155.93554688 28.2716655731
2.69234490413 3186.08007812 28.2637081146
2.69862808943 3257.05273438 28.2494220734
2.70491127474 3292.77539062 28.2327785492
2.71119446005 3355.89453125 28.2051715851
2.71747764536 3397.77148438 28.1766777039
2.72376083066 3445.9921875 28.1472873688
2.73004401597 3488.99414062 28.1075382233
2.73632720128 3521.88476562 28.1393203735
2.74261038658 3592.39648438 28.1040859222
2.74889357189 3603.0 28.0182628632
2.7551767572 3714.37304688 28.106595993
2.76145994251 3763.78125 28.0407619476
2.76774312781 3827.15039062 28.0676193237
2.77402631312 3843.06054688 27.9990215302
2.78030949843 3890.56445312 27.9955539703
2.78659268373 4002.90234375 28.0345745087
2.79287586904 4053.83398438 28.0163478851
2.79915905435 4071.73242188 27.9362125397
2.80544223966 4150.97070312 27.9848003387
2.81172542496 4230.08203125 27.9498214722
2.81800861027 4271.97851562 28.0214538574
2.82429179558 4319.21289062 27.8823661804
2.83057498088 4369.65820312 27.9113082886
2.83685816619 4426.38867188 27.9000320435
2.8431413515 4520.24414062 27.929983139
2.84942453681 4500.18164062 27.8421001434
2.85570772211 4649.1640625 27.9126777649
2.86199090742 4742.78710938 27.9418430328
2.86827409273 4774.2109375 27.8987178802
2.87455727803 4875.125 27.9188289642
2.88084046334 4955.93554688 27.9482059479
2.88712364865 5074.734375 27.9693870544
2.89340683396 5076.70703125 27.9436016083
2.89969001926 5121.47851562 27.8965930939
2.90597320457 5229.609375 27.9442062378
2.91225638988 5302.22460938 27.9082012177
2.91853957518 5393.76757812 27.9684581757
2.92482276049 5449.74804688 27.9293937683
2.9311059458 5465.34765625 27.8869819641
2.93738913111 5646.7265625 28.0009651184
2.94367231641 5705.23046875 27.9756355286
2.94995550172 5781.03125 27.9718379974
2.95623868703 5845.87109375 28.0038089752
2.96252187234 5980.42578125 28.0097789764
2.96880505764 6004.68359375 28.0056209564
2.97508824295 6138.796875 28.0524940491
2.98137142826 6182.97265625 28.0253372192
2.98765461356 6250.18359375 28.0135974884
2.99393779887 6349.8203125 28.0603160858
3.00022098418 6482.7421875 28.1187725067
3.00650416949 6570.1953125 28.1166629791
3.01278735479 6683.44140625 28.144952774
3.0190705401 6752.32421875 28.1607017517
3.02535372541 6816.21484375 28.1231365204
3.03163691071 6941.76171875 28.2043361664
3.03792009602 7024.33984375 28.1728382111
3.04420328133 7128.15625 28.2392520905
3.05048646664 7267.01953125 28.2864456177
3.05676965194 7325.19921875 28.2841796875
3.06305283725 7416.16015625 28.2715244293
3.06933602256 7547.32421875 28.350271225
3.07561920786 7656.6953125 28.3426074982
3.08190239317 7779.78515625 28.440530777
3.08818557848 7879.11328125 28.4150829315
3.09446876379 7969.44140625 28.4677791595
3.10075194909 8081.18359375 28.4537448883
3.1070351344 8179.89453125 28.5310459137
3.11331831971 8362.53125 28.577091217
3.11960150501 8471.18359375 28.6478118896
3.12588469032 8616.95703125 28.6605434418
3.13216787563 8670.41796875 28.681678772
3.13845106094 8822.97265625 28.7362422943
3.14473424624 8975.05078125 28.7849349976
3.15101743155 9133.6328125 28.8917961121
3.15730061686 9243.109375 28.8873729706
3.16358380216 9345.44921875 28.9120826721
3.16986698747 9497.1484375 28.9969768524
3.17615017278 9576.87109375 28.9555644989
3.18243335809 9730.328125 29.0821628571
3.18871654339 9867.4921875 29.0759677887
3.1949997287 10057.1054688 29.1964645386
3.20128291401 10144.265625 29.1965751648
3.20756609932 10256.0820312 29.2672176361
3.21384928462 10398.6523438 29.2586936951
3.22013246993 10553.1445312 29.4006328583
3.22641565524 10586.34375 29.4391365051
3.23269884054 10664.2929688 29.5596466064
3.23898202585 10651.4335938 29.5426521301
3.24526521116 10718.2578125 29.6519298553
3.25154839647 10766.7734375 29.7097015381
3.25783158177 10806.3789062 29.7725887299
3.26411476708 10845.6132812 29.8250217438
3.27039795239 10918.6289062 29.9367485046
3.27668113769 10892.0078125 29.9114532471
3.282964323 11025.34375 30.0759468079
3.28924750831 11049.4492188 30.1235179901
3.29553069362 11136.7070312 30.2255477905
3.30181387892 11201.9257812 30.2907238007
3.30809706423 11228.5859375 30.3898010254
3.31438024954 11253.3398438 30.4047489166
3.32066343484 11317.0195312 30.5134124756
3.32694662015 11409.3359375 30.6165103912
3.33322980546 11379.7929688 30.6060390472
3.33951299077 11442.1367188 30.7044124603
3.34579617607 11546.6875 30.8309783936
3.35207936138 11566.2265625 30.8763275146
3.35836254669 11629.125 30.9811859131
3.36464573199 11685.9765625 31.058216095
3.3709289173 11689.6835938 31.071434021
3.37721210261 11766.1289062 31.2144680023
3.38349528792 11843.0742188 31.2639579773
3.38977847322 11921.1210938 31.3957805634
3.39606165853 11941.9453125 31.4635238647
3.40234484384 12044.09375 31.570936203
3.40862802914 12108.6835938 31.6890411377
3.41491121445 12128.8164062 31.6794815063
3.42119439976 12247.8867188 31.9012260437
3.42747758507 12271.1367188 31.8978729248
3.43376077037 12361.890625 32.0370330811
3.44004395568 12442.1640625 32.1482009888
3.44632714099 12477.7148438 32.2267303467
3.4526103263 12519.4414062 32.2723999023
3.4588935116 12599.3632812 32.4373207092
3.46517669691 12681.0078125 32.498336792
3.47145988222 12718.4375 32.6052932739
3.47774306752 12858.328125 32.7372093201
3.48402625283 12912.265625 32.8570785522
3.49030943814 12955.6835938 32.9543800354
3.49659262345 12989.7734375 32.9669456482
3.50287580875 13034.7109375 33.1244659424
3.50915899406 13099.8085938 33.1976623535
3.51544217937 13215.7109375 33.3382720947
3.52172536467 13256.7929688 33.4301605225
3.52800854998 13331.3867188 33.5420036316
3.53429173529 13449.2109375 33.6882209778
3.5405749206 13542.1289062 33.7897949219
3.5468581059 13550.2578125 33.9152565002
3.55314129121 13634.5429688 33.9401817322
3.55942447652 13746.2382812 34.1829528809
3.56570766182 13768.0195312 34.2154083252
3.57199084713 13906.0625 34.3995361328
3.57827403244 14024.328125 34.5305557251
3.58455721775 14024.3789062 34.6195793152
3.59084040305 14119.4296875 34.7574958801
3.59712358836 14206.7929688 34.8737335205
3.60340677367 14234.9257812 34.9420013428
3.60968995897 14371.2460938 35.1667289734
3.61597314428 14427.5820312 35.2061309814
3.62225632959 14494.5976562 35.3824005127
3.6285395149 14607.4414062 35.5145568848
3.6348227002 14646.65625 35.6056938171
3.64110588551 14771.6523438 35.7537231445
3.64738907082 14851.3554688 35.9098243713
3.65367225612 14975.2421875 36.1159706116
3.65995544143 15020.7460938 36.1769790649
3.66623862674 15148.4101562 36.3524627686
3.67252181205 15235.7382812 36.5371704102
3.67880499735 15289.9648438 36.6142311096
3.68508818266 15426.78125 36.8250045776
3.69137136797 15472.5703125 36.9270896912
3.69765455328 15591.0273438 37.094997406
3.70393773858 15692.5703125 37.2653617859
3.71022092389 15774.8320312 37.3959693909
3.7165041092 15862.4648438 37.5524749756
3.7227872945 16002.3085938 37.7603378296
3.72907047981 16120.4804688 37.9288368225
3.73535366512 16112.0742188 38.0149230957
3.74163685043 16346.9609375 38.2825393677
3.74792003573 16449.3984375 38.4605178833
3.75420322104 16621.7265625 38.6580657959
3.76048640635 16637.4765625 38.7975082397
3.76676959165 16860.6367188 39.0798301697
3.77305277696 16864.5742188 39.1782035828
3.77933596227 16969.1953125 39.2612762451
3.78561914758 17089.3632812 39.568069458
3.79190233288 17272.9921875 39.7477264404
3.79818551819 17325.625 39.9183197021
3.8044687035 17363.5585938 40.0285263062
3.8107518888 17595.2695312 40.3578948975
3.81703507411 17711.5546875 40.5225410461
3.82331825942 17776.09375 40.6702919006
3.82960144473 17848.1679688 40.835067749
3.83588463003 17927.4296875 41.0355911255
3.84216781534 18225.5976562 41.3427200317
3.84845100065 18237.890625 41.5132827759
3.85473418595 18402.859375 41.7325363159
3.86101737126 18574.484375 42.0139083862
3.86730055657 18657.3320312 42.1947402954
3.87358374188 18759.8046875 42.3597297668
3.87986692718 18869.0273438 42.6078262329
3.88615011249 19109.625 42.8757362366
3.8924332978 19136.9570312 43.0865135193
3.8987164831 19324.578125 43.3109741211
3.90499966841 19420.9882812 43.523563385
3.91128285372 19573.7304688 43.8494262695
3.91756603903 19738.8203125 44.0391960144
3.92384922433 19899.4921875 44.349822998
3.93013240964 20040.2265625 44.5724258423
3.93641559495 20200.2109375 44.9133071899
3.94269878026 20347.4570312 45.0774650574
3.94898196556 20572.9726562 45.4509086609
3.95526515087 20631.21875 45.6613998413
3.96154833618 20862.4414062 46.0283889771
3.96783152148 20919.8828125 46.1576576233
3.97411470679 21211.890625 46.6336364746
3.9803978921 21271.9101562 46.7837219238
3.98668107741 21448.4335938 47.1500244141
3.99296426271 21762.890625 47.4951171875
3.99924744802 21777.0 47.7463684082
4.00553063333 21959.5039062 48.02186203
4.01181381863 22242.5234375 48.4585151672
4.01809700394 22339.5078125 48.6983337402
4.02438018925 22539.84375 49.0620307922
4.03066337456 22616.6015625 49.3099594116
4.03694655986 22818.3984375 49.6108551025
4.04322974517 23028.5507812 49.9865913391
4.04951293048 23191.2851562 50.3604240417
4.05579611578 23452.7851562 50.763420105
4.06207930109 23551.9960938 51.0813522339
4.0683624864 23849.9960938 51.4295082092
4.07464567171 24018.203125 51.9235115051
4.08092885701 24189.5 52.1741485596
4.08721204232 24458.7851562 52.6196861267
4.09349522763 24589.5273438 53.0175590515
4.09977841293 24712.1210938 53.2931213379
4.10606159824 24961.6992188 53.727645874
4.11234478355 25174.2929688 54.1708602905
4.11862796886 25519.9453125 54.6758041382
4.12491115416 25712.765625 55.201374054
4.13119433947 25848.1796875 55.4343490601
4.13747752478 25965.15625 55.8147315979
4.14376071008 26264.453125 56.3108100891
4.15004389539 26487.4609375 56.7865943909
4.1563270807 26695.7460938 57.2432327271
4.16261026601 26901.5625 57.652053833
4.16889345131 27215.3007812 58.2587661743
4.17517663662 27396.90625 58.677482605
4.18145982193 27539.5117188 59.0424232483
4.18774300724 27808.3828125 59.5848693848
4.19402619254 27996.9296875 60.1141815186
4.20030937785 28151.4140625 60.5230178833
4.20659256316 28418.8867188 60.9711761475
4.21287574846 28657.5273438 61.6777076721
4.21915893377 28976.4335938 62.1554489136
4.22544211908 29182.8867188 62.6932678223
4.23172530439 29382.1953125 63.2102584839
4.23800848969 29728.4570312 63.9477043152
4.244291675 29993.109375 64.4930267334
4.25057486031 30317.4882812 65.064956665
4.25685804561 30510.0546875 65.7368469238
4.26314123092 30728.1054688 66.2674026489
4.26942441623 31021.9921875 66.9216461182
4.27570760154 31230.5507812 67.5012359619
4.28199078684 31524.5429688 68.1737670898
4.28827397215 31765.0234375 68.8252410889
4.29455715746 32057.8515625 69.4466705322
4.30084034276 32214.5546875 70.0627288818
4.30712352807 32520.46875 70.7870101929
4.31340671338 32794.0429688 71.4820632935
4.31968989869 33076.21875 72.3148193359
4.32597308399 33349.5390625 72.8470077515
4.3322562693 33725.6640625 73.8271560669
4.33853945461 33812.4257812 74.3623123169
4.34482263991 34030.8164062 74.9729309082
4.35110582522 34216.1835938 75.8281097412
4.35738901053 34636.4882812 76.5936584473
4.36367219584 34932.5625 77.5217285156
4.36995538114 35341.90625 78.4684829712
4.37623856645 35512.7695312 79.2827606201
4.38252175176 35854.3945312 80.227722168
4.38880493706 35927.4335938 80.6399765015
4.39508812237 36253.6132812 81.830909729
4.40137130768 36578.4921875 82.6262130737
4.40765449299 36633.8125 83.3461456299
4.41393767829 37058.1953125 84.4017562866
4.4202208636 37553.0351562 85.6245651245
4.42650404891 37553.7890625 86.4737701416
4.43278723422 37893.3828125 87.150932312
4.43907041952 37954.5273438 88.2779998779
4.44535360483 38500.6875 89.3968505859
4.45163679014 38666.125 90.5117263794
4.45791997544 38857.0546875 91.3564529419
4.46420316075 38932.1796875 92.1585540771
4.47048634606 39078.65625 93.3194503784
4.47676953137 39615.2734375 94.6464080811
4.48305271667 39551.6640625 95.3980407715
4.48933590198 39907.9765625 96.7644577026
4.49561908729 40129.953125 97.9813842773
4.50190227259 40264.15625 99.1464538574
4.5081854579 40611.2109375 100.242195129
4.51446864321 40325.8125 100.995765686
4.52075182852 40724.953125 102.525985718
4.52703501382 40779.4609375 103.576507568
4.53331819913 40712.546875 104.458724976
4.53960138444 40925.6328125 105.914642334
4.54588456974 40907.765625 107.071266174
4.55216775505 41183.8125 108.505432129
4.55845094036 41225.6953125 109.592567444
4.56473412567 41272.5546875 110.959693909
4.57101731097 41160.328125 111.691497803
4.57730049628 41366.015625 112.9713974
4.58358368159 41684.828125 114.633743286
4.58986686689 41730.5234375 115.748733521
4.5961500522 41994.875 117.243598938
4.60243323751 41986.3125 118.296340942
4.60871642282 42637.8359375 120.350372314
4.61499960812 42612.3125 121.632369995
4.62128279343 43058.796875 123.235221863
4.62756597874 42926.125 124.233383179
4.63384916404 43278.3046875 125.95803833
4.64013234935 43475.578125 127.573822021
4.64641553466 43713.015625 128.918670654
4.65269871997 43806.84375 130.201538086
4.65898190527 44161.1015625 132.18447876
4.66526509058 44416.5 133.800750732
4.67154827589 44754.28125 135.483062744
4.6778314612 44958.9140625 137.071685791
4.6841146465 45416.5078125 139.459411621
4.69039783181 45542.5546875 140.739807129
4.69668101712 45921.9140625 142.582687378
4.70296420242 46005.4296875 144.443893433
4.70924738773 46440.546875 146.570083618
4.71553057304 46448.3125 147.523620605
4.72181375835 46931.0234375 150.046020508
4.72809694365 47261.8984375 152.148086548
4.73438012896 47270.5078125 153.568084717
4.74066331427 47687.578125 155.507354736
4.74694649957 48085.140625 158.152374268
4.75322968488 48407.25 160.091796875
4.75951287019 48578.6484375 161.980789185
4.7657960555 48979.0703125 164.419570923
4.7720792408 49478.3671875 166.859176636
4.77836242611 49920.65625 169.589523315
4.78464561142 50104.0 171.634109497
4.79092879672 50662.625 174.00038147
4.79721198203 50879.203125 176.646820068
4.80349516734 50753.84375 178.308105469
4.80977835265 51668.7734375 181.568161011
4.81606153795 51793.3671875 183.768585205
4.82234472326 52247.96875 186.747161865
4.82862790857 52822.078125 190.226547241
4.83491109387 53463.9765625 192.688812256
4.84119427918 53533.0859375 195.498794556
4.84747746449 54055.640625 198.908798218
4.8537606498 54362.390625 201.324172974
4.8600438351 54891.6015625 204.368896484
4.86632702041 55103.8359375 207.610183716
4.87261020572 55584.9921875 210.643997192
4.87889339102 56226.0390625 214.315979004
4.88517657633 56592.359375 217.426757812
4.89145976164 57144.2734375 221.74230957
4.89774294695 57480.859375 224.743255615
4.90402613225 58233.9375 228.692199707
4.91030931756 58211.6328125 231.386749268
4.91659250287 58903.921875 235.853393555
4.92287568818 59353.1015625 239.692123413
4.92915887348 60173.2265625 244.301483154
4.93544205879 60496.671875 247.513641357
4.9417252441 61137.40625 253.123138428
4.9480084294 61411.296875 256.50958252
4.95429161471 61725.9296875 259.365661621
4.96057480002 62871.9375 266.638793945
4.96685798533 63048.1640625 270.924224854
4.97314117063 63567.28125 273.954193115
4.97942435594 64352.3984375 279.635467529
4.98570754125 65353.15625 287.201599121
4.99199072655 65818.4609375 292.374603271
4.99827391186 66311.4140625 295.355163574
5.00455709717 67355.4375 303.442077637
5.01084028248 67619.125 308.625488281
5.01712346778 67853.1171875 313.578948975
5.02340665309 67924.5546875 315.283111572
5.0296898384 68858.9453125 323.986083984
5.0359730237 70062.609375 332.671081543
5.04225620901 71569.84375 341.27722168
5.04853939432 70746.765625 343.086242676
5.05482257963 72211.859375 352.488952637
5.06110576493 72518.078125 360.767944336
5.06738895024 73540.375 365.174621582
5.07367213555 74659.0859375 376.003570557
5.07995532085 75566.71875 385.900817871
5.08623850616 75502.1484375 390.553527832
5.09252169147 76804.125 399.337310791
5.09880487678 77670.890625 408.54486084
5.10508806208 78392.0859375 419.56842041
5.11137124739 79746.96875 430.263549805
5.1176544327 80630.703125 437.987609863
5.123937618 80746.5859375 446.872467041
5.13022080331 82652.3515625 462.361968994
5.13650398862 82250.1875 466.291290283
5.14278717393 83456.28125 476.992553711
5.14907035923 84467.703125 492.997924805
5.15535354454 84292.0 502.349029541
5.16163672985 86392.4609375 512.19708252
5.16791991516 87181.8125 526.601196289
5.17420310046 87385.4453125 538.574462891
5.18048628577 88844.703125 556.522460938
5.18676947108 89978.7890625 565.120178223
5.19305265638 90770.703125 582.58026123
5.19933584169 91805.6875 599.75958252
5.205619027 92512.59375 612.292053223
5.21190221231 94852.71875 632.993225098
5.21818539761 96069.2890625 654.805541992
5.22446858292 96274.515625 673.429870605
5.23075176823 97749.9453125 683.231323242
5.23703495353 100662.265625 714.417053223
5.24331813884 100901.484375 738.532714844
5.24960132415 101120.507812 758.0703125
5.25588450946 104137.765625 773.90411377
5.26216769476 104133.09375 794.576599121
5.26845088007 105442.03125 832.92376709
5.27473406538 106724.0625 857.549072266
5.28101725068 107873.375 868.051086426
5.28730043599 109149.25 905.225036621
5.2935836213 109928.265625 937.941955566
5.29986680661 111490.296875 969.174682617
5.30614999191 113149.375 994.373840332
5.31243317722 115582.015625 1043.10913086
5.31871636253 115568.828125 1084.08825684
5.32499954783 117287.296875 1098.60009766
5.33128273314 119505.46875 1154.67993164
5.33756591845 121309.5625 1216.08544922
5.34384910376 122820.546875 1272.05493164
5.35013228906 124132.359375 1263.34204102
5.35641547437 124636.8125 1347.0715332
5.36269865968 125666.109375 1420.60107422
5.36898184498 127598.78125 1464.88061523
5.37526503029 132773.921875 1502.33557129
5.3815482156 133036.953125 1624.30212402
5.38783140091 134947.515625 1754.51025391
5.39411458621 137095.78125 1740.6373291
5.40039777152 142363.234375 1828.36047363
5.40668095683 139859.328125 1959.96826172
5.41296414214 140764.90625 2169.97558594
5.41924732744 145170.1875 2070.32495117
5.42553051275 144230.859375 2163.35229492
5.43181369806 144146.4375 2393.50830078
5.43809688336 146682.65625 2741.72973633
5.44438006867 148708.9375 2479.87524414
5.45066325398 153747.84375 2751.03808594
5.45694643929 158694.796875 3217.68310547
5.46322962459 154669.78125 3552.19238281
5.4695128099 159583.453125 3274.55810547
5.47579599521 166265.375 3673.00634766
5.48207918051 160668.15625 4315.72167969
5.48836236582 174362.9375 5025.33886719
5.49464555113 173096.734375 4653.18554688
5.50092873644 170155.109375 5054.18798828
5.50721192174 177099.4375 7736.59423828
5.51349510705 167200.125 6015.06347656
5.51977829236 180019.90625 7131.16894531
5.52606147766 178671.390625 8213.26757812
5.53234466297 167367.875 12478.4892578
5.53862784828 189763.078125 11369.4667969
5.54491103359 195389.125 14738.1796875
5.55119421889 223775.234375 22533.9765625
5.5574774042 277758.625 53078.2148438
5.56376058951 197846.671875 42520.8476562
5.57004377481 183628.21875 112667.046875
