0.00942477796077 316169.625 184903.171875
0.0157079632679 356134.0625 123010.640625
0.0219911485751 263469.25 69077.859375
0.0282743338823 333590.25 63244.9335938
0.0345575191895 237195.25 41046.9921875
0.0408407044967 198222.25 35795.2265625
0.0471238898038 185765.75 27917.3066406
0.053407075111 163439.71875 24698.7597656
0.0596902604182 166425.90625 21372.5957031
0.0659734457254 132477.0 18535.2714844
0.0722566310326 141575.9375 17258.1445312
0.0785398163397 130255.96875 15318.421875
0.0848230016469 132649.6875 14047.4248047
0.0911061869541 95268.6875 12513.7294922
0.0973893722613 100494.46875 11503.8232422
0.103672557568 116096.40625 11476.5839844
0.109955742876 97847.90625 10119.5917969
0.116238928183 88401.6875 9530.26660156
0.12252211349 71416.4375 8589.26953125
0.128805298797 70809.59375 8207.66308594
0.135088484104 77470.25 7979.06445312
0.141371669412 67556.40625 7426.46826172
0.147654854719 73946.0625 7167.42285156
0.153938040026 73824.84375 6990.17675781
0.160221225333 60730.59375 6372.15917969
0.16650441064 54246.875 6117.92382812
0.172787595947 62715.09375 5930.48486328
0.179070781255 48606.125 5684.8359375
0.185353966562 38784.1875 5210.98632812
0.191637151869 42300.15625 5212.48486328
0.197920337176 45280.1875 4953.16259766
0.204203522483 48594.25 4930.19726562
0.210486707791 49299.0625 4736.5078125
0.216769893098 49089.59375 4630.54833984
0.223053078405 34136.8125 4319.67333984
0.229336263712 43451.65625 4310.53125
0.235619449019 44794.34375 4219.93847656
0.241902634326 40690.625 4053.7109375
0.248185819634 39445.5 3930.91308594
0.254469004941 39721.25 3865.55322266
0.260752190248 31151.25 3656.13769531
0.267035375555 33763.34375 3614.76318359
0.273318560862 36728.9375 3531.29882812
0.279601746169 34484.15625 3454.13183594
0.285884931477 29505.0625 3330.24829102
0.292168116784 29037.8125 3278.16674805
0.298451302091 32708.15625 3210.5715332
0.304734487398 30645.65625 3142.31518555
0.311017672705 32048.84375 3073.86352539
0.317300858013 29664.40625 3013.73339844
0.32358404332 21234.4375 2861.33740234
0.329867228627 23135.0 2849.58300781
0.336150413934 23401.5 2774.88330078
0.342433599241 27723.21875 2792.99291992
0.348716784548 24157.40625 2678.02832031
0.354999969856 21872.78125 2637.02392578
0.361283155163 24344.125 2609.88354492
0.36756634047 21791.59375 2529.96069336
0.373849525777 23881.90625 2517.67993164
0.380132711084 21622.40625 2443.94750977
0.386415896392 25551.84375 2444.47509766
0.392699081699 18216.59375 2361.24462891
0.398982267006 21909.375 2320.86572266
0.405265452313 19480.40625 2309.04882812
0.41154863762 19830.96875 2236.93359375
0.417831822927 19006.8125 2232.11865234
0.424115008235 19613.1875 2184.11083984
0.430398193542 19498.71875 2150.80322266
0.436681378849 22992.28125 2145.66870117
0.442964564156 16086.34375 2078.73364258
0.449247749463 20076.03125 2070.88500977
0.455530934771 16123.71875 2018.94604492
0.461814120078 19404.28125 1993.015625
0.468097305385 18305.90625 1984.22009277
0.474380490692 17490.375 1936.53979492
0.480663675999 17974.53125 1927.64453125
0.486946861306 17878.0 1896.85803223
0.493230046614 16778.4375 1868.97998047
0.499513231921 18490.875 1852.86364746
0.505796417228 15240.5 1816.41113281
0.512079602535 15293.34375 1788.87304688
0.518362787842 15904.5 1764.43640137
0.524645973149 17161.875 1759.18701172
0.530929158457 16271.96875 1736.19042969
0.537212343764 14222.0625 1696.38317871
0.543495529071 11462.25 1671.26391602
0.549778714378 14094.4375 1660.08251953
0.556061899685 14682.6875 1656.82946777
0.562345084993 11794.6875 1604.35144043
0.5686282703 12297.8125 1600.31555176
0.574911455607 13552.9375 1589.05969238
0.581194640914 11336.03125 1560.20996094
0.587477826221 14740.90625 1558.6607666
0.593761011528 15629.59375 1547.53234863
0.600044196836 9702.71875 1503.29504395
0.606327382143 12857.78125 1507.43139648
0.61261056745 11986.09375 1479.47009277
0.618893752757 11318.21875 1465.60510254
0.625176938064 10127.40625 1445.61035156
0.631460123372 12537.25 1443.78625488
0.637743308679 12358.875 1421.82788086
0.644026493986 9951.71875 1406.21337891
0.650309679293 11589.625 1393.0859375
0.6565928646 12831.25 1388.19824219
0.662876049907 10436.15625 1364.79724121
0.669159235215 10249.34375 1352.97509766
0.675442420522 12422.96875 1343.07543945
0.681725605829 8181.875 1324.6986084
0.688008791136 8279.5 1303.18444824
0.694291976443 9802.03125 1306.80212402
0.700575161751 11071.84375 1288.46020508
0.706858347058 10221.84375 1281.06286621
0.713141532365 7015.40625 1255.2109375
0.719424717672 9628.09375 1254.28234863
0.725707902979 7995.28125 1237.33044434
0.731991088286 8729.59375 1231.28515625
0.738274273594 9224.65625 1220.10656738
0.744557458901 9941.65625 1216.5357666
0.750840644208 7913.96875 1197.25073242
0.757123829515 7062.53125 1183.12097168
0.763407014822 10357.125 1184.31140137
0.769690200129 8624.375 1170.81970215
0.775973385437 7099.3125 1152.17687988
0.782256570744 6775.0 1145.69787598
0.788539756051 8742.46875 1138.89550781
0.794822941358 7232.3125 1135.35241699
0.801106126665 5965.78125 1113.23669434
0.807389311973 9387.65625 1118.80639648
0.81367249728 7022.3125 1099.43847656
0.819955682587 6031.21875 1090.640625
0.826238867894 9574.65625 1092.17871094
0.832522053201 5136.0625 1069.5065918
0.838805238508 6925.65625 1065.40161133
0.845088423816 7525.40625 1067.0090332
0.851371609123 6849.09375 1051.17370605
0.85765479443 6106.03125 1041.31262207
0.863937979737 6837.25 1037.72131348
0.870221165044 5071.125 1023.80651855
0.876504350352 4672.625 1017.15081787
0.882787535659 6061.5625 1010.79437256
0.889070720966 6638.53125 1008.08105469
0.895353906273 4403.6875 994.510070801
0.90163709158 4468.6875 984.926696777
0.907920276887 6404.8125 987.24041748
0.914203462195 5501.3125 972.830810547
0.920486647502 5652.21875 972.278015137
0.926769832809 4348.75 958.285644531
0.933053018116 4780.09375 954.82434082
0.939336203423 5458.125 948.192321777
0.945619388731 6192.90625 948.703430176
0.951902574038 6495.34375 939.54486084
0.958185759345 6205.71875 935.008361816
0.964468944652 6611.5 924.736999512
0.970752129959 5406.96875 920.070739746
0.977035315266 5766.21875 914.351257324
0.983318500574 4208.625 905.51184082
0.989601685881 3815.1875 897.418334961
0.995884871188 4726.71875 893.348571777
1.0021680565 4678.78125 888.408996582
1.0084512418 4053.09375 883.166320801
1.01473442711 5621.8125 877.591003418
1.02101761242 4730.96875 871.750610352
1.02730079772 3597.1875 864.69342041
1.03358398303 3760.0 858.547668457
1.03986716834 4708.9375 855.865478516
1.04615035365 6729.5 857.267150879
1.05243353895 4199.78125 844.019104004
1.05871672426 4109.96875 841.5546875
1.06499990957 5825.0 836.903564453
1.07128309487 3858.15625 829.40222168
1.07756628018 5678.1875 828.132202148
1.08384946549 4514.125 821.474365234
1.0901326508 4324.8125 816.035949707
1.0964158361 3632.875 809.286254883
1.10269902141 5126.5 807.749755859
1.10898220672 5126.5 804.980529785
1.11526539202 3885.25 797.813232422
1.12154857733 4493.5 793.346069336
1.12783176264 3742.8125 786.182861328
1.13411494795 5758.25 787.108703613
1.14039813325 4338.78125 781.402404785
1.14668131856 5359.59375 777.439575195
1.15296450387 2915.0625 766.601623535
1.15924768917 3416.90625 766.497375488
1.16553087448 4513.46875 762.866821289
1.17181405979 2168.71875 755.016906738
1.1780972451 2336.46875 748.616577148
1.1843804304 2917.6875 750.711914062
1.19066361571 2549.75 742.378967285
1.19694680102 3214.40625 742.451538086
1.20322998632 3370.84375 734.855041504
1.20951317163 2710.28125 734.13269043
1.21579635694 3564.75 728.784484863
1.22207954225 3832.125 727.503112793
1.22836272755 3083.375 720.378967285
1.23464591286 5553.5 722.651123047
1.24092909817 2943.625 715.898925781
1.24721228348 3448.75 710.78704834
1.25349546878 3826.4375 708.282714844
1.25977865409 3942.5625 705.560913086
1.2660618394 3165.8125 699.765930176
1.2723450247 4393.96875 699.949951172
1.27862821001 3196.75 692.028198242
1.28491139532 4075.5 693.177307129
1.29119458063 4875.78125 687.911499023
1.29747776593 3504.375 685.051513672
1.30376095124 4430.4375 682.351074219
1.31004413655 2676.875 676.40246582
1.31632732185 4286.28125 675.089172363
1.32261050716 3345.46875 670.917907715
1.32889369247 3484.28125 668.006713867
1.33517687778 3056.75 663.88659668
1.34146006308 3511.90625 659.979003906
1.34774324839 1979.78125 656.561706543
1.3540264337 3161.09375 655.034118652
1.360309619 4103.125 653.227966309
1.36659280431 3470.09375 649.729003906
1.37287598962 3869.125 646.206176758
1.37915917493 3930.875 645.052307129
1.38544236023 3836.75 641.137634277
1.39172554554 4607.6875 639.004699707
1.39800873085 3238.21875 634.69152832
1.40429191615 3538.6875 631.336425781
1.41057510146 2632.03125 628.096069336
1.41685828677 3114.21875 624.853637695
1.42314147208 4292.53125 626.12109375
1.42942465738 3546.4375 619.984619141
1.43570784269 2769.59375 617.106750488
1.441991028 2934.3125 613.573974609
1.4482742133 3979.625 614.762695312
1.45455739861 3602.5 609.672729492
1.46084058392 4471.59375 609.180664062
1.46712376923 4065.4375 605.151184082
1.47340695453 2942.03125 601.965698242
1.47969013984 3227.0625 599.032775879
1.48597332515 3693.6875 597.63482666
1.49225651046 3863.375 595.552246094
1.49853969576 4017.78125 594.090942383
1.50482288107 3517.65625 588.680114746
1.51110606638 3255.15625 587.250732422
1.51738925168 2003.5 581.809448242
1.52367243699 4003.75 583.256408691
1.5299556223 4076.65625 580.385070801
1.53623880761 2969.21875 576.497253418
1.54252199291 2620.96875 574.33203125
1.54880517822 4152.125 574.491333008
1.55508836353 3745.625 569.860473633
1.56137154883 3164.65625 568.964111328
1.56765473414 2614.96875 564.498779297
1.57393791945 2921.03125 562.841796875
1.58022110476 4242.40625 562.263183594
1.58650429006 3491.8125 559.779846191
1.59278747537 3091.34375 556.927062988
1.59907066068 2450.4375 552.423278809
1.60535384598 2976.15625 551.839233398
1.61163703129 3233.0 550.649597168
1.6179202166 3153.4375 547.941345215
1.62420340191 3679.75 546.562316895
1.63048658721 3122.3125 543.728515625
1.63676977252 3192.84375 541.635192871
1.64305295783 3485.15625 540.040222168
1.64933614313 3899.40625 539.234680176
1.65561932844 3313.71875 534.923034668
1.66190251375 3990.65625 535.215393066
1.66818569906 3488.5 530.930236816
1.67446888436 3969.28125 531.74822998
1.68075206967 3274.1875 527.544128418
1.68703525498 4067.5 526.161865234
1.69331844028 4245.15625 524.825012207
1.69960162559 3442.65625 523.274841309
1.7058848109 4122.78125 519.934875488
1.71216799621 4761.0625 520.698303223
1.71845118151 4863.15625 517.682739258
1.72473436682 3913.03125 515.811767578
1.73101755213 3833.5 513.08581543
1.73730073744 3680.25 510.396697998
1.74358392274 4837.25 511.809997559
1.74986710805 4450.0625 508.293701172
1.75615029336 4334.4375 506.29901123
1.76243347866 3646.90625 503.838043213
1.76871666397 4412.34375 502.784362793
1.77499984928 5360.9375 502.904510498
1.78128303459 4323.59375 498.643188477
1.78756621989 5317.875 499.6980896
1.7938494052 4329.3125 494.907409668
1.80013259051 4813.34375 495.830413818
1.80641577581 5170.40625 493.00012207
1.81269896112 5106.78125 492.42590332
1.81898214643 5181.3125 489.645782471
1.82526533174 4689.375 487.868774414
1.83154851704 5257.125 486.887237549
1.83783170235 5425.53125 485.481933594
1.84411488766 5834.0625 483.796936035
1.85039807296 5109.40625 482.201049805
1.85668125827 6492.21875 481.703063965
1.86296444358 5173.46875 479.01751709
1.86924762889 5898.125 477.564788818
1.87553081419 6971.25 477.686279297
1.8818139995 6700.96875 476.009429932
1.88809718481 6221.1875 473.786865234
1.89438037011 6332.375 472.571899414
1.90066355542 6958.875 470.593933105
1.90694674073 6197.5 469.18270874
1.91322992604 7025.21875 468.869415283
1.91951311134 5923.6875 464.909973145
1.92579629665 7380.96875 466.257354736
1.93207948196 8047.34375 464.389862061
1.93836266726 6618.9375 463.016174316
1.94464585257 7527.46875 460.920684814
1.95092903788 8246.625 461.091339111
1.95721222319 7566.40625 458.189331055
1.96349540849 8126.5 458.01751709
1.9697785938 7740.125 455.976837158
1.97606177911 7954.59375 454.231384277
1.98234496442 8822.21875 454.391296387
1.98862814972 8014.6875 452.174255371
1.99491133503 7725.03125 450.106079102
2.00119452034 8435.84375 449.732208252
2.00747770564 8967.59375 448.850952148
2.01376089095 9016.03125 447.961914062
2.02004407626 8830.78125 445.717193604
2.02632726157 9272.5 444.572052002
2.03261044687 9112.6875 443.469451904
2.03889363218 9526.15625 443.291625977
2.04517681749 9096.3125 440.358306885
2.05146000279 9557.0 439.844726562
2.0577431881 9450.0 438.366607666
2.06402637341 9527.96875 437.349212646
2.07030955872 9578.4375 435.665496826
2.07659274402 10433.09375 435.602874756
2.08287592933 10644.65625 435.188690186
2.08915911464 10663.34375 433.721832275
2.09544229994 10311.53125 430.906158447
2.10172548525 11307.09375 432.210357666
2.10800867056 10805.84375 429.268798828
2.11429185587 10906.59375 428.607543945
2.12057504117 11762.75 428.330932617
2.12685822648 11576.0625 426.616485596
2.13314141179 11987.1875 425.868835449
2.13942459709 11973.6875 424.450439453
2.1457077824 12234.71875 423.774627686
2.15199096771 12661.59375 423.540466309
2.15827415302 12243.78125 420.532653809
2.16455733832 12912.75 421.451507568
2.17084052363 12702.5625 418.734436035
2.17712370894 12948.34375 419.03338623
2.18340689424 13159.9375 417.679229736
2.18969007955 13142.5625 416.055999756
2.19597326486 13299.0625 415.113433838
2.20225645017 13935.84375 415.041015625
2.20853963547 13516.875 413.196929932
2.21482282078 14299.28125 412.87979126
2.22110600609 14734.875 411.839447021
2.2273891914 14413.78125 411.230712891
2.2336723767 14579.65625 409.096282959
2.23995556201 15178.28125 409.608123779
2.24623874732 15349.15625 408.080810547
2.25252193262 15424.21875 407.414550781
2.25880511793 16361.4375 407.380310059
2.26508830324 15592.03125 404.729400635
2.27137148855 15526.84375 404.430511475
2.27765467385 16152.15625 403.088806152
2.28393785916 16950.96875 403.334747314
2.29022104447 16941.5625 402.384033203
2.29650422977 17143.21875 400.692749023
2.30278741508 17143.84375 400.98449707
2.30907060039 17815.09375 399.278015137
2.3153537857 17909.0 399.150512695
2.321636971 17836.6875 397.107666016
2.32792015631 18517.5 397.765838623
2.33420334162 18646.40625 396.663299561
2.34048652692 18600.625 395.12286377
2.34676971223 19206.09375 394.737884521
2.35305289754 19749.90625 394.339752197
2.35933608285 20378.125 394.069885254
2.36561926815 21325.8125 394.539581299
2.37190245346 20705.71875 391.722137451
2.37818563877 20329.375 391.220092773
2.38446882407 21230.1875 390.572662354
2.39075200938 21233.1875 389.988220215
2.39703519469 22087.21875 389.844665527
2.40331838 21459.25 387.800567627
2.4096015653 21659.3125 386.925231934
2.41588475061 22558.21875 387.104003906
2.42216793592 23507.21875 386.679504395
2.42845112122 22961.59375 386.125701904
2.43473430653 23032.0625 384.246795654
2.44101749184 23412.09375 384.23626709
2.44730067715 24231.84375 383.319885254
2.45358386245 24450.90625 383.586914062
2.45986704776 24455.21875 381.777740479
2.46615023307 25034.28125 381.754760742
2.47243341838 24971.65625 380.755432129
2.47871660368 25442.59375 380.440460205
2.48499978899 26317.625 379.905487061
2.4912829743 26573.1875 379.30859375
2.4975661596 26832.46875 379.028656006
2.50384934491 26897.71875 377.583251953
2.51013253022 27350.59375 377.28894043
2.51641571553 28385.1875 377.571044922
2.52269890083 27213.53125 374.885406494
2.52898208614 29029.96875 376.601074219
2.53526527145 28796.46875 374.779022217
2.54154845675 28987.59375 374.374786377
2.54783164206 30538.15625 374.697937012
2.55411482737 30222.125 374.122070312
2.56039801268 30613.8125 373.115600586
2.56668119798 30793.65625 371.916870117
2.57296438329 32703.4375 373.534179688
2.5792475686 31618.6875 371.459991455
2.5855307539 33305.125 371.805847168
2.59181393921 33143.6875 371.260223389
2.59809712452 34354.46875 371.326690674
2.60438030983 33942.15625 370.38482666
2.61066349513 35100.65625 369.750030518
2.61694668044 35392.65625 369.978668213
2.62322986575 35775.21875 369.324707031
2.62951305105 36146.0625 368.22064209
2.63579623636 37424.0625 369.104797363
2.64207942167 38140.96875 368.612518311
2.64836260698 38285.28125 368.029663086
2.65464579228 38430.34375 367.02557373
2.66092897759 39558.71875 367.403656006
2.6672121629 39941.9375 367.243377686
2.6734953482 39928.90625 365.570617676
2.67977853351 39877.21875 365.305511475
2.68606171882 41780.09375 365.92578125
2.69234490413 41908.625 365.579040527
2.69862808943 42760.21875 365.332580566
2.70491127474 43355.21875 365.240661621
2.71119446005 43843.09375 364.579620361
2.71747764536 44865.0625 364.654693604
2.72376083066 45040.4375 363.861602783
2.73004401597 45924.0625 363.648376465
2.73632720128 46688.90625 364.370819092
2.74261038658 47185.5 363.533966064
2.74889357189 48832.9375 363.7996521
2.7551767572 49216.125 363.97869873
2.76145994251 50375.3125 363.597229004
2.76774312781 50458.46875 363.276306152
2.77402631312 51466.5625 363.113128662
2.78030949843 51929.65625 362.930206299
2.78659268373 52581.28125 362.71194458
2.79287586904 53362.78125 362.586151123
2.79915905435 53933.4375 361.852325439
2.80544223966 54551.28125 362.116516113
2.81172542496 56255.8125 362.270263672
2.81800861027 56446.8125 362.884796143
2.82429179558 57645.34375 361.603485107
2.83057498088 58821.0625 362.440612793
2.83685816619 58364.5625 361.240020752
2.8431413515 59726.5625 361.757232666
2.84942453681 60976.84375 361.947296143
2.85570772211 61317.28125 361.4637146
2.86199090742 62294.59375 361.635406494
2.86827409273 63150.15625 361.469512939
2.87455727803 64696.28125 361.938110352
2.88084046334 65316.25 361.946716309
2.88712364865 66096.0625 361.562561035
2.89340683396 67122.84375 362.097351074
2.89969001926 67915.59375 361.671966553
2.90597320457 69156.75 362.150543213
2.91225638988 69456.90625 361.1328125
2.91853957518 70227.53125 361.556793213
2.92482276049 71537.59375 361.554107666
2.9311059458 72333.4375 361.512878418
2.93738913111 74020.28125 362.423248291
2.94367231641 74654.15625 361.990356445
2.94995550172 76032.03125 362.278442383
2.95623868703 76902.8125 362.718811035
2.96252187234 78254.1875 362.465301514
2.96880505764 78541.09375 362.38861084
2.97508824295 80513.40625 363.194793701
2.98137142826 80969.71875 362.746002197
2.98765461356 82751.125 363.358459473
2.99393779887 83449.5 363.466888428
3.00022098418 84718.375 363.84552002
3.00650416949 86163.5625 364.079620361
3.01278735479 87845.90625 364.625579834
3.0190705401 88031.5 364.242553711
3.02535372541 89302.375 364.124633789
3.03163691071 90688.65625 364.978118896
3.03792009602 91439.25 364.308380127
3.04420328133 93255.9375 365.557861328
3.05048646664 94605.1875 365.800292969
3.05676965194 96330.1875 366.568847656
3.06305283725 96911.5625 365.91619873
3.06933602256 98301.59375 366.684112549
3.07561920786 100852.15625 367.509887695
3.08190239317 101218.40625 367.778381348
3.08818557848 102904.78125 367.77532959
3.09446876379 105044.28125 369.243865967
3.10075194909 105806.3125 368.506774902
3.1070351344 107903.90625 370.169372559
3.11331831971 109237.59375 369.933258057
3.11960150501 110300.34375 370.57232666
3.12588469032 111693.84375 370.342681885
3.13216787563 113874.3125 371.808441162
3.13845106094 115427.125 372.176483154
3.14473424624 116705.0 372.25592041
3.15101743155 118813.125 373.683532715
3.15730061686 120014.0 373.455627441
3.16358380216 121727.09375 374.084075928
3.16986698747 123333.8125 374.900756836
3.17615017278 125143.6875 374.979553223
3.18243335809 127551.875 376.950897217
3.18871654339 128839.25 376.485351562
3.1949997287 129801.96875 376.874572754
3.20128291401 132254.84375 377.915374756
3.20756609932 134482.6875 379.440429688
3.21384928462 136643.0 379.572967529
3.22013246993 136704.71875 379.899658203
3.22641565524 137910.53125 381.003204346
3.23269884054 138675.90625 382.372589111
3.23898202585 139115.3125 382.626068115
3.24526521116 139467.4375 383.639465332
3.25154839647 140739.84375 384.892089844
3.25783158177 140873.125 385.408843994
3.26411476708 141478.28125 386.16394043
3.27039795239 141960.0 387.246002197
3.27668113769 142650.8125 387.73260498
3.282964323 142916.59375 388.712738037
3.28924750831 144452.28125 390.292785645
3.29553069362 145686.4375 391.696533203
3.30181387892 145713.40625 391.894958496
3.30809706423 145853.21875 393.014404297
3.31438024954 146574.75 393.52545166
3.32066343484 147946.8125 395.366485596
3.32694662015 148148.0 395.912322998
3.33322980546 149204.625 396.919677734
3.33951299077 149685.78125 397.934997559
3.34579617607 149721.5625 398.524353027
3.35207936138 151351.6875 400.209014893
3.35836254669 151797.5625 401.273101807
3.36464573199 152373.6875 402.142669678
3.3709289173 153986.40625 403.565490723
3.37721210261 153281.5 404.061553955
3.38349528792 154633.5625 404.987640381
3.38977847322 155439.15625 406.530181885
3.39606165853 155886.6875 407.550506592
3.40234484384 156374.46875 408.269042969
3.40862802914 157932.28125 410.379516602
3.41491121445 158998.59375 410.905395508
3.42119439976 159340.5625 412.807983398
3.42747758507 160189.25 413.207824707
3.43376077037 161077.375 414.77746582
3.44004395568 161851.9375 416.00177002
3.44632714099 162937.96875 417.527008057
3.4526103263 163430.0 418.079193115
3.4588935116 164240.71875 420.03237915
3.46517669691 165275.0625 420.803833008
3.47145988222 166034.15625 422.413208008
3.47774306752 167209.125 423.600708008
3.48402625283 167679.0 424.964691162
3.49030943814 168627.90625 426.541442871
3.49659262345 169989.84375 427.460235596
3.50287580875 170698.15625 429.606231689
3.50915899406 171926.15625 430.872009277
3.51544217937 171800.78125 431.351074219
3.52172536467 173734.6875 433.700164795
3.52800854998 174287.5625 434.807403564
3.53429173529 175395.8125 436.355163574
3.5405749206 176392.5625 437.49911499
3.5468581059 177237.125 439.739562988
3.55314129121 178662.6875 440.339569092
3.55942447652 179673.375 443.122833252
3.56570766182 180943.1875 444.369171143
3.57199084713 181325.875 445.57913208
3.57827403244 181974.25 446.53527832
3.58455721775 183061.4375 448.600006104
3.59084040305 185107.9375 451.073364258
3.59712358836 186256.875 452.594696045
3.60340677367 187901.3125 454.560791016
3.60968995897 188106.25 456.155914307
3.61597314428 189385.375 457.131317139
3.62225632959 190603.8125 459.7159729
3.6285395149 191078.75 460.590087891
3.6348227002 191995.0625 462.119354248
3.64110588551 193796.5625 464.193450928
3.64738907082 194549.375 465.979003906
3.65367225612 196191.25 468.683441162
3.65995544143 197531.0625 470.117858887
3.66623862674 199157.4375 472.370269775
3.67252181205 200585.0 475.022796631
3.67880499735 202346.1875 476.935821533
3.68508818266 202687.8125 478.435546875
3.69137136797 204752.0625 481.034667969
3.69765455328 205011.6875 482.108093262
3.70393773858 207244.75 485.116668701
3.71022092389 208069.375 486.602355957
3.7165041092 209367.0625 488.776306152
3.7227872945 211008.25 491.325134277
3.72907047981 212848.5625 493.782989502
3.73535366512 213820.0 495.85345459
3.74163685043 215797.375 498.388000488
3.74792003573 217027.375 500.613647461
3.75420322104 218293.5625 502.322265625
3.76048640635 220156.4375 505.603271484
3.76676959165 220779.0 507.253051758
3.77305277696 222916.75 510.387268066
3.77933596227 224448.0625 511.619262695
3.78561914758 225196.4375 514.885986328
3.79190233288 228123.5 517.704711914
3.79818551819 229641.125 520.673400879
3.8044687035 230810.0 522.717041016
3.8107518888 232200.0 525.542785645
3.81703507411 233346.4375 527.354614258
3.82331825942 234902.375 529.925476074
3.82960144473 236323.75 532.510192871
3.83588463003 238607.0 536.262695312
3.84216781534 241649.3125 539.498046875
3.84845100065 242028.8125 541.924133301
3.85473418595 243263.0625 543.944152832
3.86101737126 244296.6875 546.505981445
3.86730055657 247010.125 550.364868164
3.87358374188 248260.1875 552.437072754
3.87986692718 250394.875 556.330200195
3.88615011249 252912.8125 559.250427246
3.8924332978 253914.25 562.599975586
3.8987164831 254797.875 564.071289062
3.90499966841 258622.6875 569.241027832
3.91128285372 259903.375 572.83001709
3.91756603903 261939.3125 575.195678711
3.92384922433 262455.75 577.76159668
3.93013240964 265418.75 581.72833252
3.93641559495 268313.6875 586.942687988
3.94269878026 268402.6875 587.346374512
3.94898196556 271511.0 592.374084473
3.95526515087 273402.3125 596.19921875
3.96154833618 273729.6875 598.410705566
3.96783152148 278304.3125 603.766723633
3.97411470679 280340.6875 608.27331543
3.9803978921 282440.8125 611.503540039
3.98668107741 284703.125 616.247802734
3.99296426271 286346.625 618.363342285
3.99924744802 289384.4375 624.419555664
4.00553063333 290261.1875 626.545959473
4.01181381863 293033.1875 631.340026855
4.01809700394 296040.5625 636.180236816
4.02438018925 298970.8125 641.240661621
4.03066337456 300190.5625 644.695617676
4.03694655986 302663.75 648.465637207
4.04322974517 304496.25 652.466064453
4.04951293048 307809.375 658.53503418
4.05579611578 310314.8125 662.887817383
4.06207930109 312779.4375 668.217224121
4.0683624864 315915.375 672.002868652
4.07464567171 316478.6875 676.799194336
4.08092885701 319627.375 680.996948242
4.08721204232 322061.375 685.710266113
4.09349522763 324608.6875 691.759521484
4.09977841293 328653.9375 697.868041992
4.10606159824 330462.5625 702.053344727
4.11234478355 335179.25 709.851867676
4.11862796886 335449.1875 712.047058105
4.12491115416 339865.3125 720.880859375
4.13119433947 341564.0 723.850402832
4.13747752478 344371.5 730.16229248
4.14376071008 348224.4375 736.586181641
4.15004389539 350652.25 742.291748047
4.1563270807 354240.1875 749.180541992
4.16261026601 357358.375 754.983947754
4.16889345131 359086.125 760.377990723
4.17517663662 364011.125 768.591003418
4.18145982193 366816.8125 774.383605957
4.18774300724 369838.4375 780.950866699
4.19402619254 371475.25 786.978881836
4.20030937785 373966.1875 792.843811035
4.20659256316 377498.3125 798.745666504
4.21287574846 381268.4375 808.713012695
4.21915893377 384160.9375 813.549743652
4.22544211908 387180.9375 820.942810059
4.23172530439 389817.0 827.741882324
4.23800848969 394692.25 837.782104492
4.244291675 397592.9375 844.28704834
4.25057486031 399339.4375 848.943786621
4.25685804561 403218.3125 859.268066406
4.26314123092 409024.6875 869.587585449
4.26942441623 411590.4375 876.688049316
4.27570760154 414031.3125 883.944030762
4.28199078684 417828.625 892.689819336
4.28827397215 421246.375 901.534423828
4.29455715746 425319.9375 909.953552246
4.30084034276 428419.4375 919.260375977
4.30712352807 432180.625 928.463745117
4.31340671338 436451.875 938.39465332
4.31968989869 437148.4375 945.715515137
4.32597308399 442744.1875 955.109069824
4.3322562693 447006.8125 967.148925781
4.33853945461 449910.3125 976.314819336
4.34482263991 453986.9375 985.813659668
4.35110582522 456574.3125 997.243591309
4.35738901053 461861.4375 1007.01348877
4.36367219584 464110.75 1017.16333008
4.36995538114 469364.0 1029.43811035
4.37623856645 472168.0 1040.83203125
4.38252175176 474713.25 1050.76794434
4.38880493706 481107.4375 1063.11865234
4.39508812237 481841.75 1074.21716309
4.40137130768 485783.875 1084.23901367
4.40765449299 491495.3125 1100.20056152
4.41393767829 492891.0 1108.6060791
4.4202208636 498345.25 1123.28393555
4.42650404891 497498.25 1133.27929688
4.43278723422 508403.9375 1150.80273438
4.43907041952 509765.4375 1166.43664551
4.44535360483 511015.875 1173.09643555
4.45163679014 513524.9375 1188.19128418
4.45791997544 517826.5625 1201.76489258
4.46420316075 523812.875 1219.28649902
4.47048634606 523587.5 1231.59729004
4.47676953137 530516.375 1248.8927002
4.48305271667 531883.1875 1261.96618652
4.48933590198 535669.5625 1278.70397949
4.49561908729 536411.625 1291.59399414
4.50190227259 538369.875 1307.23022461
4.5081854579 542634.375 1321.21691895
4.51446864321 542395.5625 1336.421875
4.52075182852 544386.0625 1351.69921875
4.52703501382 546021.25 1366.94665527
4.53331819913 549231.125 1384.88977051
4.53960138444 550945.375 1402.46374512
4.54588456974 551009.875 1418.25268555
4.55216775505 552418.875 1433.6809082
4.55845094036 553024.125 1448.12841797
4.56473412567 554239.1875 1467.15942383
4.57101731097 554222.875 1479.23547363
4.57730049628 561524.3125 1503.73327637
4.58358368159 559993.8125 1516.24462891
4.58986686689 565870.9375 1539.85241699
4.5961500522 564586.8125 1551.59912109
4.60243323751 564331.0625 1565.28759766
4.60871642282 572870.375 1592.32556152
4.61499960812 576097.375 1615.50231934
4.62128279343 575515.1875 1625.36047363
4.62756597874 580980.8125 1651.31677246
4.63384916404 581698.0625 1667.15185547
4.64013234935 586878.6875 1693.17932129
4.64641553466 589271.1875 1709.64807129
4.65269871997 590163.0625 1726.01403809
4.65898190527 594537.5625 1751.70446777
4.66526509058 598676.3125 1774.5333252
4.67154827589 600568.0625 1791.96862793
4.6778314612 604884.1875 1816.04003906
4.6841146465 606591.125 1839.30407715
4.69039783181 614604.75 1868.48730469
4.69668101712 616480.25 1886.78625488
4.70296420242 622504.875 1921.1282959
4.70924738773 620544.375 1933.97631836
4.71553057304 632648.125 1970.61340332
4.72181375835 633242.6875 1992.45202637
4.72809694365 636554.1875 2018.15283203
4.73438012896 647664.3125 2059.67773438
4.74066331427 644909.125 2068.33959961
4.74694649957 652077.375 2107.47241211
4.75322968488 661609.25 2144.41772461
4.75951287019 661631.25 2164.85693359
4.7657960555 664834.1875 2192.81054688
4.7720792408 673622.6875 2229.98388672
4.77836242611 675483.9375 2257.56274414
4.78464561142 681491.125 2292.70361328
4.79092879672 686032.375 2317.78100586
4.79721198203 692725.4375 2361.65356445
4.80349516734 700650.75 2405.83886719
4.80977835265 701610.875 2423.60058594
4.81606153795 711471.25 2472.05371094
4.82234472326 716080.75 2508.57983398
4.82862790857 724184.625 2556.25073242
4.83491109387 723909.375 2568.06323242
4.84119427918 729493.75 2616.8125
4.84747746449 735186.625 2659.26806641
4.8537606498 741453.375 2696.90869141
4.8600438351 747520.875 2735.15039062
4.86632702041 753829.75 2787.28393555
4.87261020572 756528.5 2818.43896484
4.87889339102 767235.25 2873.04467773
4.88517657633 769150.625 2906.96948242
4.89145976164 778247.25 2969.18579102
4.89774294695 789398.75 3027.01416016
4.90402613225 792057.625 3060.15649414
4.91030931756 796417.25 3108.83837891
4.91659250287 814461.25 3192.81176758
4.92287568818 814049.5 3226.78833008
4.92915887348 816806.75 3265.66723633
4.93544205879 823679.125 3315.80224609
4.9417252441 826910.0 3375.60400391
4.9480084294 841292.75 3451.84277344
4.95429161471 850687.875 3505.33813477
4.96057480002 853178.75 3565.13842773
4.96685798533 865668.375 3652.8737793
4.97314117063 863309.625 3665.46777344
4.97942435594 879002.125 3757.3359375
4.98570754125 890279.0 3852.26220703
4.99199072655 894777.25 3916.16674805
4.99827391186 900565.25 3953.5144043
5.00455709717 910605.125 4049.12866211
5.01084028248 926433.0 4158.38085938
5.01712346778 923622.25 4205.44042969
5.02340665309 934296.75 4260.51464844
5.0296898384 944149.25 4368.75976562
5.0359730237 954677.75 4466.35888672
5.04225620901 968780.625 4560.70166016
5.04853939432 975657.75 4647.52441406
5.05482257963 982263.25 4727.92382812
5.06110576493 991038.375 4855.86572266
5.06738895024 1010274.25 4935.03808594
5.07367213555 1009242.625 5021.73779297
5.07995532085 1027103.125 5175.48046875
5.08623850616 1029998.875 5252.19042969
5.09252169147 1048195.375 5372.95654297
5.09880487678 1055816.375 5481.09130859
5.10508806208 1066194.75 5631.77880859
5.11137124739 1083261.75 5770.83105469
5.1176544327 1095545.25 5876.17919922
5.123937618 1108020.875 6040.61035156
5.13022080331 1116033.875 6175.25634766
5.13650398862 1122983.125 6280.24853516
5.14278717393 1149809.125 6470.01171875
5.14907035923 1149725.0 6626.14648438
5.15535354454 1173490.375 6869.59960938
5.16163672985 1171938.875 6867.70068359
5.16791991516 1187103.375 7081.93359375
5.17420310046 1197625.5 7279.55371094
5.18048628577 1214883.125 7510.3125
5.18676947108 1235698.25 7652.92724609
5.19305265638 1248975.125 7901.98388672
5.19933584169 1274422.625 8192.5234375
5.205619027 1279145.875 8338.47167969
5.21190221231 1299588.875 8561.109375
5.21818539761 1288555.375 8710.04882812
5.22446858292 1329324.0 9165.32714844
5.23075176823 1339892.25 9246.69140625
5.23703495353 1360620.25 9564.30273438
5.24331813884 1362165.875 9877.59863281
5.24960132415 1375726.125 10201.7324219
5.25588450946 1381662.875 10210.4619141
5.26216769476 1409302.625 10650.859375
5.26845088007 1431618.625 11194.8466797
5.27473406538 1430963.875 11411.2558594
5.28101725068 1466514.0 11681.2265625
5.28730043599 1505263.5 12324.7929688
5.2935836213 1491035.625 12600.3154297
5.29986680661 1528914.625 13138.0
5.30614999191 1538777.125 13390.0966797
5.31243317722 1537640.375 13798.6582031
5.31871636253 1574925.875 14625.2841797
5.32499954783 1591672.375 14772.1035156
5.33128273314 1614974.875 15474.8066406
5.33756591845 1631713.125 16236.8095703
5.34384910376 1666708.0 17109.8046875
5.35013228906 1677709.25 16937.1347656
5.35641547437 1683575.75 18051.7089844
5.36269865968 1724641.875 19290.5820312
5.36898184498 1756319.0 19943.2910156
5.37526503029 1743578.75 19671.6777344
5.3815482156 1797909.75 21784.7011719
5.38783140091 1824352.25 23539.8769531
5.39411458621 1821309.25 23016.0488281
5.40039777152 1880164.25 24059.5546875
5.40668095683 1876732.25 26137.7910156
5.41296414214 1948049.0 29703.9648438
5.41924732744 1957830.75 27732.9238281
5.42553051275 1988225.5 29521.5605469
5.43181369806 2014162.25 33040.8242188
5.43809688336 2021677.75 37414.1328125
5.44438006867 2044481.25 33772.46875
5.45066325398 2172104.25 38362.5664062
5.45694643929 2152079.75 43328.7695312
5.46322962459 2110477.0 48079.3242188
5.4695128099 2193276.75 44607.2148438
5.47579599521 2290607.25 50154.7929688
5.48207918051 2209342.25 58819.9453125
5.48836236582 2349418.25 67330.046875
5.49464555113 2152177.25 58154.828125
5.50092873644 2141235.5 63827.9492188
5.50721192174 2457139.0 106347.226562
5.51349510705 2571775.75 90442.40625
5.51977829236 2443503.0 96173.84375
5.52606147766 2534270.75 115115.210938
5.53234466297 2483824.75 181822.546875
5.53862784828 2678739.75 158775.734375
5.54491103359 2750450.25 205365.984375
5.55119421889 2435873.25 250224.453125
5.5574774042 2322846.75 465371.375
5.56376058951 2645369.0 566167.5625
5.57004377481 1614702.25 1050449.125
