0.00942477796077 143121.8125 44697.5546875
0.0157079632679 144076.703125 28220.4648438
0.0219911485751 126649.109375 16278.5175781
0.0282743338823 119448.078125 12710.5488281
0.0345575191895 100588.1875 8285.17871094
0.0408407044967 71613.90625 5848.21386719
0.0471238898038 64339.2265625 4288.36230469
0.053407075111 54860.2265625 3503.24194336
0.0596902604182 55953.5234375 3059.15283203
0.0659734457254 50087.4609375 2614.39672852
0.0722566310326 49385.4609375 2364.62719727
0.0785398163397 41449.0546875 1895.39990234
0.0848230016469 35615.0703125 1559.90563965
0.0911061869541 29982.3183594 1348.0
0.0973893722613 29185.1347656 1204.51855469
0.103672557568 27742.4667969 1126.00219727
0.109955742876 25957.0722656 992.976806641
0.116238928183 24296.0722656 919.210083008
0.12252211349 21291.4511719 800.633728027
0.128805298797 22509.2324219 789.888427734
0.135088484104 20241.6230469 713.661376953
0.141371669412 19106.7480469 659.827880859
0.147654854719 17671.9082031 602.996704102
0.153938040026 16530.4316406 569.449035645
0.160221225333 15926.9550781 526.280639648
0.16650441064 14394.1425781 490.208587646
0.172787595947 14310.9492188 464.25769043
0.179070781255 13372.9765625 447.399353027
0.185353966562 12234.1445312 405.210083008
0.191637151869 12208.0214844 401.351989746
0.197920337176 11704.3066406 372.209259033
0.204203522483 10993.9453125 358.631866455
0.210486707791 10405.1582031 336.959716797
0.216769893098 10083.6894531 325.86920166
0.223053078405 9573.859375 310.083679199
0.229336263712 9433.09570312 300.571044922
0.235619449019 9034.41992188 288.998626709
0.241902634326 9195.78515625 282.199035645
0.248185819634 8578.69726562 268.303710938
0.254469004941 7891.9765625 256.853607178
0.260752190248 7819.89257812 247.703170776
0.267035375555 7224.30273438 237.632720947
0.273318560862 7320.7734375 231.247711182
0.279601746169 6800.93164062 222.849273682
0.285884931477 6427.87890625 214.402633667
0.292168116784 6089.765625 208.389144897
0.298451302091 6094.76171875 202.179275513
0.304734487398 6009.21484375 198.246459961
0.311017672705 5763.58398438 191.242919922
0.317300858013 5909.8828125 189.837661743
0.32358404332 5471.48242188 180.950942993
0.329867228627 5168.06054688 176.976898193
0.336150413934 5244.32421875 172.780731201
0.342433599241 4994.36523438 170.075469971
0.348716784548 4959.2734375 164.376037598
0.354999969856 5027.47265625 163.335205078
0.361283155163 4462.86523438 156.657363892
0.36756634047 4258.21289062 151.510452271
0.373849525777 4567.2734375 152.011566162
0.380132711084 4411.01171875 147.429489136
0.386415896392 4315.8359375 145.301834106
0.392699081699 3977.90625 140.982650757
0.398982267006 4072.66601562 137.788238525
0.405265452313 3591.34765625 134.982833862
0.41154863762 3666.58984375 131.09777832
0.417831822927 3424.18164062 129.643051147
0.424115008235 3666.23632812 128.075286865
0.430398193542 3491.70703125 125.146644592
0.436681378849 3432.2734375 123.33870697
0.442964564156 3221.70507812 120.548057556
0.449247749463 3052.27734375 117.85319519
0.455530934771 2909.01953125 115.347099304
0.461814120078 2852.16210938 112.549468994
0.468097305385 2949.89257812 112.912269592
0.474380490692 2982.77539062 110.616271973
0.480663675999 2696.265625 108.464683533
0.486946861306 2705.72070312 106.809043884
0.493230046614 2610.61914062 105.070396423
0.499513231921 2536.05664062 103.306556702
0.505796417228 2492.49609375 101.957832336
0.512079602535 2397.70703125 99.9340209961
0.518362787842 2267.45117188 97.7772445679
0.524645973149 2328.31835938 97.444190979
0.530929158457 2177.81640625 95.6912841797
0.537212343764 2137.9375 93.8373031616
0.543495529071 2023.50390625 92.6243057251
0.549778714378 2109.67773438 91.7327575684
0.556061899685 1952.86132812 90.6940612793
0.562345084993 1972.16210938 88.6069564819
0.5686282703 1912.71679688 87.9992904663
0.574911455607 1845.20117188 86.7843933105
0.581194640914 1922.15625 86.0626602173
0.587477826221 1722.73242188 84.3247146606
0.593761011528 1684.55273438 83.3580780029
0.600044196836 1502.89648438 81.5494689941
0.606327382143 1688.56054688 81.8340377808
0.61261056745 1461.4453125 79.5822982788
0.618893752757 1492.16601562 79.1064529419
0.625176938064 1414.0703125 77.971824646
0.631460123372 1501.30078125 77.7034225464
0.637743308679 1512.68554688 76.6038665771
0.644026493986 1522.18359375 76.3055953979
0.650309679293 1415.92578125 74.8425292969
0.6565928646 1402.65234375 74.2743682861
0.662876049907 1321.15820312 73.1987304688
0.669159235215 1309.875 72.559928894
0.675442420522 1224.98242188 71.2834625244
0.681725605829 1207.25390625 71.0739517212
0.688008791136 1286.43359375 70.1882171631
0.694291976443 1072.15234375 69.3084869385
0.700575161751 1269.79492188 68.7999801636
0.706858347058 1071.07226562 67.8604507446
0.713141532365 1166.09179688 67.4209365845
0.719424717672 1065.99804688 66.533706665
0.725707902979 952.3515625 65.5411758423
0.731991088286 985.859375 65.2024841309
0.738274273594 858.837890625 64.0908050537
0.744557458901 904.638671875 63.9306945801
0.750840644208 842.951171875 63.0671234131
0.757123829515 855.00390625 62.5110931396
0.763407014822 826.59765625 61.9094848633
0.769690200129 908.111328125 61.7652549744
0.775973385437 892.318359375 60.9900932312
0.782256570744 775.794921875 60.3285217285
0.788539756051 812.361328125 59.7578315735
0.794822941358 800.22265625 59.7848815918
0.801106126665 789.869140625 58.7962646484
0.807389311973 710.35546875 58.281414032
0.81367249728 705.95703125 57.6378631592
0.819955682587 672.841796875 57.2342910767
0.826238867894 679.302734375 56.7705764771
0.832522053201 613.5078125 56.0880470276
0.838805238508 701.73828125 55.8560180664
0.845088423816 704.326171875 55.8543052673
0.851371609123 595.728515625 54.8100700378
0.85765479443 628.140625 54.5036773682
0.863937979737 596.142578125 54.1116294861
0.870221165044 534.94140625 53.4749946594
0.876504350352 497.298828125 53.0791702271
0.882787535659 589.302734375 52.8027992249
0.889070720966 473.939453125 52.2503662109
0.895353906273 504.05078125 51.9559249878
0.90163709158 519.52734375 51.48878479
0.907920276887 519.63671875 51.3300743103
0.914203462195 455.005859375 50.5326271057
0.920486647502 508.9453125 50.6297607422
0.926769832809 513.154296875 50.0957984924
0.933053018116 315.822265625 49.323928833
0.939336203423 461.52734375 49.2761535645
0.945619388731 357.89453125 48.92552948
0.951902574038 363.5703125 48.4270973206
0.958185759345 445.357421875 48.4467811584
0.964468944652 390.591796875 47.7183265686
0.970752129959 334.0078125 47.4919433594
0.977035315266 385.65625 47.2816734314
0.983318500574 319.46875 46.8612327576
0.989601685881 338.6484375 46.5425262451
0.995884871188 388.68359375 46.3384017944
1.0021680565 272.9375 45.7989006042
1.0084512418 284.74609375 45.638381958
1.01473442711 253.197265625 45.0727653503
1.02101761242 338.09375 45.093421936
1.02730079772 260.443359375 44.681968689
1.03358398303 248.75390625 44.3156776428
1.03986716834 308.42578125 44.2029876709
1.04615035365 200.158203125 43.7651405334
1.05243353895 249.5703125 43.5136833191
1.05871672426 213.763671875 43.3126449585
1.06499990957 255.333984375 42.9635848999
1.07128309487 233.298828125 42.7632446289
1.07756628018 237.501953125 42.4893569946
1.08384946549 193.25390625 42.1835708618
1.0901326508 267.43359375 42.0972595215
1.0964158361 146.873046875 41.5551261902
1.10269902141 177.9375 41.372592926
1.10898220672 195.23046875 41.2698974609
1.11526539202 159.08203125 40.9643287659
1.12154857733 126.59375 40.5925521851
1.12783176264 95.34375 40.2419281006
1.13411494795 147.26953125 40.1761207581
1.14039813325 135.3984375 40.0182571411
1.14668131856 111.22265625 39.6482887268
1.15296450387 69.712890625 39.2759399414
1.15924768917 133.65625 39.3534011841
1.16553087448 127.248046875 39.0322532654
1.17181405979 116.52734375 38.864490509
1.1780972451 106.287109375 38.4949951172
1.1843804304 67.25 38.4563407898
1.19066361571 94.34375 38.1260681152
1.19694680102 73.07421875 38.0135040283
1.20322998632 123.724609375 37.7131080627
1.20951317163 182.69921875 37.8690681458
1.21579635694 19.1328125 37.165802002
1.22207954225 127.619140625 37.2952041626
1.22836272755 153.13671875 37.06016922
1.23464591286 117.421875 36.8466682434
1.24092909817 110.193359375 36.7572746277
1.24721228348 73.833984375 36.3697166443
1.25349546878 110.2421875 36.275718689
1.25977865409 128.388671875 36.1606025696
1.2660618394 37.875 35.7632827759
1.2723450247 48.2421875 35.6693382263
1.27862821001 60.185546875 35.4083862305
1.28491139532 104.115234375 35.4651603699
1.29119458063 47.66796875 35.0072212219
1.29747776593 5.623046875 34.9153747559
1.30376095124 20.548828125 34.7156906128
1.31004413655 -6.732421875 34.5316581726
1.31632732185 40.82421875 34.3987617493
1.32261050716 -4.96484375 34.1902961731
1.32889369247 20.689453125 34.077003479
1.33517687778 75.197265625 34.0101280212
1.34146006308 55.947265625 33.7305908203
1.34774324839 80.69140625 33.7478752136
1.3540264337 98.421875 33.5897407532
1.360309619 49.53515625 33.3180809021
1.36659280431 62.34765625 33.2223968506
1.37287598962 75.48046875 33.029006958
1.37915917493 36.560546875 32.8934555054
1.38544236023 19.51171875 32.6716651917
1.39172554554 1.5703125 32.4599990845
1.39800873085 24.671875 32.4071617126
1.40429191615 -0.427734375 32.1637420654
1.41057510146 -36.833984375 32.0160560608
1.41685828677 45.89453125 31.9535312653
1.42314147208 6.46875 31.8424358368
1.42942465738 43.775390625 31.6621284485
1.43570784269 0.859375 31.5094909668
1.441991028 59.310546875 31.4159755707
1.4482742133 11.83203125 31.3016853333
1.45455739861 -0.80859375 31.0538196564
1.46084058392 10.4765625 30.9721508026
1.46712376923 22.1171875 30.8223953247
1.47340695453 -41.0703125 30.6499824524
1.47969013984 13.5 30.568479538
1.48597332515 -3.158203125 30.4288654327
1.49225651046 37.474609375 30.3765964508
1.49853969576 -6.02734375 30.2159671783
1.50482288107 -9.8515625 29.9767017365
1.51110606638 -56.326171875 29.8489589691
1.51738925168 0.458984375 29.7711105347
1.52367243699 27.587890625 29.7213897705
1.5299556223 -33.654296875 29.46875
1.53623880761 -27.25 29.373500824
1.54252199291 30.19140625 29.3854579926
1.54880517822 -35.6328125 29.1600894928
1.55508836353 -3.953125 29.0091838837
1.56137154883 11.251953125 29.0355911255
1.56765473414 38.443359375 28.8960285187
1.57393791945 24.74609375 28.7644500732
1.58022110476 23.052734375 28.6251621246
1.58650429006 -24.8359375 28.4834346771
1.59278747537 47.255859375 28.483915329
1.59907066068 -3.265625 28.2257976532
1.60535384598 3.138671875 28.1640224457
1.61163703129 21.216796875 28.1110401154
1.6179202166 38.05859375 28.0051746368
1.62420340191 11.126953125 27.8516216278
1.63048658721 28.1796875 27.7771129608
1.63676977252 22.34375 27.6557197571
1.64305295783 86.447265625 27.6493015289
1.64933614313 61.5703125 27.5379390717
1.65561932844 66.810546875 27.370891571
1.66190251375 58.79296875 27.3214530945
1.66818569906 44.783203125 27.1201400757
1.67446888436 57.064453125 27.1435070038
1.68075206967 15.505859375 26.9198474884
1.68703525498 34.24609375 26.8170452118
1.69331844028 73.03515625 26.7928981781
1.69960162559 54.6796875 26.7471904755
1.7058848109 33.79296875 26.4948749542
1.71216799621 123.451171875 26.6175174713
1.71845118151 80.4609375 26.3931369781
1.72473436682 88.939453125 26.3805885315
1.73101755213 94.669921875 26.255355835
1.73730073744 67.27734375 26.0895767212
1.74358392274 63.3984375 26.071056366
1.74986710805 82.521484375 25.947561264
1.75615029336 81.693359375 25.8529758453
1.76243347866 45.05859375 25.7251396179
1.76871666397 88.876953125 25.6780529022
1.77499984928 83.15234375 25.6076335907
1.78128303459 70.423828125 25.4469890594
1.78756621989 136.578125 25.5224742889
1.7938494052 94.076171875 25.2889251709
1.80013259051 120.037109375 25.3378047943
1.80641577581 74.44921875 25.1046886444
1.81269896112 122.662109375 25.1466999054
1.81898214643 142.279296875 25.0264930725
1.82526533174 113.748046875 24.9310112
1.83154851704 110.451171875 24.8366336823
1.83783170235 110.150390625 24.752822876
1.84411488766 126.03515625 24.6601982117
1.85039807296 158.2734375 24.6726531982
1.85668125827 154.7265625 24.5469150543
1.86296444358 163.162109375 24.511926651
1.86924762889 150.267578125 24.3706245422
1.87553081419 108.62890625 24.2480068207
1.8818139995 184.5859375 24.2823925018
1.88809718481 187.701171875 24.2056541443
1.89438037011 183.029296875 24.1298751831
1.90066355542 177.041015625 23.9788818359
1.90694674073 164.701171875 23.9417705536
1.91322992604 184.748046875 23.8966827393
1.91951311134 188.62890625 23.7731704712
1.92579629665 187.29296875 23.7432479858
1.93207948196 202.029296875 23.6232852936
1.93836266726 214.3515625 23.6635894775
1.94464585257 256.119140625 23.5504875183
1.95092903788 252.615234375 23.5074806213
1.95721222319 253.189453125 23.4046382904
1.96349540849 230.25 23.3300266266
1.9697785938 253.888671875 23.2812156677
1.97606177911 248.021484375 23.1707878113
1.98234496442 216.53125 23.0831565857
1.98862814972 226.9765625 23.0354442596
1.99491133503 246.375 22.9729957581
2.00119452034 294.439453125 22.9686813354
2.00747770564 289.2734375 22.8833122253
2.01376089095 374.576171875 22.9412002563
2.02004407626 310.923828125 22.759054184
2.02632726157 271.30859375 22.623758316
2.03261044687 311.48828125 22.6272258759
2.03889363218 311.630859375 22.5923519135
2.04517681749 312.19921875 22.4703807831
2.05146000279 288.693359375 22.3867416382
2.0577431881 315.02734375 22.3502120972
2.06402637341 331.8203125 22.313911438
2.07030955872 348.109375 22.2445983887
2.07659274402 334.177734375 22.1719226837
2.08287592933 341.71484375 22.1469497681
2.08915911464 354.71875 22.0867729187
2.09544229994 365.201171875 21.9772987366
2.10172548525 387.728515625 22.0100746155
2.10800867056 371.763671875 21.8716373444
2.11429185587 410.4140625 21.877696991
2.12057504117 392.818359375 21.7910995483
2.12685822648 421.595703125 21.7489738464
2.13314141179 430.580078125 21.6967887878
2.13942459709 467.439453125 21.6684951782
2.1457077824 479.521484375 21.6325435638
2.15199096771 436.1796875 21.544626236
2.15827415302 496.26171875 21.485918045
2.16455733832 524.52734375 21.5260066986
2.17084052363 487.43359375 21.3568439484
2.17712370894 516.818359375 21.3915157318
2.18340689424 531.482421875 21.3268241882
2.18969007955 501.59765625 21.2107620239
2.19597326486 538.720703125 21.1959629059
2.20225645017 536.5859375 21.1528053284
2.20853963547 602.38671875 21.157749176
2.21482282078 586.931640625 21.0786743164
2.22110600609 563.7734375 20.9743785858
2.2273891914 625.439453125 21.0312919617
2.2336723767 611.548828125 20.8970623016
2.23995556201 602.958984375 20.8793354034
2.24623874732 632.189453125 20.8243694305
2.25252193262 679.603515625 20.8388977051
2.25880511793 669.611328125 20.7728176117
2.26508830324 677.201171875 20.6894054413
2.27137148855 658.173828125 20.656785965
2.27765467385 694.890625 20.5935096741
2.28393785916 695.478515625 20.5619239807
2.29022104447 746.986328125 20.5703887939
2.29650422977 719.970703125 20.4432468414
2.30278741508 747.55078125 20.4881782532
2.30907060039 757.626953125 20.3747310638
2.3153537857 770.171875 20.3766231537
2.321636971 820.947265625 20.3310546875
2.32792015631 800.1484375 20.3047637939
2.33420334162 790.443359375 20.2309837341
2.34048652692 824.3515625 20.1912136078
2.34676971223 846.23046875 20.1618652344
2.35305289754 823.634765625 20.0878829956
2.35933608285 845.90234375 20.0637931824
2.36561926815 856.916015625 20.0481967926
2.37190245346 899.31640625 19.9830245972
2.37818563877 947.203125 20.0281848907
2.38446882407 891.560546875 19.8881263733
2.39075200938 906.244140625 19.8736114502
2.39703519469 972.96875 19.8905735016
2.40331838 990.30078125 19.8377532959
2.4096015653 959.732421875 19.7505550385
2.41588475061 986.728515625 19.7400817871
2.42216793592 1033.09375 19.716337204
2.42845112122 1053.078125 19.7375259399
2.43473430653 1067.55273438 19.6526679993
2.44101749184 1066.703125 19.6312789917
2.44730067715 1091.60546875 19.5670928955
2.45358386245 1110.02734375 19.5881309509
2.45986704776 1109.61328125 19.4950962067
2.46615023307 1198.68554688 19.5544109344
2.47243341838 1194.12304688 19.5018482208
2.47871660368 1141.48242188 19.4080371857
2.48499978899 1245.91796875 19.4410324097
2.4912829743 1208.63085938 19.3598251343
2.4975661596 1238.51171875 19.3622589111
2.50384934491 1282.9375 19.3295326233
2.51013253022 1294.56445312 19.3029270172
2.51641571553 1322.7578125 19.2927074432
2.52269890083 1341.984375 19.2339801788
2.52898208614 1387.09179688 19.2742900848
2.53526527145 1404.07617188 19.2096271515
2.54154845675 1408.0 19.1831150055
2.54783164206 1381.56640625 19.0955505371
2.55411482737 1460.49023438 19.1595821381
2.56039801268 1454.90039062 19.0829315186
2.56668119798 1496.87304688 19.0535907745
2.57296438329 1506.58789062 19.0505466461
2.5792475686 1540.42382812 19.0314311981
2.5855307539 1550.96484375 18.9756622314
2.59181393921 1607.05859375 19.0100688934
2.59809712452 1585.90429688 18.9332466125
2.60438030983 1638.78320312 18.9564228058
2.61066349513 1715.05664062 18.9402179718
2.61694668044 1708.67382812 18.9314670563
2.62322986575 1724.82421875 18.8947277069
2.62951305105 1747.15429688 18.8414421082
2.63579623636 1807.359375 18.8817462921
2.64207942167 1819.15039062 18.8329620361
2.64836260698 1794.64453125 18.7730083466
2.65464579228 1892.53515625 18.8071861267
2.66092897759 1916.890625 18.7950363159
2.6672121629 1915.08789062 18.766702652
2.6734953482 1974.54101562 18.7375144958
2.67977853351 2007.51367188 18.7572574615
2.68606171882 2037.6875 18.7261142731
2.69234490413 2061.73046875 18.7246398926
2.69862808943 2107.0 18.713552475
2.70491127474 2124.24804688 18.6965751648
2.71119446005 2161.2734375 18.6738777161
2.71747764536 2192.66992188 18.6583995819
2.72376083066 2199.50195312 18.6158504486
2.73004401597 2238.98046875 18.5996856689
2.73632720128 2289.40820312 18.6470127106
2.74261038658 2301.6015625 18.5921001434
2.74889357189 2340.02539062 18.5639343262
2.7551767572 2385.54101562 18.5967121124
2.76145994251 2404.29101562 18.5405082703
2.76774312781 2448.5 18.5603561401
2.77402631312 2505.0859375 18.5566101074
2.78030949843 2548.84570312 18.5653820038
2.78659268373 2528.9921875 18.5063610077
2.79287586904 2597.55078125 18.5256919861
2.79915905435 2644.52734375 18.5041427612
2.80544223966 2676.63085938 18.5181083679
2.81172542496 2744.734375 18.5089931488
2.81800861027 2782.48828125 18.5653533936
2.82429179558 2785.8359375 18.4484424591
2.83057498088 2878.87109375 18.5204162598
2.83685816619 2916.58007812 18.5129909515
2.8431413515 2930.60351562 18.4903144836
2.84942453681 2952.10351562 18.4627285004
2.85570772211 2997.71679688 18.462852478
2.86199090742 3041.05273438 18.4658565521
2.86827409273 3105.5546875 18.4755744934
2.87455727803 3179.54101562 18.4951324463
2.88084046334 3229.6328125 18.511598587
2.88712364865 3241.37109375 18.4675235748
2.89340683396 3281.35742188 18.4840373993
2.89969001926 3328.65039062 18.4682235718
2.90597320457 3423.05859375 18.5194396973
2.91225638988 3433.30664062 18.4630069733
2.91853957518 3484.79882812 18.4950752258
2.92482276049 3523.16796875 18.4703998566
2.9311059458 3548.9375 18.4555644989
2.93738913111 3635.53515625 18.5024528503
2.94367231641 3709.3671875 18.5156612396
2.94995550172 3738.37304688 18.495174408
2.95623868703 3797.58203125 18.5301761627
2.96252187234 3842.68554688 18.4969902039
2.96880505764 3918.56835938 18.5448055267
2.97508824295 3968.14257812 18.5427837372
2.98137142826 4008.43359375 18.5341587067
2.98765461356 4080.27539062 18.5493679047
2.99393779887 4113.01953125 18.5524711609
3.00022098418 4207.05078125 18.5962581635
3.00650416949 4238.11914062 18.5725440979
3.01278735479 4339.36523438 18.6132259369
3.0190705401 4390.50390625 18.6282787323
3.02535372541 4448.8984375 18.6167850494
3.03163691071 4535.109375 18.6731014252
3.03792009602 4586.21289062 18.6493053436
3.04420328133 4650.63476562 18.6897277832
3.05048646664 4712.234375 18.696056366
3.05676965194 4762.61328125 18.7043437958
3.06305283725 4800.53710938 18.6777954102
3.06933602256 4918.19140625 18.7551460266
3.07561920786 4961.45117188 18.7263851166
3.08190239317 5037.44140625 18.7867412567
3.08818557848 5103.47265625 18.7702713013
3.09446876379 5194.97265625 18.8308811188
3.10075194909 5244.87890625 18.8022098541
3.1070351344 5345.67578125 18.8820095062
3.11331831971 5438.47265625 18.8898944855
3.11960150501 5484.33007812 18.915763855
3.12588469032 5578.8203125 18.9227600098
3.13216787563 5640.40039062 18.9577579498
3.13845106094 5710.72460938 18.9694499969
3.14473424624 5840.953125 19.0253639221
3.15101743155 5915.54492188 19.071931839
3.15730061686 5998.58203125 19.0775623322
3.16358380216 6073.67578125 19.0998287201
3.16986698747 6156.8828125 19.1424541473
3.17615017278 6220.94726562 19.124130249
3.18243335809 6355.14453125 19.2336406708
3.18871654339 6411.22265625 19.2023410797
3.1949997287 6532.7578125 19.2790260315
3.20128291401 6600.0 19.2866821289
3.20756609932 6698.12695312 19.3523292542
3.21384928462 6801.91601562 19.3541069031
3.22013246993 6846.79492188 19.4033069611
3.22641565524 6898.68945312 19.4521083832
3.23269884054 6903.80078125 19.4954738617
3.23898202585 6967.74804688 19.5408630371
3.24526521116 6991.09179688 19.5968151093
3.25154839647 7023.40820312 19.6351947784
3.25783158177 7045.88867188 19.6738586426
3.26411476708 7078.7578125 19.7139549255
3.27039795239 7095.99023438 19.7634086609
3.27668113769 7161.90039062 19.8123455048
3.282964323 7188.98828125 19.8730659485
3.28924750831 7141.35546875 19.8543777466
3.29553069362 7242.68164062 19.9562129974
3.30181387892 7311.70703125 20.0197505951
3.30809706423 7316.47460938 20.075056076
3.31438024954 7300.37890625 20.0592441559
3.32066343484 7373.66992188 20.1557426453
3.32694662015 7399.16210938 20.1956653595
3.33322980546 7422.51757812 20.2227897644
3.33951299077 7448.35351562 20.2755737305
3.34579617607 7538.50195312 20.3759689331
3.35207936138 7542.03710938 20.3984603882
3.35836254669 7551.5703125 20.4421539307
3.36464573199 7583.90234375 20.4888362885
3.3709289173 7638.59765625 20.539352417
3.37721210261 7682.41601562 20.6285209656
3.38349528792 7716.58398438 20.6478500366
3.38977847322 7763.4140625 20.7311248779
3.39606165853 7764.22265625 20.7654380798
3.40234484384 7818.26953125 20.8255615234
3.40862802914 7834.42382812 20.8821201324
3.41491121445 7906.47460938 20.9232254028
3.42119439976 7922.39648438 21.0188999176
3.42747758507 8008.21679688 21.0737323761
3.43376077037 8035.87695312 21.1394863129
3.44004395568 8043.82421875 21.1762866974
3.44632714099 8087.05859375 21.2441291809
3.4526103263 8150.06445312 21.30311203
3.4588935116 8191.43164062 21.4026813507
3.46517669691 8220.41796875 21.4226417542
3.47145988222 8239.18359375 21.4883155823
3.47774306752 8329.8671875 21.5740184784
3.48402625283 8358.32421875 21.6471977234
3.49030943814 8426.78710938 21.7440509796
3.49659262345 8455.0234375 21.7570610046
3.50287580875 8513.21484375 21.8845386505
3.50915899406 8524.30859375 21.9065742493
3.51544217937 8600.9453125 21.9994869232
3.52172536467 8660.88476562 22.0872859955
3.52800854998 8712.37890625 22.1630077362
3.53429173529 8718.56054688 22.2001571655
3.5405749206 8769.88476562 22.2588653564
3.5468581059 8820.38867188 22.3791332245
3.55314129121 8897.08203125 22.4131183624
3.55942447652 8880.67773438 22.4980773926
3.56570766182 8955.92382812 22.5703678131
3.57199084713 9014.48046875 22.664598465
3.57827403244 9093.5859375 22.7519168854
3.58455721775 9122.20703125 22.8346042633
3.59084040305 9189.64453125 22.9295692444
3.59712358836 9208.984375 22.9739646912
3.60340677367 9252.97070312 23.0404281616
3.60968995897 9368.98242188 23.210735321
3.61597314428 9342.00585938 23.1824150085
3.62225632959 9467.07617188 23.3672504425
3.6285395149 9523.07421875 23.4387760162
3.6348227002 9518.02734375 23.4725780487
3.64110588551 9652.53320312 23.6146030426
3.64738907082 9591.19726562 23.6202602386
3.65367225612 9750.90429688 23.8229122162
3.65995544143 9776.51757812 23.859375
3.66623862674 9846.8046875 23.9631576538
3.67252181205 9886.98046875 24.0699272156
3.67880499735 10009.4589844 24.1955337524
3.68508818266 10005.6171875 24.2533054352
3.69137136797 10075.9296875 24.3553218842
3.69765455328 10144.1777344 24.457490921
3.70393773858 10183.8828125 24.5461235046
3.71022092389 10275.9921875 24.665189743
3.7165041092 10296.3417969 24.7357215881
3.7227872945 10396.859375 24.8799877167
3.72907047981 10434.1972656 24.9554958344
3.73535366512 10546.5097656 25.1156806946
3.74163685043 10581.0 25.1862697601
3.74792003573 10686.3808594 25.3368701935
3.75420322104 10761.6816406 25.4332504272
3.76048640635 10779.4355469 25.531539917
3.76676959165 10843.7714844 25.6440563202
3.77305277696 10912.6386719 25.7676086426
3.77933596227 11037.4082031 25.8720417023
3.78561914758 11075.7949219 26.0377178192
3.79190233288 11187.703125 26.1479511261
3.79818551819 11264.0371094 26.2976093292
3.8044687035 11295.3105469 26.3758640289
3.8107518888 11424.8554688 26.5720252991
3.81703507411 11490.1328125 26.6702346802
3.82331825942 11543.3183594 26.777173996
3.82960144473 11664.3847656 26.952457428
3.83588463003 11709.5957031 27.0783481598
3.84216781534 11773.1152344 27.1596298218
3.84845100065 11911.9101562 27.3912315369
3.85473418595 12002.6503906 27.5193080902
3.86101737126 12049.9589844 27.6443347931
3.86730055657 12112.359375 27.7705860138
3.87358374188 12279.0410156 27.9707298279
3.87986692718 12315.328125 28.1013774872
3.88615011249 12394.015625 28.2039337158
3.8924332978 12536.1367188 28.4581336975
3.8987164831 12565.2773438 28.5180664062
3.90499966841 12692.3867188 28.717508316
3.91128285372 12790.1152344 28.9296512604
3.91756603903 12822.0273438 28.9825248718
3.92384922433 12890.2792969 29.1516208649
3.93013240964 13009.2480469 29.3229312897
3.93641559495 13141.6523438 29.5729446411
3.94269878026 13227.3007812 29.6703090668
3.94898196556 13323.1660156 29.8660449982
3.95526515087 13431.203125 30.0710258484
3.96154833618 13489.1640625 30.2222995758
3.96783152148 13616.7246094 30.3934421539
3.97411470679 13770.2480469 30.6694927216
3.9803978921 13848.0722656 30.8052501678
3.98668107741 13989.6035156 31.0709857941
3.99296426271 14116.8046875 31.220703125
3.99924744802 14171.15625 31.4298477173
4.00553063333 14205.6152344 31.5274219513
4.01181381863 14363.9414062 31.7871322632
4.01809700394 14490.4726562 32.0063476562
4.02438018925 14626.8710938 32.2500534058
4.03066337456 14693.3710938 32.4289245605
4.03694655986 14882.1582031 32.6824798584
4.04322974517 14919.3730469 32.8291702271
4.04951293048 15079.4980469 33.127948761
4.05579611578 15230.0878906 33.3715515137
4.06207930109 15246.2285156 33.5311088562
4.0683624864 15399.2011719 33.7166481018
4.07464567171 15528.5488281 34.0598678589
4.08092885701 15705.1425781 34.2895545959
4.08721204232 15772.0605469 34.4701499939
4.09349522763 15979.4707031 34.855556488
4.09977841293 16053.1972656 35.0296592712
4.10606159824 16200.3300781 35.2978363037
4.11234478355 16337.0527344 35.5859680176
4.11862796886 16485.2128906 35.8357620239
4.12491115416 16629.5449219 36.1989860535
4.13119433947 16770.9550781 36.406791687
4.13747752478 16798.9121094 36.6052513123
4.14376071008 17041.5957031 36.9795074463
4.15004389539 17113.7871094 37.213344574
4.1563270807 17269.7519531 37.5332870483
4.16261026601 17443.6972656 37.8429336548
4.16889345131 17563.0722656 38.1484184265
4.17517663662 17693.4667969 38.4349441528
4.18145982193 17845.0488281 38.7367897034
4.18774300724 18054.9433594 39.128993988
4.19402619254 18215.7949219 39.516960144
4.20030937785 18313.8730469 39.7819061279
4.20659256316 18466.4550781 40.0509986877
4.21287574846 18638.7285156 40.5322532654
4.21915893377 18806.1503906 40.799533844
4.22544211908 18929.8691406 41.1394271851
4.23172530439 19076.4667969 41.4963569641
4.23800848969 19299.1660156 41.9752922058
4.244291675 19427.3613281 42.2818603516
4.25057486031 19621.8417969 42.6362342834
4.25685804561 19749.7363281 43.0784606934
4.26314123092 19880.5253906 43.4122886658
4.26942441623 20115.3027344 43.8894882202
4.27570760154 20291.8847656 44.3156204224
4.28199078684 20451.7128906 44.7185974121
4.28827397215 20648.7246094 45.1918067932
4.29455715746 20864.9355469 45.6279258728
4.30084034276 20849.0019531 45.8923721313
4.30712352807 21167.7714844 46.507232666
4.31340671338 21238.0605469 46.833366394
4.31968989869 21364.2792969 47.3085441589
4.32597308399 21686.8886719 47.8298454285
4.3322562693 21851.0410156 48.3729782104
4.33853945461 21968.3222656 48.7973365784
4.34482263991 22180.9121094 49.2829208374
4.35110582522 22329.1386719 49.8776664734
4.35738901053 22588.3261719 50.3597984314
4.36367219584 22619.2558594 50.7655487061
4.36995538114 22889.6777344 51.388507843
4.37623856645 23013.5683594 51.9369468689
4.38252175176 23194.8886719 52.5018920898
4.38880493706 23364.1308594 52.9269332886
4.39508812237 23436.5996094 53.5258140564
4.40137130768 23789.9746094 54.2286605835
4.40765449299 23850.4902344 54.73279953
4.41393767829 23919.0449219 55.1497955322
4.4202208636 24257.5253906 55.9688415527
4.42650404891 24380.5605469 56.6876869202
4.43278723422 24636.3496094 57.1760444641
4.43907041952 24785.0214844 58.062664032
4.44535360483 24894.9746094 58.4591331482
4.45163679014 25019.4628906 59.2106018066
4.45791997544 25055.8417969 59.6406898499
4.46420316075 25370.9433594 60.5353736877
4.47048634606 25442.0410156 61.2625198364
4.47676953137 25666.1582031 61.9519615173
4.48305271667 25698.7050781 62.5500526428
4.48933590198 25786.8066406 63.2359924316
4.49561908729 26075.5683594 64.240524292
4.50190227259 26067.2441406 64.8627471924
4.5081854579 26306.6738281 65.5979232788
4.51446864321 26212.5097656 66.2296447754
4.52075182852 26462.5175781 67.215385437
4.52703501382 26450.9902344 67.83203125
4.53331819913 26407.6972656 68.4106140137
4.53960138444 26535.7128906 69.3461456299
4.54588456974 26529.0488281 70.1113586426
4.55216775505 26718.4042969 71.0641174316
4.55845094036 26724.2285156 71.7414932251
4.56473412567 26699.7832031 72.5470504761
4.57101731097 26967.6582031 73.5834655762
4.57730049628 26979.3808594 74.2225799561
4.58358368159 26916.6699219 74.8614959717
4.58986686689 27145.1308594 75.9233932495
4.5961500522 27336.0253906 76.9336013794
4.60243323751 27350.2519531 77.6583557129
4.60871642282 27496.1933594 78.5208740234
4.61499960812 27610.4902344 79.5855941772
4.62128279343 27601.2402344 80.1053619385
4.62756597874 27755.8769531 81.1811981201
4.63384916404 28012.4316406 82.3554382324
4.64013234935 28100.0996094 83.3372573853
4.64641553466 28193.4160156 84.1033782959
4.65269871997 28316.6269531 85.0540542603
4.65898190527 28561.0957031 86.373588562
4.66526509058 28654.9199219 87.2931213379
4.67154827589 28890.4863281 88.4193115234
4.6778314612 28941.7910156 89.2997589111
4.6841146465 29172.6933594 90.7261428833
4.69039783181 29289.5722656 91.6266403198
4.69668101712 29496.0957031 92.7474975586
4.70296420242 29637.2480469 94.1296005249
4.70924738773 29712.8222656 95.1009597778
4.71553057304 29989.5878906 96.2642974854
4.72181375835 30278.7011719 97.8578491211
4.72809694365 30322.6113281 98.8773574829
4.73438012896 30760.6855469 100.692581177
4.74066331427 30935.3652344 101.758880615
4.74694649957 31209.5371094 103.51914978
4.75322968488 31276.0214844 104.482765198
4.75951287019 31380.8300781 105.700508118
4.7657960555 31669.3378906 107.350708008
4.7720792408 31791.7558594 108.500274658
4.77836242611 32165.6738281 110.465614319
4.78464561142 32251.8769531 111.723594666
4.79092879672 32723.3808594 113.505104065
4.79721198203 32691.2636719 114.838912964
4.80349516734 33211.328125 117.29574585
4.80977835265 33096.296875 117.788894653
4.81606153795 33509.96875 119.99118042
4.82234472326 33913.921875 122.187957764
4.82862790857 33891.140625 123.516845703
4.83491109387 34401.484375 125.339225769
4.84119427918 34615.9921875 127.577880859
4.84747746449 34790.25 129.394744873
4.8537606498 35164.203125 131.396728516
4.8600438351 35377.140625 133.053955078
4.86632702041 35711.4921875 135.659332275
4.87261020572 35870.0234375 137.244873047
4.87889339102 36245.734375 139.529510498
4.88517657633 36437.9921875 141.434738159
4.89145976164 37049.7421875 144.906784058
4.89774294695 37055.6328125 146.299423218
4.90402613225 37463.109375 148.648422241
4.91030931756 37699.4453125 151.079742432
4.91659250287 38061.7734375 153.750366211
4.92287568818 38508.6640625 156.679702759
4.92915887348 38615.015625 158.490478516
4.93544205879 38934.3515625 160.883590698
4.9417252441 39516.8671875 165.005767822
4.9480084294 39627.4765625 167.016571045
4.95429161471 40212.2109375 169.984725952
4.96057480002 40541.390625 173.501846313
4.96685798533 41046.5859375 177.463378906
4.97314117063 41134.0078125 178.68522644
4.97942435594 41386.109375 181.596313477
4.98570754125 41875.78125 186.012329102
4.99199072655 42245.5625 189.577865601
4.99827391186 42966.015625 192.777145386
5.00455709717 43244.875 196.762863159
5.01084028248 43684.9609375 201.000320435
5.01712346778 43757.75 203.963668823
5.02340665309 44233.375 206.49520874
5.0296898384 44734.546875 211.821350098
5.0359730237 45557.78125 217.623718262
5.04225620901 45843.9296875 220.834289551
5.04853939432 45936.265625 224.194946289
5.05482257963 46655.703125 229.495193481
5.06110576493 46892.9609375 235.022521973
5.06738895024 47040.921875 236.014633179
5.07367213555 47899.90625 243.515548706
5.07995532085 48353.984375 249.422958374
5.08623850616 48886.984375 254.616760254
5.09252169147 49262.5625 258.525390625
5.09880487678 49671.359375 263.892547607
5.10508806208 50725.4609375 273.351501465
5.11137124739 50280.625 274.976135254
5.1176544327 51331.4765625 281.887664795
5.123937618 52345.265625 291.495697021
5.13022080331 52718.25 297.935546875
5.13650398862 52950.6015625 302.562347412
5.14278717393 53684.1015625 309.294342041
5.14907035923 54405.8125 319.963653564
5.15535354454 54945.8671875 328.980987549
5.16163672985 55876.390625 333.422821045
5.16791991516 56116.484375 341.538604736
5.17420310046 56917.3359375 352.448822021
5.18048628577 57458.0859375 362.206939697
5.18676947108 57958.484375 366.655853271
5.19305265638 58341.765625 377.339263916
5.19933584169 59282.7734375 389.8309021
5.205619027 58999.125 394.174407959
5.21190221231 60092.1484375 405.355957031
5.21818539761 61789.3125 424.202941895
5.22446858292 62264.578125 438.136016846
5.23075176823 63110.9140625 443.891571045
5.23703495353 63636.6640625 456.515472412
5.24331813884 64747.6640625 477.451477051
5.24960132415 65148.1484375 491.612213135
5.25588450946 65752.171875 493.907043457
5.26216769476 67020.65625 514.795471191
5.26845088007 68419.6328125 543.100891113
5.27473406538 68777.65625 556.096374512
5.28101725068 69896.28125 565.306640625
5.28730043599 69869.4921875 583.819458008
5.2935836213 70867.734375 608.31262207
5.29986680661 73302.5234375 638.507446289
5.30614999191 72508.5234375 641.734863281
5.31243317722 73524.59375 669.139221191
5.31871636253 75155.0859375 707.875854492
5.32499954783 75273.953125 709.721191406
5.33128273314 76115.1328125 741.290527344
5.33756591845 76571.5625 774.963745117
5.34384910376 79482.2421875 827.151855469
5.35013228906 78427.5234375 805.555297852
5.35641547437 81541.78125 883.727783203
5.36269865968 82248.09375 932.254394531
5.36898184498 82631.875 952.939575195
5.37526503029 82737.3515625 946.670715332
5.3815482156 83662.953125 1031.23059082
5.38783140091 85296.984375 1118.45410156
5.39411458621 88724.9921875 1131.42602539
5.40039777152 90836.6171875 1174.29309082
5.40668095683 87916.75 1243.42675781
5.41296414214 91563.0703125 1416.35449219
5.41924732744 91969.8671875 1321.65429688
5.42553051275 92952.3046875 1401.01159668
5.43181369806 95296.3125 1583.57910156
5.43809688336 96925.90625 1813.20385742
5.44438006867 96207.7109375 1611.00634766
5.45066325398 98174.2421875 1767.28771973
5.45694643929 102250.023438 2082.60864258
5.46322962459 100033.101562 2306.70019531
5.4695128099 102048.890625 2105.80712891
5.47579599521 106813.273438 2370.91699219
5.48207918051 108000.8125 2896.09399414
5.48836236582 110697.703125 3210.36474609
5.49464555113 114341.15625 3076.0793457
5.50092873644 111217.226562 3310.96069336
5.50721192174 114708.453125 5028.11181641
5.51349510705 112498.59375 4039.99121094
5.51977829236 115881.03125 4609.66699219
5.52606147766 113755.109375 5259.09814453
5.53234466297 115620.703125 8574.17871094
5.53862784828 116816.859375 7068.29052734
5.54491103359 111569.929688 8583.46289062
5.55119421889 146720.03125 14795.6660156
5.5574774042 110033.195312 22294.2519531
5.56376058951 140946.4375 30045.1425781
5.57004377481 104707.5 65609.96875
