0.00942477796077 18533.2 5142.25
0.0157079632679 17043.9 2968.27
0.0219911485751 12125.2 1365.03
0.0282743338823 8284.42 766.583
0.0345575191895 5409.53 378.338
0.0408407044967 3707.89 242.362
0.0471238898038 2758.85 144.008
0.053407075111 2054.67 99.0994
0.0596902604182 1645.83 68.3547
0.0659734457254 1309.08 50.5239
0.0722566310326 1056.82 37.3257
0.0785398163397 790.8 25.4344
0.0848230016469 611.245 17.9881
0.0911061869541 464.984 13.2621
0.0973893722613 386.469 10.0478
0.103672557568 313.197 7.88663
0.109955742876 265.438 6.15921
0.116238928183 225.718 5.0629
0.12252211349 191.22 4.0444
0.128805298797 170.78 3.47209
0.135088484104 143.193 2.80855
0.141371669412 119.434 2.25396
0.147654854719 103.55 1.87439
0.153938040026 91.7435 1.63406
0.160221225333 80.2958 1.35963
0.16650441064 69.3668 1.1611
0.172787595947 62.3394 1.00161
0.179070781255 55.5431 0.897258
0.185353966562 49.4178 0.761228
0.191637151869 45.4551 0.702047
0.197920337176 40.2864 0.597413
0.204203522483 37.4326 0.554451
0.210486707791 33.9849 0.490885
0.216769893098 31.0073 0.445651
0.223053078405 28.7596 0.406651
0.229336263712 26.8413 0.375206
0.235619449019 24.8893 0.345235
0.241902634326 23.3999 0.319681
0.248185819634 21.4433 0.291264
0.254469004941 21.0663 0.282484
0.260752190248 19.3691 0.256921
0.267035375555 18.6603 0.24562
0.273318560862 17.7754 0.230041
0.279601746169 16.9393 0.218825
0.285884931477 15.8811 0.204467
0.292168116784 15.0085 0.193981
0.298451302091 14.5398 0.184235
0.304734487398 14.3341 0.179597
0.311017672705 13.7773 0.170567
0.317300858013 13.3473 0.164871
0.32358404332 12.7393 0.155404
0.329867228627 12.4278 0.151602
0.336150413934 12.0598 0.144792
0.342433599241 11.7748 0.141967
0.348716784548 11.2627 0.133759
0.354999969856 11.4587 0.133906
0.361283155163 11.0408 0.128745
0.36756634047 10.8269 0.124205
0.373849525777 10.5687 0.121175
0.380132711084 10.3948 0.117198
0.386415896392 10.0728 0.113906
0.392699081699 10.2196 0.113156
0.398982267006 9.81104 0.107573
0.405265452313 9.8233 0.107804
0.41154863762 9.63884 0.103224
0.417831822927 9.4614 0.10216
0.424115008235 9.38108 0.0993247
0.430398193542 9.33536 0.0975745
0.436681378849 9.24081 0.0958879
0.442964564156 9.09422 0.0938154
0.449247749463 9.09513 0.0924601
0.455530934771 8.9993 0.0905852
0.461814120078 8.83297 0.0877325
0.468097305385 8.85838 0.0877422
0.474380490692 8.75489 0.085279
0.480663675999 8.74293 0.0847132
0.486946861306 8.65083 0.0829078
0.493230046614 8.57154 0.0815304
0.499513231921 8.47353 0.0799601
0.505796417228 8.50328 0.0792314
0.512079602535 8.49759 0.077991
0.518362787842 8.41122 0.0763815
0.524645973149 8.38177 0.0757529
0.530929158457 8.35211 0.0748036
0.537212343764 8.24356 0.0729944
0.543495529071 8.26639 0.0725673
0.549778714378 8.21345 0.0713203
0.556061899685 8.19188 0.070968
0.562345084993 8.19972 0.0693027
0.5686282703 8.1012 0.068598
0.574911455607 8.14828 0.0680861
0.581194640914 8.11488 0.0671156
0.587477826221 8.07078 0.0662357
0.593761011528 8.05922 0.0655543
0.600044196836 7.99846 0.0644746
0.606327382143 7.95266 0.0639006
0.61261056745 7.96642 0.0629223
0.618893752757 8.01442 0.0626421
0.625176938064 7.94325 0.0617063
0.631460123372 7.94389 0.0612219
0.637743308679 7.92302 0.0602386
0.644026493986 7.88558 0.0598289
0.650309679293 7.9387 0.0592066
0.6565928646 7.89082 0.0586143
0.662876049907 7.82694 0.0577671
0.669159235215 7.85986 0.0574199
0.675442420522 7.82501 0.0565294
0.681725605829 7.83803 0.0564632
0.688008791136 7.8183 0.0554594
0.694291976443 7.84188 0.0554639
0.700575161751 7.73054 0.0540966
0.706858347058 7.82552 0.0542501
0.713141532365 7.74196 0.0533387
0.719424717672 7.79655 0.0531027
0.725707902979 7.75633 0.0524848
0.731991088286 7.73081 0.0520341
0.738274273594 7.73725 0.0515126
0.744557458901 7.72371 0.051214
0.750840644208 7.739 0.0507383
0.757123829515 7.72813 0.0502229
0.763407014822 7.74417 0.0498671
0.769690200129 7.68464 0.0493428
0.775973385437 7.71126 0.04885
0.782256570744 7.68662 0.0485404
0.788539756051 7.65826 0.047898
0.794822941358 7.70808 0.0481087
0.801106126665 7.71609 0.0473642
0.807389311973 7.67422 0.0470184
0.81367249728 7.69207 0.046565
0.819955682587 7.6441 0.0461741
0.826238867894 7.67136 0.0458668
0.832522053201 7.63484 0.0453654
0.838805238508 7.66214 0.0450464
0.845088423816 7.63924 0.0449706
0.851371609123 7.64289 0.0443977
0.85765479443 7.61317 0.0439861
0.863937979737 7.63471 0.0438073
0.870221165044 7.62664 0.0434113
0.876504350352 7.61995 0.0431583
0.882787535659 7.62227 0.0427281
0.889070720966 7.60752 0.0425029
0.895353906273 7.60932 0.0421998
0.90163709158 7.61678 0.0418062
0.907920276887 7.58823 0.0415981
0.914203462195 7.56833 0.0410406
0.920486647502 7.6106 0.0411153
0.926769832809 7.59958 0.0406427
0.933053018116 7.58006 0.0403943
0.939336203423 7.57972 0.0400364
0.945619388731 7.58443 0.039988
0.951902574038 7.54417 0.0394625
0.958185759345 7.6062 0.0394664
0.964468944652 7.56241 0.0388751
0.970752129959 7.55498 0.0387906
0.977035315266 7.56331 0.038532
0.983318500574 7.57521 0.0383574
0.989601685881 7.54961 0.037992
0.995884871188 7.56361 0.0377579
1.0021680565 7.57535 0.0375835
1.0084512418 7.55776 0.0373838
1.01473442711 7.58104 0.0370416
1.02101761242 7.55925 0.0368339
1.02730079772 7.54487 0.0366175
1.03358398303 7.548 0.0363481
1.03986716834 7.54294 0.0361256
1.04615035365 7.52676 0.0359413
1.05243353895 7.53676 0.035662
1.05871672426 7.55241 0.035604
1.06499990957 7.51869 0.0351576
1.07128309487 7.53377 0.0350712
1.07756628018 7.5556 0.0348893
1.08384946549 7.57848 0.0347752
1.0901326508 7.51501 0.0344175
1.0964158361 7.50997 0.034188
1.10269902141 7.56304 0.0341003
1.10898220672 7.55779 0.0339715
1.11526539202 7.52411 0.0337111
1.12154857733 7.5211 0.0334582
1.12783176264 7.56137 0.0333157
1.13411494795 7.51799 0.0330705
1.14039813325 7.51619 0.0329581
1.14668131856 7.5049 0.0326722
1.15296450387 7.52642 0.0324862
1.15924768917 7.5315 0.0324468
1.16553087448 7.52879 0.0321875
1.17181405979 7.48784 0.0319804
1.1780972451 7.52215 0.031767
1.1843804304 7.49454 0.0317449
1.19066361571 7.49161 0.0314191
1.19694680102 7.526 0.0314353
1.20322998632 7.5067 0.0310599
1.20951317163 7.52214 0.0311194
1.21579635694 7.52011 0.030814
1.22207954225 7.52958 0.0307561
1.22836272755 7.53434 0.0305291
1.23464591286 7.51825 0.0303802
1.24092909817 7.50499 0.0302918
1.24721228348 7.51836 0.0300594
1.25349546878 7.51959 0.029924
1.25977865409 7.50878 0.0297777
1.2660618394 7.49136 0.0295636
1.2723450247 7.51061 0.029507
1.27862821001 7.51647 0.0292832
1.28491139532 7.51717 0.0292605
1.29119458063 7.51524 0.0289691
1.29747776593 7.51148 0.0289532
1.30376095124 7.51947 0.0287791
1.31004413655 7.51362 0.0286587
1.31632732185 7.5111 0.0284685
1.32261050716 7.52255 0.0283895
1.32889369247 7.49126 0.0281962
1.33517687778 7.50354 0.0280793
1.34146006308 7.51695 0.0279031
1.34774324839 7.5493 0.0279395
1.3540264337 7.50853 0.0277059
1.360309619 7.51135 0.0275613
1.36659280431 7.50959 0.0274595
1.37287598962 7.51126 0.0272829
1.37915917493 7.5145 0.0272353
1.38544236023 7.48454 0.027023
1.39172554554 7.52626 0.0269497
1.39800873085 7.49479 0.026815
1.40429191615 7.51969 0.026695
1.41057510146 7.49243 0.0265777
1.41685828677 7.50444 0.0264256
1.42314147208 7.50448 0.0263914
1.42942465738 7.51926 0.0262137
1.43570784269 7.53857 0.0261831
1.441991028 7.5023 0.0259581
1.4482742133 7.50246 0.025932
1.45455739861 7.51639 0.0257686
1.46084058392 7.52439 0.0256985
1.46712376923 7.49566 0.0255088
1.47340695453 7.51761 0.0254925
1.47969013984 7.53097 0.0253705
1.48597332515 7.52871 0.0252741
1.49225651046 7.49151 0.0251115
1.49853969576 7.48851 0.0250339
1.50482288107 7.49774 0.0248563
1.51110606638 7.51725 0.0248467
1.51738925168 7.5101 0.0246921
1.52367243699 7.51902 0.0246286
1.5299556223 7.52186 0.0245069
1.53623880761 7.49613 0.0243771
1.54252199291 7.51542 0.0243408
1.54880517822 7.54477 0.02429
1.55508836353 7.51213 0.0240693
1.56137154883 7.51847 0.0240812
1.56765473414 7.49625 0.0238938
1.57393791945 7.49897 0.0238074
1.58022110476 7.51336 0.0237171
1.58650429006 7.53586 0.023698
1.59278747537 7.52044 0.0235797
1.59907066068 7.52818 0.0234436
1.60535384598 7.51198 0.0233587
1.61163703129 7.53215 0.0233228
1.6179202166 7.53108 0.0232116
1.62420340191 7.5361 0.0231266
1.63048658721 7.52705 0.023029
1.63676977252 7.54812 0.022968
1.64305295783 7.51245 0.0228271
1.64933614313 7.54357 0.0228137
1.65561932844 7.51504 0.0226257
1.66190251375 7.53373 0.022623
1.66818569906 7.54375 0.0224887
1.67446888436 7.529 0.0224707
1.68075206967 7.55513 0.0223758
1.68703525498 7.50961 0.0221997
1.69331844028 7.51456 0.0221395
1.69960162559 7.54845 0.0221743
1.7058848109 7.53809 0.0219753
1.71216799621 7.54587 0.0219795
1.71845118151 7.53699 0.021833
1.72473436682 7.5448 0.0218237
1.73101755213 7.54023 0.0217066
1.73730073744 7.5299 0.0215873
1.74358392274 7.52539 0.0215701
1.74986710805 7.54355 0.0214713
1.75615029336 7.55749 0.0214139
1.76243347866 7.53677 0.0213217
1.76871666397 7.55394 0.0212556
1.77499984928 7.56354 0.0212175
1.78128303459 7.56025 0.0210946
1.78756621989 7.547 0.0210616
1.7938494052 7.55833 0.0209336
1.80013259051 7.56578 0.0209545
1.80641577581 7.56254 0.0208094
1.81269896112 7.55877 0.0207837
1.81898214643 7.58244 0.0206946
1.82526533174 7.55393 0.0206089
1.83154851704 7.56439 0.0205489
1.83783170235 7.56309 0.0204781
1.84411488766 7.57343 0.0203977
1.85039807296 7.57639 0.0203759
1.85668125827 7.57838 0.0202787
1.86296444358 7.562 0.0202183
1.86924762889 7.5716 0.0201289
1.87553081419 7.57125 0.0200731
1.8818139995 7.57935 0.0200286
1.88809718481 7.58882 0.0199744
1.89438037011 7.58151 0.0199073
1.90066355542 7.58982 0.0198002
1.90694674073 7.59787 0.0197935
1.91322992604 7.59717 0.0197336
1.91951311134 7.58454 0.019611
1.92579629665 7.58738 0.0195914
1.93207948196 7.58835 0.019478
1.93836266726 7.60592 0.0195208
1.94464585257 7.59431 0.0193682
1.95092903788 7.60502 0.0193503
1.95721222319 7.60366 0.0192633
1.96349540849 7.60913 0.019233
1.9697785938 7.61432 0.0191745
1.97606177911 7.61644 0.0190924
1.98234496442 7.61852 0.0190556
1.98862814972 7.6199 0.0190071
1.99491133503 7.62581 0.0189429
2.00119452034 7.62575 0.0188896
2.00747770564 7.63064 0.0188308
2.01376089095 7.62793 0.0187876
2.02004407626 7.63415 0.0187108
2.02632726157 7.6321 0.0186373
2.03261044687 7.63294 0.0186004
2.03889363218 7.63125 0.0185695
2.04517681749 7.6453 0.0184859
2.05146000279 7.65514 0.0184527
2.0577431881 7.64899 0.0183887
2.06402637341 7.66342 0.0183595
2.07030955872 7.65883 0.0182807
2.07659274402 7.6692 0.0182473
2.08287592933 7.646 0.0181914
2.08915911464 7.67924 0.018169
2.09544229994 7.6535 0.0180379
2.10172548525 7.66297 0.018054
2.10800867056 7.66922 0.0179635
2.11429185587 7.67756 0.0179407
2.12057504117 7.667 0.0178743
2.12685822648 7.67979 0.017827
2.13314141179 7.69205 0.01779
2.13942459709 7.68583 0.0177241
2.1457077824 7.69158 0.0176898
2.15199096771 7.71729 0.0176893
2.15827415302 7.71778 0.0175844
2.16455733832 7.70666 0.0175775
2.17084052363 7.72045 0.0174902
2.17712370894 7.70693 0.0174753
2.18340689424 7.7171 0.0174203
2.18969007955 7.73878 0.0173783
2.19597326486 7.73542 0.0173276
2.20225645017 7.72111 0.017278
2.20853963547 7.71471 0.0172138
2.21482282078 7.73704 0.017189
2.22110600609 7.73645 0.0171245
2.2273891914 7.7377 0.0171157
2.2336723767 7.74407 0.0170262
2.23995556201 7.75026 0.0170266
2.24623874732 7.73916 0.0169428
2.25252193262 7.75656 0.016931
2.25880511793 7.76601 0.0168968
2.26508830324 7.78288 0.0168408
2.27137148855 7.78244 0.0168309
2.27765467385 7.77703 0.0167405
2.28393785916 7.79187 0.0167306
2.29022104447 7.79959 0.0167
2.29650422977 7.8032 0.0166247
2.30278741508 7.80872 0.0166428
2.30907060039 7.83188 0.0165668
2.3153537857 7.81356 0.0165375
2.321636971 7.81486 0.0164575
2.32792015631 7.81278 0.0164521
2.33420334162 7.8408 0.0164309
2.34048652692 7.85229 0.0163814
2.34676971223 7.85136 0.0163376
2.35305289754 7.85311 0.016299
2.35933608285 7.86023 0.0162679
2.36561926815 7.86131 0.0162469
2.37190245346 7.8794 0.0161769
2.37818563877 7.86848 0.016161
2.38446882407 7.88222 0.0161096
2.39075200938 7.89319 0.0160969
2.39703519469 7.89337 0.0160543
2.40331838 7.91526 0.0160199
2.4096015653 7.90971 0.0159694
2.41588475061 7.91297 0.0159416
2.42216793592 7.92141 0.0158925
2.42845112122 7.926 0.0158977
2.43473430653 7.94699 0.0158389
2.44101749184 7.95013 0.0158256
2.44730067715 7.96802 0.0157716
2.45358386245 7.96168 0.0157669
2.45986704776 7.96167 0.0156923
2.46615023307 7.9661 0.0156717
2.47243341838 8.00778 0.0156756
2.47871660368 7.99872 0.0156338
2.48499978899 8.00131 0.0155782
2.4912829743 8.01765 0.0155596
2.4975661596 8.01812 0.0155379
2.50384934491 8.02439 0.0154822
2.51013253022 8.03999 0.0154672
2.51641571553 8.05315 0.0154496
2.52269890083 8.04792 0.0153821
2.52898208614 8.06484 0.0153954
2.53526527145 8.07215 0.0153375
2.54154845675 8.07883 0.0153199
2.54783164206 8.09089 0.0152825
2.55411482737 8.10301 0.0152836
2.56039801268 8.11296 0.0152366
2.56668119798 8.10723 0.0151749
2.57296438329 8.12718 0.0151844
2.5792475686 8.15611 0.015171
2.5855307539 8.14526 0.0151079
2.59181393921 8.17047 0.0151165
2.59809712452 8.18922 0.0150897
2.60438030983 8.19446 0.0150726
2.61066349513 8.18661 0.0149941
2.61694668044 8.19436 0.0149994
2.62322986575 8.20231 0.0149657
2.62951305105 8.22824 0.0149313
2.63579623636 8.22485 0.0149147
2.64207942167 8.23551 0.0148774
2.64836260698 8.25925 0.0148708
2.65464579228 8.27117 0.014836
2.66092897759 8.29041 0.0148264
2.6672121629 8.3048 0.0148189
2.6734953482 8.30707 0.0147541
2.67977853351 8.31218 0.0147501
2.68606171882 8.33694 0.0147266
2.69234490413 8.34539 0.0147157
2.69862808943 8.34606 0.0146745
2.70491127474 8.37679 0.0146772
2.71119446005 8.38351 0.0146387
2.71747764536 8.3871 0.0146072
2.72376083066 8.41291 0.0145927
2.73004401597 8.4078 0.0145469
2.73632720128 8.42687 0.0145653
2.74261038658 8.44722 0.0145323
2.74889357189 8.45762 0.0144924
2.7551767572 8.46554 0.0144928
2.76145994251 8.499 0.0144661
2.76774312781 8.50923 0.0144596
2.77402631312 8.51731 0.0144242
2.78030949843 8.54413 0.0144245
2.78659268373 8.55395 0.0144014
2.79287586904 8.56273 0.0143764
2.79915905435 8.58168 0.014344
2.80544223966 8.6023 0.014351
2.81172542496 8.62152 0.0143141
2.81800861027 8.63352 0.0143423
2.82429179558 8.65059 0.0142648
2.83057498088 8.66806 0.0142723
2.83685816619 8.67466 0.0142467
2.8431413515 8.70567 0.0142471
2.84942453681 8.712 0.0142168
2.85570772211 8.73089 0.0142027
2.86199090742 8.75569 0.0141975
2.86827409273 8.77357 0.0141772
2.87455727803 8.7914 0.0141583
2.88084046334 8.80348 0.014148
2.88712364865 8.82155 0.0141223
2.89340683396 8.85048 0.0141335
2.89969001926 8.85821 0.0140968
2.90597320457 8.88436 0.0140963
2.91225638988 8.91323 0.0140714
2.91853957518 8.92936 0.014076
2.92482276049 8.94464 0.0140453
2.9311059458 8.97639 0.0140444
2.93738913111 9.01284 0.014055
2.94367231641 9.0235 0.0140263
2.94995550172 9.04598 0.0140112
2.95623868703 9.0599 0.0140115
2.96252187234 9.09872 0.0139904
2.96880505764 9.10332 0.013982
2.97508824295 9.13234 0.0139734
2.98137142826 9.15503 0.0139604
2.98765461356 9.1836 0.0139505
2.99393779887 9.19794 0.0139442
3.00022098418 9.22894 0.0139439
3.00650416949 9.2494 0.0139238
3.01278735479 9.27011 0.0139084
3.0190705401 9.30243 0.0139147
3.02535372541 9.33321 0.0138955
3.03163691071 9.34704 0.0138958
3.03792009602 9.38264 0.013876
3.04420328133 9.40515 0.0138852
3.05048646664 9.4324 0.0138747
3.05676965194 9.46217 0.0138746
3.06305283725 9.50126 0.0138638
3.06933602256 9.51278 0.0138593
3.07561920786 9.56616 0.0138555
3.08190239317 9.5812 0.0138666
3.08818557848 9.6171 0.013844
3.09446876379 9.65287 0.013863
3.10075194909 9.67122 0.0138271
3.1070351344 9.70931 0.0138567
3.11331831971 9.73528 0.0138286
3.11960150501 9.7599 0.0138403
3.12588469032 9.79544 0.0138185
3.13216787563 9.84998 0.0138517
3.13845106094 9.86374 0.0138302
3.14473424624 9.89322 0.0138188
3.15101743155 9.93367 0.0138417
3.15730061686 9.96299 0.0138212
3.16358380216 10.0066 0.0138288
3.16986698747 10.0409 0.0138391
3.17615017278 10.0887 0.0138271
3.18243335809 10.1151 0.0138506
3.18871654339 10.1388 0.0138149
3.1949997287 10.1781 0.0138323
3.20128291401 10.2352 0.0138448
3.20756609932 10.2615 0.0138573
3.21384928462 10.2975 0.0138288
3.22013246993 10.3281 0.0138628
3.22641565524 10.3501 0.0138859
3.23269884054 10.358 0.0139201
3.23898202585 10.3742 0.0139295
3.24526521116 10.3789 0.01396
3.25154839647 10.3964 0.0139831
3.25783158177 10.4027 0.014003
3.26411476708 10.4373 0.0140404
3.27039795239 10.4403 0.0140682
3.27668113769 10.4612 0.0140826
3.282964323 10.449 0.014101
3.28924750831 10.4677 0.0141292
3.29553069362 10.472 0.0141481
3.30181387892 10.4985 0.0141754
3.30809706423 10.5173 0.0142268
3.31438024954 10.5141 0.0142221
3.32066343484 10.541 0.0142706
3.32694662015 10.5523 0.0142935
3.33322980546 10.5561 0.0143026
3.33951299077 10.5692 0.0143359
3.34579617607 10.5991 0.0143799
3.35207936138 10.6097 0.0144022
3.35836254669 10.6247 0.0144396
3.36464573199 10.6448 0.0144705
3.3709289173 10.6431 0.0144739
3.37721210261 10.6688 0.0145326
3.38349528792 10.6702 0.014528
3.38977847322 10.7014 0.0145851
3.39606165853 10.7133 0.0146185
3.40234484384 10.7241 0.0146388
3.40862802914 10.7232 0.0146687
3.41491121445 10.7781 0.014701
3.42119439976 10.8072 0.0147827
3.42747758507 10.7964 0.0147637
3.43376077037 10.8098 0.014805
3.44004395568 10.8421 0.0148524
3.44632714099 10.845 0.0148777
3.4526103263 10.8368 0.0148764
3.4588935116 10.8868 0.0149632
3.46517669691 10.8892 0.0149626
3.47145988222 10.9169 0.0150204
3.47774306752 10.9208 0.0150317
3.48402625283 10.943 0.0150846
3.49030943814 10.9521 0.0151203
3.49659262345 10.9891 0.0151436
3.50287580875 11.0232 0.0152271
3.50915899406 11.0185 0.0152321
3.51544217937 11.0507 0.0152794
3.52172536467 11.0566 0.0153108
3.52800854998 11.0599 0.0153364
3.53429173529 11.0836 0.0153782
3.5405749206 11.1262 0.0154248
3.5468581059 11.1414 0.0154916
3.55314129121 11.1759 0.0154997
3.55942447652 11.1826 0.0155735
3.56570766182 11.22 0.0156112
3.57199084713 11.2147 0.0156381
3.57827403244 11.2544 0.0156859
3.58455721775 11.272 0.015741
3.59084040305 11.2872 0.0157801
3.59712358836 11.3199 0.0158271
3.60340677367 11.3277 0.0158539
3.60968995897 11.3592 0.0159301
3.61597314428 11.3598 0.0159268
3.62225632959 11.3868 0.0160038
3.6285395149 11.4432 0.0160681
3.6348227002 11.4606 0.016109
3.64110588551 11.4867 0.01615
3.64738907082 11.4885 0.0161914
3.65367225612 11.5171 0.0162609
3.65995544143 11.533 0.0162845
3.66623862674 11.5566 0.0163343
3.67252181205 11.5917 0.0164138
3.67880499735 11.6354 0.0164651
3.68508818266 11.6421 0.0165125
3.69137136797 11.6691 0.0165638
3.69765455328 11.6924 0.0166132
3.70393773858 11.7403 0.0166917
3.71022092389 11.7607 0.0167358
3.7165041092 11.7528 0.0167647
3.7227872945 11.7992 0.0168435
3.72907047981 11.818 0.0168889
3.73535366512 11.8659 0.0169727
3.74163685043 11.8823 0.0170143
3.74792003573 11.9094 0.0170772
3.75420322104 11.9447 0.0171285
3.76048640635 11.9829 0.0172179
3.76676959165 11.9961 0.017267
3.77305277696 12.035 0.0173435
3.77933596227 12.05 0.0173524
3.78561914758 12.0814 0.0174686
3.79190233288 12.1331 0.0175216
3.79818551819 12.1477 0.0175891
3.8044687035 12.1963 0.0176663
3.8107518888 12.2134 0.0177349
3.81703507411 12.256 0.0177995
3.82331825942 12.2847 0.0178648
3.82960144473 12.3245 0.0179446
3.83588463003 12.3532 0.0180271
3.84216781534 12.3809 0.0180679
3.84845100065 12.4114 0.0181654
3.85473418595 12.4545 0.0182347
3.86101737126 12.4982 0.0183289
3.86730055657 12.5204 0.0183949
3.87358374188 12.5519 0.0184547
3.87986692718 12.5859 0.0185502
3.88615011249 12.6345 0.0186148
3.8924332978 12.6789 0.0187366
3.8987164831 12.7036 0.0187812
3.90499966841 12.7713 0.0188976
3.91128285372 12.7832 0.018988
3.91756603903 12.8398 0.0190563
3.92384922433 12.8796 0.0191626
3.93013240964 12.8859 0.0192073
3.93641559495 12.9375 0.0193377
3.94269878026 12.9899 0.019398
3.94898196556 13.0291 0.0195037
3.95526515087 13.0421 0.0195825
3.96154833618 13.1249 0.0197242
3.96783152148 13.1293 0.0197602
3.97411470679 13.2015 0.0199131
3.9803978921 13.2388 0.0199884
3.98668107741 13.2908 0.0201222
3.99296426271 13.3471 0.0201938
3.99924744802 13.3628 0.02031
4.00553063333 13.4074 0.020395
4.01181381863 13.4429 0.0204973
4.01809700394 13.4807 0.0205956
4.02438018925 13.5627 0.0207467
4.03066337456 13.6024 0.0208588
4.03694655986 13.6372 0.0209359
4.04322974517 13.6906 0.0210593
4.04951293048 13.7456 0.0212031
4.05579611578 13.8116 0.0213286
4.06207930109 13.8516 0.0214605
4.0683624864 13.8915 0.0215208
4.07464567171 13.9586 0.0217241
4.08092885701 14.0195 0.0218181
4.08721204232 14.0421 0.0219126
4.09349522763 14.1262 0.0221087
4.09977841293 14.1813 0.0222277
4.10606159824 14.2258 0.0223474
4.11234478355 14.276 0.0224922
4.11862796886 14.338 0.0226173
4.12491115416 14.3762 0.0227912
4.13119433947 14.4095 0.0228638
4.13747752478 14.5107 0.0230764
4.14376071008 14.5184 0.0231591
4.15004389539 14.6301 0.023376
4.1563270807 14.6528 0.023497
4.16261026601 14.7438 0.0236717
4.16889345131 14.7915 0.0238339
4.17517663662 14.8304 0.0239671
4.18145982193 14.9309 0.0241617
4.18774300724 14.9892 0.0243277
4.19402619254 15.0399 0.0245151
4.20030937785 15.0974 0.0246759
4.20659256316 15.1721 0.0248209
4.21287574846 15.1896 0.0250204
4.21915893377 15.2956 0.0251884
4.22544211908 15.3549 0.0253792
4.23172530439 15.3942 0.0255423
4.23800848969 15.5005 0.0258025
4.244291675 15.5602 0.0259694
4.25057486031 15.6429 0.0261453
4.25685804561 15.6947 0.0263862
4.26314123092 15.7995 0.026619
4.26942441623 15.8711 0.0268283
4.27570760154 15.9004 0.0269979
4.28199078684 15.9976 0.0272432
4.28827397215 16.0182 0.0274154
4.29455715746 16.1352 0.0276633
4.30084034276 16.2038 0.027916
4.30712352807 16.2762 0.0281459
4.31340671338 16.3484 0.0283786
4.31968989869 16.4164 0.0286564
4.32597308399 16.4981 0.0288353
4.3322562693 16.5586 0.029116
4.33853945461 16.6176 0.0293572
4.34482263991 16.6739 0.0295617
4.35110582522 16.7524 0.0299056
4.35738901053 16.8712 0.0301493
4.36367219584 16.8998 0.0304047
4.36995538114 17.0009 0.0307015
4.37623856645 17.0817 0.0310378
4.38252175176 17.1486 0.0313225
4.38880493706 17.2189 0.0315369
4.39508812237 17.2321 0.0318551
4.40137130768 17.3797 0.032192
4.40765449299 17.364 0.0324239
4.41393767829 17.4992 0.0327953
4.4202208636 17.5861 0.0331309
4.42650404891 17.5999 0.0334776
4.43278723422 17.6971 0.0336939
4.43907041952 17.745 0.0341624
4.44535360483 17.8367 0.0344325
4.45163679014 17.829 0.0347637
4.45791997544 17.9365 0.0351354
4.46420316075 18.0537 0.0355671
4.47048634606 18.0191 0.0358866
4.47676953137 18.1604 0.0363047
4.48305271667 18.1452 0.0366062
4.48933590198 18.2315 0.0370577
4.49561908729 18.3597 0.0375868
4.50190227259 18.3412 0.0379308
4.5081854579 18.3651 0.0381889
4.51446864321 18.4028 0.0386951
4.52075182852 18.453 0.0391262
4.52703501382 18.4862 0.0395461
4.53331819913 18.4267 0.0398307
4.53960138444 18.4867 0.0403527
4.54588456974 18.5191 0.040855
4.55216775505 18.5255 0.0412453
4.55845094036 18.5189 0.0416223
4.56473412567 18.614 0.0422669
4.57101731097 18.605 0.0426008
4.57730049628 18.6936 0.0431057
4.58358368159 18.6967 0.0435426
4.58986686689 18.773 0.0440653
4.5961500522 18.8004 0.0445101
4.60243323751 18.8308 0.0449675
4.60871642282 18.9582 0.0455407
4.61499960812 18.9593 0.0460446
4.62128279343 19.0651 0.0465404
4.62756597874 19.0581 0.0469938
4.63384916404 19.085 0.0474561
4.64013234935 19.2052 0.0481477
4.64641553466 19.1907 0.0484658
4.65269871997 19.3354 0.0491489
4.65898190527 19.3504 0.0496773
4.66526509058 19.5058 0.0503959
4.67154827589 19.5163 0.0508095
4.6778314612 19.556 0.051335
4.6841146465 19.6686 0.0521162
4.69039783181 19.6908 0.0525466
4.69668101712 19.827 0.0532239
4.70296420242 19.8624 0.053927
4.70924738773 19.9197 0.0545114
4.71553057304 19.9828 0.0549868
4.72181375835 20.043 0.0556844
4.72809694365 20.2627 0.0566627
4.73438012896 20.2609 0.0571812
4.74066331427 20.3078 0.057678
4.74694649957 20.509 0.058772
4.75322968488 20.594 0.0594194
4.75951287019 20.6323 0.0600662
4.7657960555 20.7017 0.0607999
4.7720792408 20.8374 0.0615954
4.77836242611 20.862 0.0622982
4.78464561142 21.0038 0.0632147
4.79092879672 21.1459 0.0639439
4.79721198203 21.2109 0.0648833
4.80349516734 21.2845 0.0657675
4.80977835265 21.4168 0.0664973
4.81606153795 21.4638 0.0673062
4.82234472326 21.5233 0.0681455
4.82862790857 21.6189 0.0691444
4.83491109387 21.7932 0.0698983
4.84119427918 21.7518 0.0707565
4.84747746449 21.9853 0.0720994
4.8537606498 22.1697 0.0731557
4.8600438351 22.1763 0.0737995
4.86632702041 22.3711 0.0752681
4.87261020572 22.5401 0.0763542
4.87889339102 22.5907 0.077218
4.88517657633 22.7148 0.0783183
4.89145976164 22.8756 0.0797728
4.89774294695 22.9453 0.0807159
4.90402613225 22.9829 0.0815106
4.91030931756 23.2166 0.083126
4.91659250287 23.4265 0.0846244
4.92287568818 23.6299 0.0861186
4.92915887348 23.6162 0.0869122
4.93544205879 23.701 0.0879693
4.9417252441 23.861 0.0897689
4.9480084294 23.9475 0.0909391
4.95429161471 24.1069 0.0920912
4.96057480002 24.3295 0.0941278
4.96685798533 24.433 0.0957645
4.97314117063 24.638 0.0969005
4.97942435594 24.8818 0.0988065
4.98570754125 24.9753 0.100672
4.99199072655 25.1836 0.102628
4.99827391186 25.1264 0.102946
5.00455709717 25.4863 0.105752
5.01084028248 25.7808 0.108219
5.01712346778 25.8252 0.109831
5.02340665309 25.9031 0.110604
5.0296898384 26.1341 0.11333
5.0359730237 26.3304 0.115599
5.04225620901 26.5524 0.117546
5.04853939432 26.54 0.119119
5.05482257963 26.926 0.121949
5.06110576493 27.0328 0.124816
5.06738895024 27.2735 0.125931
5.07367213555 27.3495 0.128521
5.07995532085 27.5134 0.131354
5.08623850616 27.8074 0.13414
5.09252169147 28.212 0.136994
5.09880487678 28.4431 0.139894
5.10508806208 28.2644 0.141977
5.11137124739 28.9148 0.146368
5.1176544327 28.9639 0.147974
5.123937618 29.1896 0.151748
5.13022080331 29.5829 0.155939
5.13650398862 29.7685 0.158634
5.14278717393 30.0043 0.161522
5.14907035923 30.1099 0.165895
5.15535354454 30.4019 0.170624
5.16163672985 30.5708 0.171513
5.16791991516 30.6794 0.175619
5.17420310046 31.2692 0.182066
5.18048628577 31.6451 0.18757
5.18676947108 31.5609 0.188218
5.19305265638 31.6464 0.193152
5.19933584169 32.3105 0.200466
5.205619027 32.5383 0.204612
5.21190221231 33.0615 0.210187
5.21818539761 33.3129 0.216619
5.22446858292 33.6623 0.224316
5.23075176823 33.9008 0.226197
5.23703495353 34.207 0.232844
5.24331813884 34.4356 0.241573
5.24960132415 35.1275 0.251629
5.25588450946 35.2089 0.25146
5.26216769476 35.3909 0.259288
5.26845088007 35.4817 0.269689
5.27473406538 35.7783 0.276904
5.28101725068 36.2469 0.280921
5.28730043599 36.5236 0.292047
5.2935836213 37.6693 0.308722
5.29986680661 37.8797 0.316879
5.30614999191 37.9109 0.321494
5.31243317722 38.2848 0.334236
5.31871636253 38.8996 0.352069
5.32499954783 38.4417 0.349054
5.33128273314 39.0578 0.366173
5.33756591845 39.8084 0.387109
5.34384910376 40.1766 0.403969
5.35013228906 40.3915 0.399517
5.35641547437 40.9007 0.429099
5.36269865968 41.7073 0.456972
5.36898184498 42.2126 0.470113
5.37526503029 41.7812 0.46248
5.3815482156 42.2066 0.503518
5.38783140091 43.3214 0.549537
5.39411458621 43.5272 0.540242
5.40039777152 44.3826 0.559061
5.40668095683 44.9553 0.61501
5.41296414214 45.8401 0.688669
5.41924732744 45.4415 0.635457
5.42553051275 46.412 0.679901
5.43181369806 47.6642 0.770102
5.43809688336 47.416 0.865356
5.44438006867 47.3736 0.773092
5.45066325398 50.3377 0.878814
5.45694643929 48.9583 0.976639
5.46322962459 50.7802 1.13763
5.4695128099 50.234 1.01154
5.47579599521 51.7986 1.12514
5.48207918051 50.5862 1.33356
5.48836236582 53.2388 1.51346
5.49464555113 53.4266 1.4146
5.50092873644 56.0867 1.62756
5.50721192174 56.1288 2.40824
5.51349510705 57.3546 2.00567
5.51977829236 57.8661 2.24829
5.52606147766 59.0467 2.65353
5.53234466297 59.4512 4.29175
5.53862784828 59.2895 3.49813
5.54491103359 57.8901 4.32729
5.55119421889 55.663 5.66777
5.5574774042 63.2326 12.3044
5.56376058951 56.2983 12.0474
5.57004377481 89.5802 51.8651
