0.00942477796077 31466.0 8729.16
0.0157079632679 29565.9 5148.05
0.0219911485751 21379.1 2406.18
0.0282743338823 14905.6 1378.71
0.0345575191895 9983.6 697.805
0.0408407044967 6920.01 451.898
0.0471238898038 5291.51 275.853
0.053407075111 3970.72 191.179
0.0596902604182 3225.24 133.655
0.0659734457254 2592.04 99.7591
0.0722566310326 2139.87 75.3098
0.0785398163397 1617.66 51.7804
0.0848230016469 1283.52 37.5338
0.0911061869541 1000.63 28.2987
0.0973893722613 856.891 22.047
0.103672557568 690.919 17.1771
0.109955742876 587.355 13.425
0.116238928183 511.375 11.2655
0.12252211349 433.201 8.9705
0.128805298797 389.387 7.73077
0.135088484104 331.039 6.31068
0.141371669412 283.247 5.16392
0.147654854719 248.7 4.32542
0.153938040026 222.188 3.78291
0.160221225333 197.695 3.17874
0.16650441064 171.765 2.70886
0.172787595947 154.992 2.33134
0.179070781255 136.775 2.0543
0.185353966562 123.482 1.75263
0.191637151869 112.543 1.59229
0.197920337176 102.003 1.36978
0.204203522483 93.1215 1.24239
0.210486707791 86.5865 1.11405
0.216769893098 78.2717 0.993351
0.223053078405 72.037 0.892668
0.229336263712 66.8052 0.812474
0.235619449019 62.781 0.749737
0.241902634326 57.8153 0.676303
0.248185819634 53.3741 0.613141
0.254469004941 50.5929 0.57497
0.260752190248 46.8281 0.519967
0.267035375555 44.5341 0.489009
0.273318560862 42.226 0.453011
0.279601746169 39.7501 0.423482
0.285884931477 37.3305 0.392439
0.292168116784 35.4157 0.370239
0.298451302091 33.507 0.343141
0.304734487398 32.2741 0.327499
0.311017672705 30.4891 0.304847
0.317300858013 29.3287 0.29156
0.32358404332 28.2481 0.274776
0.329867228627 26.6231 0.259863
0.336150413934 25.7544 0.246423
0.342433599241 24.9122 0.238978
0.348716784548 23.9122 0.224175
0.354999969856 23.1377 0.216611
0.361283155163 22.2287 0.20664
0.36756634047 21.5802 0.197278
0.373849525777 20.7092 0.189368
0.380132711084 20.205 0.181626
0.386415896392 19.5333 0.175401
0.392699081699 19.4273 0.172121
0.398982267006 18.5315 0.161918
0.405265452313 17.7165 0.157065
0.41154863762 17.6452 0.151584
0.417831822927 17.0372 0.147923
0.424115008235 16.6633 0.142298
0.430398193542 16.3193 0.138172
0.436681378849 15.9576 0.134474
0.442964564156 15.6183 0.130809
0.449247749463 15.4922 0.128208
0.455530934771 15.0052 0.123658
0.461814120078 14.6834 0.119254
0.468097305385 14.6154 0.118715
0.474380490692 14.2304 0.114093
0.480663675999 14.0451 0.11245
0.486946861306 13.7232 0.109026
0.493230046614 13.5194 0.106708
0.499513231921 13.3685 0.104539
0.505796417228 13.0881 0.102001
0.512079602535 12.9798 0.0999105
0.518362787842 12.7877 0.0974563
0.524645973149 12.5247 0.0955756
0.530929158457 12.3379 0.0936709
0.537212343764 12.3062 0.09189
0.543495529071 12.0341 0.0899634
0.549778714378 11.9201 0.0881971
0.556061899685 11.8251 0.0874517
0.562345084993 11.7234 0.0849065
0.5686282703 11.5095 0.0836316
0.574911455607 11.4587 0.0825354
0.581194640914 11.2871 0.0807938
0.587477826221 11.2224 0.0796849
0.593761011528 11.0071 0.0780138
0.600044196836 10.9839 0.0769339
0.606327382143 10.9467 0.0763214
0.61261056745 10.727 0.0741893
0.618893752757 10.7426 0.0736929
0.625176938064 10.5014 0.0719608
0.631460123372 10.4742 0.0712847
0.637743308679 10.4721 0.0702267
0.644026493986 10.3649 0.0695013
0.650309679293 10.3454 0.0684657
0.6565928646 10.2315 0.0675574
0.662876049907 10.1014 0.0663674
0.669159235215 10.1384 0.0659652
0.675442420522 10.0225 0.0646613
0.681725605829 9.94614 0.0642488
0.688008791136 9.82632 0.0627529
0.694291976443 9.82133 0.0626431
0.700575161751 9.80828 0.0615005
0.706858347058 9.77904 0.0611876
0.713141532365 9.62509 0.0599501
0.719424717672 9.57108 0.059283
0.725707902979 9.59332 0.0588249
0.731991088286 9.5123 0.0581401
0.738274273594 9.50259 0.0575001
0.744557458901 9.45072 0.0570427
0.750840644208 9.36078 0.0561556
0.757123829515 9.34335 0.0555673
0.763407014822 9.26404 0.0548551
0.769690200129 9.21864 0.0543439
0.775973385437 9.25635 0.0538281
0.782256570744 9.15187 0.053239
0.788539756051 9.12912 0.0525609
0.794822941358 9.05027 0.0523684
0.801106126665 9.04658 0.0515192
0.807389311973 9.0319 0.051239
0.81367249728 8.97471 0.0505092
0.819955682587 8.87349 0.0499347
0.826238867894 8.88143 0.0495371
0.832522053201 8.93403 0.0492724
0.838805238508 8.87131 0.0486506
0.845088423816 8.81026 0.0484604
0.851371609123 8.80778 0.0478243
0.85765479443 8.77156 0.0473686
0.863937979737 8.78627 0.0471514
0.870221165044 8.69549 0.0464888
0.876504350352 8.65926 0.0461346
0.882787535659 8.62428 0.0455686
0.889070720966 8.66621 0.0454912
0.895353906273 8.65312 0.0451247
0.90163709158 8.56843 0.0444467
0.907920276887 8.54534 0.0442456
0.914203462195 8.53902 0.0436932
0.920486647502 8.50782 0.0435646
0.926769832809 8.52346 0.0431377
0.933053018116 8.46595 0.0427751
0.939336203423 8.46397 0.0423918
0.945619388731 8.45852 0.0423128
0.951902574038 8.38567 0.0416771
0.958185759345 8.40932 0.0415715
0.964468944652 8.40119 0.0410471
0.970752129959 8.36581 0.0408867
0.977035315266 8.31665 0.0404654
0.983318500574 8.289 0.0401796
0.989601685881 8.32889 0.0399657
0.995884871188 8.29764 0.0396038
1.0021680565 8.27123 0.0393241
1.0084512418 8.27015 0.0391583
1.01473442711 8.24247 0.0386715
1.02101761242 8.20971 0.0384301
1.02730079772 8.2327 0.0382972
1.03358398303 8.17492 0.0378675
1.03986716834 8.16751 0.0376305
1.04615035365 8.16298 0.037468
1.05243353895 8.15556 0.0371344
1.05871672426 8.13832 0.0369945
1.06499990957 8.15828 0.0366598
1.07128309487 8.12123 0.0364462
1.07756628018 8.12436 0.0362117
1.08384946549 8.10872 0.0360021
1.0901326508 8.11347 0.0357938
1.0964158361 8.06717 0.0354613
1.10269902141 8.09929 0.0353183
1.10898220672 8.07817 0.0351494
1.11526539202 8.03647 0.0348646
1.12154857733 8.01802 0.0345687
1.12783176264 7.99779 0.0342843
1.13411494795 8.0236 0.0341875
1.14039813325 7.98184 0.0339835
1.14668131856 7.97552 0.0337003
1.15296450387 7.95039 0.0334059
1.15924768917 7.97537 0.0334081
1.16553087448 7.96657 0.0331282
1.17181405979 7.96321 0.0329981
1.1780972451 7.91727 0.0326054
1.1843804304 7.95121 0.0327149
1.19066361571 7.9121 0.0323033
1.19694680102 7.8965 0.032213
1.20322998632 7.90647 0.03189
1.20951317163 7.89559 0.0318956
1.21579635694 7.89024 0.0315758
1.22207954225 7.87959 0.0314747
1.22836272755 7.904 0.0312822
1.23464591286 7.88191 0.0311183
1.24092909817 7.86214 0.0310152
1.24721228348 7.83007 0.0306853
1.25349546878 7.83132 0.0305471
1.25977865409 7.83143 0.03042
1.2660618394 7.85082 0.0302748
1.2723450247 7.82162 0.0301203
1.27862821001 7.82709 0.029891
1.28491139532 7.81005 0.0298331
1.29119458063 7.82671 0.029572
1.29747776593 7.80656 0.0295242
1.30376095124 7.79404 0.029307
1.31004413655 7.80285 0.0292126
1.31632732185 7.78642 0.0289924
1.32261050716 7.81385 0.0289419
1.32889369247 7.79061 0.0287611
1.33517687778 7.75562 0.0285526
1.34146006308 7.77668 0.0283873
1.34774324839 7.76758 0.0283461
1.3540264337 7.78329 0.0282148
1.360309619 7.74338 0.0279887
1.36659280431 7.74915 0.0278992
1.37287598962 7.75038 0.0277189
1.37915917493 7.73663 0.0276396
1.38544236023 7.72742 0.0274625
1.39172554554 7.74272 0.0273392
1.39800873085 7.72551 0.0272289
1.40429191615 7.70479 0.0270251
1.41057510146 7.75023 0.0270362
1.41685828677 7.732 0.0268277
1.42314147208 7.72941 0.0267883
1.42942465738 7.70613 0.0265409
1.43570784269 7.70903 0.0264809
1.441991028 7.7129 0.0263237
1.4482742133 7.69898 0.0262728
1.45455739861 7.70412 0.0260919
1.46084058392 7.70995 0.026017
1.46712376923 7.68362 0.0258296
1.47340695453 7.71194 0.0258235
1.47969013984 7.6808 0.0256242
1.48597332515 7.70471 0.0255711
1.49225651046 7.70973 0.0254782
1.49853969576 7.67529 0.0253469
1.50482288107 7.69511 0.0251845
1.51110606638 7.68484 0.025125
1.51738925168 7.67102 0.0249577
1.52367243699 7.66835 0.0248742
1.5299556223 7.67921 0.0247645
1.53623880761 7.65599 0.0246378
1.54252199291 7.64068 0.0245445
1.54880517822 7.65472 0.0244681
1.55508836353 7.65476 0.0242988
1.56137154883 7.67292 0.0243296
1.56765473414 7.66395 0.0241619
1.57393791945 7.66516 0.0240721
1.58022110476 7.64607 0.0239275
1.58650429006 7.67225 0.0239137
1.59278747537 7.64938 0.0237828
1.59907066068 7.63728 0.0236143
1.60535384598 7.67336 0.0236106
1.61163703129 7.6532 0.0235112
1.6179202166 7.64561 0.0233891
1.62420340191 7.64473 0.0232942
1.63048658721 7.64952 0.0232173
1.63676977252 7.63965 0.0231082
1.64305295783 7.65953 0.0230515
1.64933614313 7.65567 0.0229843
1.65561932844 7.64723 0.0228255
1.66190251375 7.62612 0.0227625
1.66818569906 7.62352 0.0226084
1.67446888436 7.64677 0.0226474
1.68075206967 7.6235 0.0224778
1.68703525498 7.62661 0.0223733
1.69331844028 7.6582 0.022352
1.69960162559 7.65824 0.0223366
1.7058848109 7.63463 0.0221169
1.71216799621 7.65157 0.0221344
1.71845118151 7.62789 0.0219654
1.72473436682 7.63464 0.0219545
1.73101755213 7.6223 0.0218255
1.73730073744 7.63168 0.021734
1.74358392274 7.62618 0.0217153
1.74986710805 7.63239 0.0215985
1.75615029336 7.64451 0.0215381
1.76243347866 7.63301 0.0214586
1.76871666397 7.64257 0.0213811
1.77499984928 7.63483 0.0213183
1.78128303459 7.62878 0.0211909
1.78756621989 7.63531 0.0211856
1.7938494052 7.63221 0.0210366
1.80013259051 7.62946 0.0210433
1.80641577581 7.63454 0.0209092
1.81269896112 7.63935 0.0208953
1.81898214643 7.62568 0.0207541
1.82526533174 7.63446 0.0207195
1.83154851704 7.64848 0.020664
1.83783170235 7.62891 0.0205679
1.84411488766 7.63716 0.0204842
1.85039807296 7.6302 0.0204488
1.85668125827 7.6342 0.020354
1.86296444358 7.64737 0.0203333
1.86924762889 7.65531 0.0202411
1.87553081419 7.64182 0.0201674
1.8818139995 7.64919 0.0201216
1.88809718481 7.64339 0.0200469
1.89438037011 7.6518 0.0200004
1.90066355542 7.63794 0.0198635
1.90694674073 7.65036 0.0198626
1.91322992604 7.64437 0.0197955
1.91951311134 7.63031 0.0196707
1.92579629665 7.64173 0.0196622
1.93207948196 7.65831 0.0195686
1.93836266726 7.65838 0.0195888
1.94464585257 7.6498 0.0194396
1.95092903788 7.63864 0.0193935
1.95721222319 7.65301 0.0193264
1.96349540849 7.65143 0.019287
1.9697785938 7.66333 0.0192369
1.97606177911 7.67114 0.0191617
1.98234496442 7.66265 0.0191114
1.98862814972 7.67716 0.0190793
1.99491133503 7.67357 0.0190029
2.00119452034 7.67063 0.0189458
2.00747770564 7.70229 0.0189203
2.01376089095 7.65737 0.0188243
2.02004407626 7.68484 0.0187737
2.02632726157 7.69269 0.0187122
2.03261044687 7.70349 0.0186874
2.03889363218 7.68266 0.0186328
2.04517681749 7.6738 0.0185208
2.05146000279 7.69845 0.0185056
2.0577431881 7.68736 0.0184354
2.06402637341 7.67923 0.0183787
2.07030955872 7.69576 0.0183254
2.07659274402 7.68928 0.0182716
2.08287592933 7.70597 0.0182636
2.08915911464 7.70058 0.0181946
2.09544229994 7.70456 0.0180989
2.10172548525 7.71066 0.018111
2.10800867056 7.71731 0.0180206
2.11429185587 7.72984 0.0180027
2.12057504117 7.71585 0.017932
2.12685822648 7.7255 0.0178808
2.13314141179 7.72834 0.0178326
2.13942459709 7.71958 0.0177636
2.1457077824 7.73728 0.0177432
2.15199096771 7.73907 0.0177147
2.15827415302 7.73903 0.0176091
2.16455733832 7.74861 0.0176262
2.17084052363 7.74134 0.0175143
2.17712370894 7.75071 0.0175257
2.18340689424 7.7465 0.0174541
2.18969007955 7.73825 0.0173777
2.19597326486 7.75745 0.0173528
2.20225645017 7.76035 0.0173227
2.20853963547 7.76557 0.0172715
2.21482282078 7.77941 0.0172369
2.22110600609 7.75569 0.0171462
2.2273891914 7.76869 0.0171506
2.2336723767 7.78332 0.0170702
2.23995556201 7.77431 0.0170535
2.24623874732 7.78266 0.0169913
2.25252193262 7.79388 0.0169726
2.25880511793 7.79148 0.0169251
2.26508830324 7.81929 0.0168811
2.27137148855 7.80745 0.0168585
2.27765467385 7.82026 0.016788
2.28393785916 7.80759 0.0167478
2.29022104447 7.82506 0.0167279
2.29650422977 7.84005 0.0166648
2.30278741508 7.83779 0.0166745
2.30907060039 7.83117 0.0165661
2.3153537857 7.83842 0.0165644
2.321636971 7.84684 0.0164919
2.32792015631 7.84877 0.0164909
2.33420334162 7.86086 0.0164524
2.34048652692 7.87877 0.0164097
2.34676971223 7.86635 0.0163536
2.35305289754 7.88812 0.0163363
2.35933608285 7.87611 0.0162847
2.36561926815 7.87907 0.0162657
2.37190245346 7.88964 0.0161877
2.37818563877 7.89068 0.0161845
2.38446882407 7.90887 0.0161376
2.39075200938 7.91263 0.0161173
2.39703519469 7.91329 0.0160751
2.40331838 7.93242 0.0160378
2.4096015653 7.92421 0.0159845
2.41588475061 7.94929 0.0159793
2.42216793592 7.95549 0.0159277
2.42845112122 7.96057 0.0159334
2.43473430653 7.94434 0.0158362
2.44101749184 7.95805 0.0158337
2.44730067715 7.98022 0.0157841
2.45358386245 7.9726 0.0157781
2.45986704776 7.97489 0.0157058
2.46615023307 7.99298 0.015699
2.47243341838 8.00284 0.0156705
2.47871660368 8.02273 0.0156581
2.48499978899 8.00569 0.0155826
2.4912829743 8.02958 0.0155716
2.4975661596 8.03252 0.0155524
2.50384934491 8.04069 0.0154985
2.51013253022 8.0513 0.0154785
2.51641571553 8.06571 0.0154621
2.52269890083 8.06523 0.0153993
2.52898208614 8.06733 0.0153978
2.53526527145 8.09842 0.0153635
2.54154845675 8.08844 0.0153293
2.54783164206 8.09512 0.0152867
2.55411482737 8.12384 0.0153041
2.56039801268 8.12331 0.0152467
2.56668119798 8.12971 0.0151968
2.57296438329 8.13914 0.015196
2.5792475686 8.15599 0.0151709
2.5855307539 8.17054 0.0151324
2.59181393921 8.17719 0.015123
2.59809712452 8.19354 0.0150939
2.60438030983 8.18907 0.0150675
2.61066349513 8.19565 0.0150027
2.61694668044 8.21602 0.0150202
2.62322986575 8.22107 0.0149836
2.62951305105 8.22294 0.0149263
2.63579623636 8.24893 0.0149376
2.64207942167 8.25491 0.0148958
2.64836260698 8.26632 0.0148775
2.65464579228 8.28426 0.0148483
2.66092897759 8.29182 0.0148277
2.6672121629 8.308 0.014822
2.6734953482 8.31274 0.0147594
2.67977853351 8.32646 0.0147635
2.68606171882 8.32969 0.0147198
2.69234490413 8.36117 0.0147304
2.69862808943 8.3553 0.0146831
2.70491127474 8.37621 0.0146766
2.71119446005 8.39519 0.0146495
2.71747764536 8.40046 0.0146195
2.72376083066 8.41804 0.0145974
2.73004401597 8.42054 0.0145586
2.73632720128 8.44632 0.0145831
2.74261038658 8.451 0.0145357
2.74889357189 8.47908 0.0145119
2.7551767572 8.48937 0.0145145
2.76145994251 8.49676 0.0144641
2.76774312781 8.50614 0.0144568
2.77402631312 8.51589 0.0144229
2.78030949843 8.54302 0.0144235
2.78659268373 8.56356 0.01441
2.79287586904 8.57158 0.0143843
2.79915905435 8.59646 0.0143572
2.80544223966 8.60762 0.0143558
2.81172542496 8.62195 0.0143144
2.81800861027 8.64401 0.0143517
2.82429179558 8.64847 0.0142629
2.83057498088 8.67557 0.0142789
2.83685816619 8.70004 0.0142691
2.8431413515 8.70184 0.0142437
2.84942453681 8.71721 0.0142214
2.85570772211 8.73823 0.0142091
2.86199090742 8.74855 0.0141912
2.86827409273 8.77271 0.0141765
2.87455727803 8.80383 0.0141691
2.88084046334 8.81205 0.0141555
2.88712364865 8.82954 0.0141292
2.89340683396 8.8548 0.0141372
2.89969001926 8.87205 0.0141087
2.90597320457 8.89487 0.0141053
2.91225638988 8.91039 0.014069
2.91853957518 8.94344 0.0140881
2.92482276049 8.94601 0.0140465
2.9311059458 8.96411 0.0140339
2.93738913111 8.99471 0.0140395
2.94367231641 9.00909 0.014014
2.94995550172 9.04399 0.0140095
2.95623868703 9.07838 0.0140272
2.96252187234 9.08391 0.0139779
2.96880505764 9.1164 0.013993
2.97508824295 9.14712 0.0139858
2.98137142826 9.14304 0.0139504
2.98765461356 9.17599 0.0139441
2.99393779887 9.20261 0.0139481
3.00022098418 9.23152 0.0139461
3.00650416949 9.24567 0.0139207
3.01278735479 9.27317 0.0139109
3.0190705401 9.31913 0.0139286
3.02535372541 9.32265 0.0138868
3.03163691071 9.36236 0.0139084
3.03792009602 9.38701 0.0138796
3.04420328133 9.41493 0.0138932
3.05048646664 9.43765 0.013879
3.05676965194 9.48034 0.0138895
3.06305283725 9.51066 0.0138715
3.06933602256 9.5254 0.0138696
3.07561920786 9.55041 0.0138427
3.08190239317 9.58406 0.0138689
3.08818557848 9.5962 0.0138271
3.09446876379 9.65088 0.0138614
3.10075194909 9.66774 0.0138243
3.1070351344 9.70926 0.0138566
3.11331831971 9.73994 0.0138323
3.11960150501 9.77349 0.0138512
3.12588469032 9.80496 0.0138261
3.13216787563 9.83829 0.0138424
3.13845106094 9.86622 0.0138322
3.14473424624 9.89448 0.0138198
3.15101743155 9.93202 0.0138404
3.15730061686 9.97341 0.0138295
3.16358380216 10.0117 0.0138328
3.16986698747 10.0644 0.0138577
3.17615017278 10.0886 0.013827
3.18243335809 10.1313 0.0138633
3.18871654339 10.1492 0.0138231
3.1949997287 10.1941 0.0138449
3.20128291401 10.2237 0.0138357
3.20756609932 10.2712 0.0138649
3.21384928462 10.2984 0.0138295
3.22013246993 10.3319 0.0138657
3.22641565524 10.3435 0.0138807
3.23269884054 10.3602 0.0139219
3.23898202585 10.3816 0.0139353
3.24526521116 10.4049 0.0139804
3.25154839647 10.39 0.0139781
3.25783158177 10.4026 0.0140029
3.26411476708 10.4286 0.0140335
3.27039795239 10.4285 0.014059
3.27668113769 10.429 0.0140573
3.282964323 10.4465 0.0140991
3.28924750831 10.4785 0.0141377
3.29553069362 10.4832 0.014157
3.30181387892 10.4984 0.0141753
3.30809706423 10.4982 0.0142117
3.31438024954 10.5358 0.0142392
3.32066343484 10.5523 0.0142796
3.32694662015 10.5461 0.0142886
3.33322980546 10.5498 0.0142976
3.33951299077 10.575 0.0143404
3.34579617607 10.5845 0.0143682
3.35207936138 10.6068 0.0143999
3.35836254669 10.6218 0.0144374
3.36464573199 10.6312 0.0144595
3.3709289173 10.6444 0.0144749
3.37721210261 10.6789 0.0145406
3.38349528792 10.6835 0.0145386
3.38977847322 10.715 0.0145961
3.39606165853 10.7178 0.014622
3.40234484384 10.716 0.0146323
3.40862802914 10.7511 0.0146912
3.41491121445 10.7643 0.0146899
3.42119439976 10.7787 0.0147597
3.42747758507 10.7969 0.0147642
3.43376077037 10.8261 0.0148181
3.44004395568 10.8189 0.0148336
3.44632714099 10.8511 0.0148827
3.4526103263 10.8803 0.0149118
3.4588935116 10.8828 0.01496
3.46517669691 10.9107 0.0149802
3.47145988222 10.9085 0.0150135
3.47774306752 10.9387 0.0150463
3.48402625283 10.9698 0.0151065
3.49030943814 10.9685 0.0151338
3.49659262345 10.997 0.0151501
3.50287580875 11.0121 0.0152179
3.50915899406 11.0226 0.0152356
3.51544217937 11.0586 0.0152859
3.52172536467 11.0883 0.015337
3.52800854998 11.0838 0.0153563
3.53429173529 11.1062 0.015397
3.5405749206 11.1311 0.0154288
3.5468581059 11.1279 0.0154803
3.55314129121 11.1597 0.0154862
3.55942447652 11.1892 0.0155791
3.56570766182 11.2133 0.0156057
3.57199084713 11.2234 0.0156453
3.57827403244 11.2428 0.0156761
3.58455721775 11.2671 0.0157369
3.59084040305 11.2808 0.0157748
3.59712358836 11.3098 0.0158186
3.60340677367 11.333 0.0158584
3.60968995897 11.3532 0.015925
3.61597314428 11.3827 0.0159462
3.62225632959 11.407 0.0160209
3.6285395149 11.4113 0.016041
3.6348227002 11.4501 0.0161002
3.64110588551 11.4774 0.0161421
3.64738907082 11.5106 0.0162102
3.65367225612 11.5053 0.0162508
3.65995544143 11.5385 0.0162892
3.66623862674 11.567 0.0163433
3.67252181205 11.6018 0.0164225
3.67880499735 11.6231 0.0164545
3.68508818266 11.653 0.0165219
3.69137136797 11.6766 0.0165703
3.69765455328 11.7072 0.0166261
3.70393773858 11.7255 0.0166788
3.71022092389 11.7561 0.0167318
3.7165041092 11.7714 0.016781
3.7227872945 11.8126 0.0168552
3.72907047981 11.8455 0.016913
3.73535366512 11.8593 0.0169668
3.74163685043 11.9014 0.0170311
3.74792003573 11.9288 0.0170942
3.75420322104 11.9298 0.0171153
3.76048640635 11.9825 0.0172175
3.76676959165 12.0046 0.0172745
3.77305277696 12.0278 0.0173371
3.77933596227 12.0769 0.0173764
3.78561914758 12.0845 0.0174713
3.79190233288 12.1172 0.0175074
3.79818551819 12.1502 0.0175914
3.8044687035 12.1778 0.0176497
3.8107518888 12.2308 0.0177506
3.81703507411 12.2548 0.0177985
3.82331825942 12.2833 0.0178635
3.82960144473 12.3166 0.0179374
3.83588463003 12.3516 0.0180257
3.84216781534 12.3935 0.0180794
3.84845100065 12.432 0.0181843
3.85473418595 12.4528 0.0182331
3.86101737126 12.4974 0.0183282
3.86730055657 12.5271 0.0184011
3.87358374188 12.5631 0.0184651
3.87986692718 12.6131 0.0185754
3.88615011249 12.6211 0.0186024
3.8924332978 12.6493 0.0187091
3.8987164831 12.7088 0.0187861
3.90499966841 12.741 0.0188693
3.91128285372 12.7568 0.0189632
3.91756603903 12.8219 0.0190394
3.92384922433 12.8689 0.0191525
3.93013240964 12.919 0.0192386
3.93641559495 12.9665 0.0193653
3.94269878026 12.9834 0.0193918
3.94898196556 13.0317 0.0195061
3.95526515087 13.0763 0.0196152
3.96154833618 13.1109 0.0197108
3.96783152148 13.1448 0.0197751
3.97411470679 13.1972 0.0199089
3.9803978921 13.2372 0.0199869
3.98668107741 13.2708 0.0201027
3.99296426271 13.3433 0.0201901
3.99924744802 13.3867 0.0203334
4.00553063333 13.423 0.0204103
4.01181381863 13.4454 0.0204998
4.01809700394 13.4941 0.0206088
4.02438018925 13.5736 0.0207575
4.03066337456 13.6112 0.0208675
4.03694655986 13.6559 0.0209544
4.04322974517 13.6985 0.0210671
4.04951293048 13.7529 0.0212105
4.05579611578 13.8091 0.0213261
4.06207930109 13.8592 0.0214681
4.0683624864 13.8991 0.0215284
4.07464567171 13.9774 0.0217432
4.08092885701 14.0061 0.0218045
4.08721204232 14.0706 0.0219417
4.09349522763 14.1165 0.0220987
4.09977841293 14.1713 0.0222174
4.10606159824 14.1999 0.0223207
4.11234478355 14.2756 0.0224919
4.11862796886 14.3563 0.0226362
4.12491115416 14.356 0.0227702
4.13119433947 14.4354 0.0228909
4.13747752478 14.4836 0.0230479
4.14376071008 14.5561 0.0231988
4.15004389539 14.6201 0.0233654
4.1563270807 14.6755 0.0235211
4.16261026601 14.7416 0.0236693
4.16889345131 14.8009 0.023844
4.17517663662 14.864 0.0240033
4.18145982193 14.898 0.0241262
4.18774300724 14.9693 0.0243061
4.19402619254 15.0302 0.0245045
4.20030937785 15.0906 0.0246684
4.20659256316 15.1432 0.0247892
4.21287574846 15.2232 0.0250576
4.21915893377 15.3048 0.0251987
4.22544211908 15.325 0.025346
4.23172530439 15.4403 0.0255938
4.23800848969 15.4725 0.025771
4.244291675 15.5674 0.0259775
4.25057486031 15.6548 0.0261589
4.25685804561 15.6537 0.0263394
4.26314123092 15.7482 0.0265602
4.26942441623 15.8414 0.0267942
4.27570760154 15.9385 0.027042
4.28199078684 15.9392 0.0271753
4.28827397215 16.0431 0.0274444
4.29455715746 16.0778 0.0275959
4.30084034276 16.1881 0.0278975
4.30712352807 16.2438 0.0281075
4.31340671338 16.3334 0.0283607
4.31968989869 16.4237 0.0286651
4.32597308399 16.4769 0.0288097
4.3322562693 16.558 0.0291153
4.33853945461 16.6362 0.02938
4.34482263991 16.6785 0.0295673
4.35110582522 16.755 0.0299088
4.35738901053 16.8302 0.0300985
4.36367219584 16.877 0.0303764
4.36995538114 17.0481 0.0307608
4.37623856645 17.0923 0.0310511
4.38252175176 17.103 0.0312645
4.38880493706 17.2376 0.0315609
4.39508812237 17.2286 0.0318506
4.40137130768 17.3363 0.0321358
4.40765449299 17.4204 0.0324975
4.41393767829 17.43 0.0327043
4.4202208636 17.5567 0.0330921
4.42650404891 17.6267 0.0335134
4.43278723422 17.7117 0.0337134
4.43907041952 17.7445 0.0341618
4.44535360483 17.8695 0.0344772
4.45163679014 17.8794 0.034833
4.45791997544 17.924 0.0351181
4.46420316075 18.031 0.0355354
4.47048634606 18.0517 0.0359326
4.47676953137 18.1688 0.0363167
4.48305271667 18.1606 0.0366282
4.48933590198 18.2343 0.0370618
4.49561908729 18.2855 0.0374786
4.50190227259 18.2758 0.0378345
4.5081854579 18.4016 0.0382429
4.51446864321 18.4054 0.0386989
4.52075182852 18.4463 0.0391162
4.52703501382 18.4943 0.0395585
4.53331819913 18.4406 0.039852
4.53960138444 18.516 0.0403983
4.54588456974 18.5324 0.0408759
4.55216775505 18.5157 0.0412297
4.55845094036 18.4883 0.0415734
4.56473412567 18.5482 0.0421603
4.57101731097 18.6751 0.0427155
4.57730049628 18.6666 0.0430612
4.58358368159 18.6849 0.0435231
4.58986686689 18.7487 0.0440244
4.5961500522 18.8359 0.0445703
4.60243323751 18.8654 0.0450265
4.60871642282 18.8934 0.045429
4.61499960812 18.9487 0.0460261
4.62128279343 19.0453 0.0465057
4.62756597874 19.0602 0.0469975
4.63384916404 19.1262 0.0475298
4.64013234935 19.1692 0.0480827
4.64641553466 19.196 0.0484756
4.65269871997 19.2497 0.0489916
4.65898190527 19.3872 0.0497455
4.66526509058 19.3968 0.0501922
4.67154827589 19.4657 0.0507143
4.6778314612 19.5963 0.0514116
4.6841146465 19.7401 0.0522536
4.69039783181 19.6983 0.0525611
4.69668101712 19.8252 0.0532204
4.70296420242 19.8819 0.0539656
4.70924738773 20.0005 0.0546725
4.71553057304 20.0018 0.0550249
4.72181375835 20.0818 0.055763
4.72809694365 20.1901 0.0565143
4.73438012896 20.2982 0.0572583
4.74066331427 20.3394 0.0577437
4.74694649957 20.383 0.0585072
4.75322968488 20.498 0.0592159
4.75951287019 20.5128 0.0598107
4.7657960555 20.6479 0.0606836
4.7720792408 20.8382 0.0615971
4.77836242611 20.9084 0.0624002
4.78464561142 21.0131 0.0632353
4.79092879672 21.0454 0.0637192
4.79721198203 21.2071 0.0648747
4.80349516734 21.3155 0.0658384
4.80977835265 21.3546 0.0663538
4.81606153795 21.464 0.0673068
4.82234472326 21.6144 0.0683598
4.82862790857 21.6227 0.0691533
4.83491109387 21.681 0.06963
4.84119427918 21.9025 0.0711216
4.84747746449 22.0537 0.0722669
4.8537606498 22.115 0.0730205
4.8600438351 22.2629 0.0740151
4.86632702041 22.3411 0.0751925
4.87261020572 22.5337 0.0763379
4.87889339102 22.6063 0.0772581
4.88517657633 22.6814 0.0782316
4.89145976164 22.8078 0.0795945
4.89774294695 22.9459 0.0807177
4.90402613225 23.0434 0.0816728
4.91030931756 23.3337 0.0834434
4.91659250287 23.3266 0.0843506
4.92287568818 23.4158 0.0855254
4.92915887348 23.5789 0.0868076
4.93544205879 23.8183 0.0883005
4.9417252441 23.8509 0.08974
4.9480084294 24.0068 0.0911108
4.95429161471 24.1826 0.0923122
4.96057480002 24.4622 0.0945208
4.96685798533 24.4561 0.0958339
4.97314117063 24.4765 0.0964127
4.97942435594 24.7444 0.0983866
4.98570754125 24.908 0.100463
4.99199072655 25.1255 0.102445
4.99827391186 25.2266 0.103263
5.00455709717 25.4968 0.105786
5.01084028248 25.6607 0.107828
5.01712346778 25.7688 0.109645
5.02340665309 25.9868 0.110881
5.0296898384 26.1051 0.113232
5.0359730237 26.3283 0.115592
5.04225620901 26.63 0.117815
5.04853939432 26.8382 0.120164
5.05482257963 27.0192 0.122279
5.06110576493 27.1334 0.12518
5.06738895024 27.1128 0.125348
5.07367213555 27.4259 0.128804
5.07995532085 27.6223 0.131764
5.08623850616 27.9173 0.134558
5.09252169147 28.1646 0.136812
5.09880487678 28.2762 0.139243
5.10508806208 28.4271 0.142624
5.11137124739 28.7157 0.145567
5.1176544327 28.916 0.147779
5.123937618 29.2288 0.15191
5.13022080331 29.4329 0.155307
5.13650398862 29.5048 0.157509
5.14278717393 30.0003 0.161504
5.14907035923 30.2171 0.166368
5.15535354454 30.3041 0.170184
5.16163672985 30.4912 0.171154
5.16791991516 30.8059 0.176202
5.17420310046 31.4058 0.182708
5.18048628577 31.3958 0.186374
5.18676947108 31.5908 0.188362
5.19305265638 32.0727 0.195258
5.19933584169 32.387 0.200852
5.205619027 32.3374 0.203584
5.21190221231 32.5663 0.207617
5.21818539761 33.282 0.216455
5.22446858292 33.336 0.222536
5.23075176823 33.7362 0.225297
5.23703495353 33.8718 0.23097
5.24331813884 34.3675 0.24118
5.24960132415 34.5859 0.248428
5.25588450946 34.8565 0.249384
5.26216769476 35.8565 0.262106
5.26845088007 35.5093 0.269863
5.27473406538 35.854 0.277388
5.28101725068 36.492 0.282497
5.28730043599 36.6495 0.292883
5.2935836213 37.1786 0.305365
5.29986680661 37.4614 0.313954
5.30614999191 38.3823 0.324835
5.31243317722 37.901 0.331431
5.31871636253 38.2486 0.347123
5.32499954783 38.5335 0.349752
5.33128273314 38.8951 0.364892
5.33756591845 39.6362 0.385698
5.34384910376 40.457 0.406347
5.35013228906 40.2278 0.39815
5.35641547437 41.5404 0.434776
5.36269865968 41.9119 0.458873
5.36898184498 42.1873 0.469874
5.37526503029 42.003 0.464563
5.3815482156 42.0483 0.501912
5.38783140091 43.1531 0.547716
5.39411458621 44.0238 0.545505
5.40039777152 44.7131 0.562626
5.40668095683 45.3982 0.620207
5.41296414214 46.3028 0.694648
5.41924732744 45.6971 0.638529
5.42553051275 46.1628 0.676755
5.43181369806 46.1023 0.748278
5.43809688336 48.0287 0.87502
5.44438006867 48.4919 0.788862
5.45066325398 48.9255 0.857338
5.45694643929 49.2627 0.98191
5.46322962459 49.3905 1.11048
5.4695128099 50.1531 1.01013
5.47579599521 50.1063 1.093
5.48207918051 51.431 1.35297
5.48836236582 52.4373 1.49347
5.49464555113 52.0881 1.3835
5.50092873644 53.4173 1.55918
5.50721192174 54.5335 2.34781
5.51349510705 56.147 1.9683
5.51977829236 55.7924 2.17691
5.52606147766 59.6815 2.67886
5.53234466297 52.3687 3.83741
5.53862784828 58.7516 3.46994
5.54491103359 49.9934 3.80432
5.55119421889 63.154 6.34048
5.5574774042 50.3586 10.0633
5.56376058951 57.7177 12.3157
5.57004377481 67.5104 40.0683
